Training performance
Precision:	[0.69529652 0.71492873]
Recall:	[0.72857143 0.68071429]
F1:	[0.71154517 0.69740212]

Test performance
Precision:	[0.67272727 0.69387755]
Recall:	[0.71153846 0.65384615]
F1:	[0.69158879 0.67326733]

