Training performance
Precision:	[0.64714715 0.70940171]
Recall:	[0.76014109 0.58553792]
F1:	[0.69910787 0.64154589]

Test performance
Precision:	[0.63758389 0.70192308]
Recall:	[0.75396825 0.57480315]
F1:	[0.69090909 0.63203463]

