Test performance
Precision:	[0.7712766  0.68596663]
Recall:	[0.73109244 0.73040752]
F1:	[0.75064711 0.70748988]
Accuracy:	0.7307871448532837
