Test performance
Precision:	[0.83370787 0.50429185]
Recall:	[0.76258993 0.61357702]
F1:	[0.79656468 0.55359246]
Accuracy:	0.7205014749262537
