Test performance
Precision:	[0.80082136 0.71703704]
Recall:	[0.67125645 0.83304647]
F1:	[0.73033708 0.77070064]
Accuracy:	0.7521514629948365
