Test performance
Precision:	[0.83372093 0.48387097]
Recall:	[0.7368962  0.62663185]
F1:	[0.78232406 0.54607509]
Accuracy:	0.7057522123893806
