Test performance
Precision:	[0.85344828 0.48529412]
Recall:	[0.71223022 0.68929504]
F1:	[0.77647059 0.56957929]
Accuracy:	0.7057522123893806
