Training performance
Precision:	[0.90645161 0.95285137]
Recall:	[0.95537612 0.90144435]
F1:	[0.93027105 0.92643528]

Test performance
Precision:	[0.70110701 0.71428571]
Recall:	[0.72519084 0.68965517]
F1:	[0.71294559 0.70175439]

