Training performance
Precision:	[0.56198347 0.68237347]
Recall:	[0.83950617 0.3451015 ]
F1:	[0.67326733 0.45838218]

Test performance
Precision:	[0.575      0.79245283]
Recall:	[0.91269841 0.33070866]
F1:	[0.70552147 0.46666667]

