0.0123220931719131,0.018550369181934,0.0198419860602043,0.01800740097488,0.014118921579598,0.0123313229285474,0.0153947402999276,0.0179025582346038,0.0189266506042119,0.0143732644000813,0.00495209545053335,0.0115854202750226,0.0217070972471353,0.0374538329346193,0.058952273476429,0.0618576444209774,0.0625171974220066,0.0593841681953762,0.0599963051874942,0.073591037836944,0.0635403379718631,0.0570774937310506,0.0555104926049012,0.0696240419040121,0.0941044906344058,0.12671716292014,0.138123038760374,0.107809530552704,0.083795223550116,0.0666443749492825,0.0700664982174028,0.0629188078194247,0.0769559114783344,0.14141206546834,0.162375210757129,0.128832925511239,0.216084360271804,0.238581910845214,0.27944283292198,0.278174660262105,0.250895226697939,0.189676527066576,0.119455679448087,0.125336929536511,0.179885482031143,0.21657947355852,0.356897574413402,0.402538694732208,0.508193524940565,0.413424535807402,0.347249306187113,0.180399718404966,0.189485464538621,0.119899629898337,0.0524666582030596,0.15129008600029,0.0522586493955416,0.0409083390438849,0.0306950471659625,0.0313830225130648,0.023877895330112,0.033856679636707,0.0237439658412726,0.0260661011014128,0.0195312080004023,0.104979499750731,0.513321207602241,0.736083677078632,0.771862810402303,0.466940581795838,0.204657004167969,0.139690463602616,0.213232206900075,0.179769769898012,0.164791364384299,0.105284501267687,0.0479401309408602,0.0774216587151105,0.12661876106949,0.179428096227335,0.17563088268074,0.122485620872982,0.0735953813360964,0.100301040476385,0.138421831993369,0.0899434542881738,0.0649017825940808,0.0476725891043165,0.0407445408216466,0.131264913197647,0.369760121605091,0.513785554589646,0.464467105647598,0.402809536080973,0.181085459827774,0.0536959158998222,0.106013373148759,0.153740188980775,0.202392896851787,0.140005044575132,0.136398594409977,0.170886713155182,0.157771978414038,0.184354320000147,0.12779366935475,0.066905529409451,0.0289132073095047,0.0436006209440098,0.0410040863554939,0.0501813590437782,0.0311688577263871,0.0937457961715081,0.171428717017273,0.106865303138846,0.0187848108084873,0.0364858282447036,0.0451328296853131,0.0324212536218548,0.0856007874876253,0.132382100977192,0.0517344218996167,0.0645014764592399,0.0649391300850539,0.0764962346551292,0.0498044353521476,0.108568638303095,0.146297676662044,0.0904018369318157,0.023382536593854,0.0435988248678087,0.0277748688650565,0.018781928030191,0.15100217727105,0.152042126591595,0.123064558600739,0.057913936821058,0.124492622825389,0.0767385095626597,0.0462745513669051,0.0582218979082109,0.0488006609448712,0.0341302376583282,0.0762971649162178,0.116819775279636,0.396412069841483,0.449139811577005,0.397093738274963,0.113826159233723,0.547030108447295,0.978071036794636,1.42286031496906,1.65952536984506,1.19463748383065,1.1966736372938,1.46469856502598,1.17213956656513,0.40396015973894,0.492974671966933
0.016582846343934,0.0404445364932535,0.0309432995459825,0.0205034518021584,0.0150225290192729,0.0289151467551606,0.025124004238841,0.012444179791107,0.00837525273894058,0.0177338658688441,0.0131556924275864,0.0137618300211658,0.0152911109751957,0.0154303003742783,0.0635465130493358,0.126805997360386,0.160050112026144,0.140849074371207,0.195984076655706,0.273519099115795,0.273792361484318,0.216870822556372,0.178758534958417,0.209607841253332,0.249424501042711,0.248547728707991,0.19529124982368,0.144516203664816,0.189714013572449,0.259456565097263,0.284599030602431,0.308186051818658,0.29258958481429,0.199360209476378,0.139916821656066,0.152091079780874,0.195509216806279,0.316149971355703,0.318137067988022,0.292385644704887,0.262020417907576,0.233066658182378,0.222008656967638,0.208559370984037,0.196646385675985,0.219378563453849,0.259448320165915,0.194672629053019,0.107464696527385,0.227005400036237,0.417438056910193,0.532815352083696,0.489712996708355,0.402934937264609,0.167140436780047,0.289805404489046,0.386422606792925,0.14263092829808,0.123762973802268,0.0938691545133045,0.0849966967530312,0.0495756963451893,0.0102019543991995,0.0604524810226177,0.0819614832792793,0.0778077083330823,0.066694297674977,0.544855588537538,0.367753156375547,0.542923564898866,0.483777736289844,0.29194060902345,0.250253221900848,0.374595091272434,0.307844032670003,0.27720536038087,0.286462233889908,0.363762858560479,0.372665233088714,0.310895470230405,0.252143833187634,0.186732565745021,0.0789626032326518,0.144523652143512,0.21832818845105,0.278096929495859,0.276168963279154,0.204188750365557,0.170106602844668,0.251376491459008,0.435233597868721,0.110416385187324,0.690384439331985,0.679035201540146,0.400274589377782,0.209546569265224,0.147270648629229,0.138874751860878,0.204393490995565,0.204359915266663,0.119501278338817,0.0900162014343682,0.189786337363272,0.228430943397268,0.209621946375824,0.149788614272091,0.112285960821638,0.195851435652694,0.256520067682103,0.284987982582313,0.390166895002815,0.348450857891489,0.355207686761984,0.522474738339048,0.260964761373467,0.140054850864887,0.294574587215465,0.0942918893727185,0.193539379038423,0.2331570207218,0.153926797645157,0.070727452470771,0.176139950605758,0.150873096067617,0.0700778154015437,0.0585909526589961,0.0852325539336531,0.047779963251395,0.0882181699215331,0.0412408488395016,0.0333520838682428,0.0392953365744393,0.0915682021821017,0.0781850244520468,0.093312741725563,0.193579443788725,0.372501587025537,0.306946619549397,0.256652123502724,0.101315420623989,0.105029407088084,0.108685996785516,0.0496112370905543,0.178362442827869,0.30458684944983,0.792313574258551,0.446194284175714,0.492645942995154,0.760982509737628,0.340096105340604,0.813166235058398,0.75304966176675,0.892357136260744,0.412531948979824,0.370566896195301,0.195721036863839,0.216224907700516,0.192553430603477
0.0139493896716795,0.0238133682709651,0.00969710662215676,0.00853003460465912,0.0082798358972711,0.0136207573545322,0.00995872023388132,0.00793845160770318,0.0129336009492713,0.0125303691897944,0.0116437074567061,0.0199074143319303,0.00972075502944044,0.098539285812957,0.122258600457078,0.195318981432672,0.23912350179295,0.174098971344906,0.262289469944971,0.379063469434935,0.457567825661002,0.451404787046758,0.503396494604672,0.625354313231637,0.712422422922519,0.760651993439049,0.716187005689171,0.668563714382936,0.58316326793197,0.41992923134941,0.354294596010902,0.466866550712974,0.625818675673525,0.744487588922316,0.647499441128392,0.535326994499432,0.508013945606418,0.404990099465094,0.400737182959535,0.435993072669003,0.344024325232164,0.343690468532593,0.337084100751385,0.366043212920633,0.453448197091824,0.455152876202417,0.368276498005352,0.216119111233764,0.502817761019879,0.720061192554761,0.841798171288326,0.932374537963982,0.736661116481996,0.504235868305319,0.282043294013549,0.0965435129907559,0.117131907955104,0.0926141361579809,0.0560734975827717,0.0189229536969291,0.0422679103498013,0.018921478737731,0.0156064887200332,0.0274486144533694,0.0347766105902845,0.0749667275380124,0.51630393416899,0.460564017460374,0.339077670708149,0.544088220106405,0.598387286428213,0.562597676520884,0.396984349265068,0.325198457576756,0.284032452078819,0.390166317595552,0.480770120857019,0.495448599098162,0.595463851704667,0.669998314543081,0.711679094352693,0.489218820091016,0.360605468328902,0.191069266123056,0.115152914150915,0.0605518758068269,0.05198852596314,0.0879412915866198,0.0512833209319835,0.145221671607081,0.254684600084014,0.311846599714226,0.371042415276683,0.378673582594235,0.469656955263948,0.44935867881633,0.4084385902288,0.415718892849135,0.426198198169627,0.37479573378764,0.356745305878693,0.342898826176769,0.340693306754118,0.363016711417449,0.336529946442235,0.338536425009319,0.319338312782016,0.288695351539062,0.248437621040891,0.0241668316397294,0.105140455937445,0.198221585789496,0.196519327173084,0.33180363841673,0.36646277071079,0.353709376117414,0.381764864138796,0.22340510283205,0.143593145087109,0.265235735882618,0.148623604344768,0.145484502339832,0.14565547829008,0.0909909254165797,0.0874651610300034,0.0573481002931469,0.0619849442345578,0.039552378792448,0.0337837926398286,0.0183814122630446,0.0272682815819912,0.0225233367740609,0.0597324230045762,0.0401298070589876,0.115545832891072,0.130000810156206,0.150204724732932,0.125757734332404,0.057164706365182,0.0582478636446335,0.0539746250118993,0.0920532308158439,0.112167693259973,0.0483331589113859,0.071199446150912,0.119713442870242,0.189970517872219,0.207392904426788,0.344291185862429,0.0433265093724505,0.319496428686752,0.443834280549894,0.141004934728189,0.216293543831285,0.31737894221765,0.116550121119421,0.103520962523968,0.0552893017957301
0.0091194035601029,0.00550619471047203,0.00933516933877486,0.00799146633620751,0.00855482602589311,0.0093271063266389,0.00369961170985148,0.00522717260139716,0.0047937194776296,0.00698047208522558,0.0130904795829556,0.0265441914523831,0.0105645587382118,0.142625101616994,0.106545286684502,0.269111461241848,0.320550648167465,0.257149363920157,0.25224858242096,0.223963825903146,0.632161990171528,0.784671661440678,0.92263513047921,1.03505019034425,0.875522818465141,0.438843525894246,0.827470626177665,0.744863914253576,0.58399703292541,0.540238962915465,0.228160186035182,0.139263867351472,0.282684840455989,0.487009974250284,0.552184923968767,0.562357846311054,0.431720709940223,0.405198634086079,0.597860255088292,0.657344034209273,0.539189586634892,0.410641566751039,0.259181153335678,0.18959949436399,0.364921725934236,0.5654496834126,0.698282331400204,0.831469367156849,1.06799130098469,1.38962530028643,1.45243219476447,1.45622846268468,1.12436556664737,0.247284901211408,0.520102934356751,0.317703432757561,0.249890138647624,0.222028191058675,0.149957193733179,0.119720524070218,0.0548378189770599,0.021877068896227,0.0133958283009516,0.0310773862879534,0.0574883342391756,0.0763207428828807,0.848650606602231,0.940088591680018,0.528776077229751,0.210910210127871,0.310948106083691,0.23587980371083,0.340915575079418,0.295249374124152,0.141522569596331,0.254125716828387,0.233025734052253,0.162043446043485,0.281704773309263,0.410010937590707,0.452982313469294,0.253847973533286,0.1441967901783,0.124462350466704,0.0970751138837137,0.0413689193131211,0.0808750903291838,0.0480527934337085,0.0927053530903613,0.144057638330997,0.588720578944809,0.918817350859342,0.662022938977726,0.369943339618129,0.279417450424616,0.172152813979498,0.232405515037091,0.297196873089302,0.27784205675201,0.300900688899459,0.232615976128467,0.222841799454076,0.313987044547218,0.367524949244037,0.234322613676047,0.133425858299371,0.221972511620227,0.224920571629431,0.170378829605215,0.0997559923201751,0.265806414803062,0.411423855918943,0.337810340818229,0.277555329851864,0.292568212279684,0.295515036386519,0.212499741962637,0.133929720107995,0.170882708241255,0.20782635555787,0.10022026607964,0.0307059566664918,0.0838366137882473,0.0673914675269545,0.0764644151718391,0.0476033979563023,0.0266715047798633,0.0263200525242057,0.0293902570132516,0.0230084404367554,0.0597520558106113,0.0648535345618205,0.250876609033137,0.32873679113821,0.44887827223138,0.270426632754169,0.245505666930323,0.274963899533163,0.145735565410614,0.101712816676937,0.145305346476397,0.217387936244126,0.218912261574028,0.157867501802733,0.122595229468981,0.119547587233839,0.254858828897614,0.161425252763863,0.142207570742965,0.0994725560938447,0.196953466402224,0.326874146462823,0.267022546140454,0.210575271658925,0.440538200472124,0.103599711845062,0.0804386362577868,0.0228948745219229
0.00670371158382535,0.00494910699999897,0.0035044125494921,0.0039342554469356,0.00159426486911304,0.00142820957686002,0.00384825483607684,0.00294013358956242,0.00155109117554517,0.00199029331359643,0.00372108509324937,0.00438914672562115,0.0215443478827706,0.245530939995789,0.285885558705374,0.392102453374534,0.497371745112315,0.573792263117688,0.0931993133156007,0.478792288577098,0.297049178518509,0.336394986962934,0.270253808035968,0.422531179538046,0.537964860956592,1.09320589033937,1.16159514294787,1.00026171509308,0.882847137679106,0.485857904302783,0.708730630689779,0.800545007151761,0.589584988518191,0.354300675081843,0.89733632132769,0.861718550497728,0.345182856315272,0.404285980339605,0.754783343986126,0.687264427021721,0.250685568726573,0.406163721550203,0.399051807535127,0.180870897382554,0.185386857588943,0.178837143713332,0.170987010912801,0.209631747613783,0.463361527002031,0.655419024023817,0.631738799227759,0.418868084925402,0.272294374475019,0.280102431498654,0.272200070806817,0.274005437398673,0.200880275251407,0.0853649689987475,0.0169228005429315,0.0376595354854542,0.0123865791755074,0.00960270573520057,0.014142343234325,0.0363793511100872,0.0426442125237391,0.0898160332716163,0.550064357187616,0.627847832703976,0.425503600355543,0.687953393456724,0.848536489066701,0.576394571132737,0.556557468672492,0.4153696501173,0.377071258811833,0.628542804212649,0.625246550732364,0.709983951257206,0.700600516117973,0.483337816896169,0.305994436175985,0.0457622856571033,0.0875822607616304,0.21168816887905,0.203604963237258,0.119199236137844,0.0570519970798697,0.062302542606576,0.0541986584954955,0.0932814679275159,0.336848633862542,0.839979851859131,0.848616578991344,0.649414830574592,0.380285390648792,0.875765397704335,0.877110144906116,0.240522382314143,0.205675165281138,0.147449276984257,0.485039638717418,0.479953775222083,0.199847032244845,0.166617233062355,0.234076567247042,0.183239256100666,0.0780234440515455,0.155694171554691,0.197801728851583,0.23836643270122,0.220968330030693,0.451668917294258,0.173526341758281,0.129572421911848,0.359822272154153,0.170743794296889,0.167488534254059,0.139270741835793,0.141751237550316,0.0487197437598495,0.0678005661031596,0.109320756053776,0.0803897657655708,0.0216261505752015,0.0540281442621807,0.0572799777694765,0.0275240758744702,0.0124585239044201,0.0158970607599048,0.00482808551351313,0.0180012124732936,0.0435191819034292,0.115918547906586,0.349076687339308,0.524391559754715,0.433970529275476,0.138676600205274,0.19765984663881,0.30437956205795,0.317608972181056,0.150459510189275,0.19492689788399,0.395171081015193,0.251523306076062,0.161406892396774,0.111299565761506,0.260521750469733,0.210994269624563,0.0406593796237011,0.112486348732811,0.116551728246268,0.33658143034037,0.21643401705611,0.084870493503818,0.0937944479829972,0.106245604521769,0.0722554797938783,0.0228679180992673
0.00716641671688693,0.00682667931572422,0.00275670463563052,0.00152539830781489,0.00399557881338997,0.00158010856901331,0.00359535746738147,0.0011479435096767,0.00125155900734273,0.00379448174891436,0.00902139607901363,0.0106501861319504,0.0257800683244755,0.362499761553041,0.0822618712100101,0.32797677651311,0.234288866680353,0.258516435001704,0.173740639807902,0.131668269702423,0.169433577146364,0.399800381378376,0.435535246382952,0.369301891116662,0.527090119812398,1.03257428087187,0.678942325209213,0.610976089954711,0.785164005723022,1.22785995829815,1.80171698954512,2.03603287479854,2.14560139205941,2.1500022213448,2.09988844141663,0.755861723108086,0.456771136278356,0.715683266622223,0.501142204094475,0.369095285689878,0.299695354216952,0.393053306809265,0.360160448559784,0.379024868878698,0.291286486560434,0.124275345993585,0.169401100868702,0.110361103850397,0.0646011070333526,0.0453296840074073,0.0666221267011385,0.0747849012342246,0.0361789431605614,0.128893257188512,0.0576102684555525,0.0807554411323423,0.0971259579121117,0.0268607670058794,0.0185636514286945,0.0271305228634187,0.0170881077880966,0.0125681277776092,0.0115708930997939,0.00687345814325689,0.0151510118846248,0.020725879800627,0.0554030729607233,0.180267391577512,0.727509216284891,1.18738157085745,1.75365069683318,1.81695682825606,1.50626439801787,0.702530921043506,1.61083976734204,1.58116333879812,1.47707926027881,1.57649824473201,1.25161498890917,0.807020782251119,0.487768125849877,0.472299887397957,0.294052525563991,0.170359534816403,0.199477233157357,0.134827671488713,0.0648134002289917,0.0929894758271839,0.0516367196364131,0.106553849996188,0.0561040247610536,0.304319263600375,0.506056157522505,0.780668959835557,1.14430890467131,1.51672449018392,1.47582522932761,1.70573525791579,1.74710699275658,1.59141666063994,1.39260057739012,0.772836216962537,0.57734670830473,0.8174162704081,0.744189390214892,0.570317013495502,0.50121744199888,0.526333413377061,0.367165212228562,0.271817370081842,0.245173429560104,0.104760074026126,0.143183209121531,0.140500632069935,0.0992670123323955,0.0996366362934748,0.055768810116691,0.122115529188374,0.149982777882501,0.0777181971464825,0.0200181501538115,0.0263149250654857,0.0309720852814723,0.0124816244864694,0.0093099129653937,0.00952883936691203,0.0107497398907044,0.00257645077118109,0.00482115948895524,0.00417410474305719,0.00271979855962184,0.0116253796561444,0.00923817545322144,0.0257807704273645,0.0416683439709307,0.0600976713371079,0.0351675781035418,0.0503994544311354,0.0393146124908138,0.0384673115197896,0.0482167328909125,0.0410860493780339,0.0414199412749542,0.0663966976369138,0.0368618918995197,0.0517098584478629,0.0392033462196615,0.0257280742603996,0.0397679076352796,0.0397503983404849,0.0816870581565285,0.156973316231397,0.225606015057509,0.0919245850437241,0.115580851037312,0.0827129746741447,0.106256897462612,0.0463395750863232
0.0064334333948381,0.00259239667935762,0.00307731809827823,0.00143684576791504,0.0028488584030155,0.003481235366414,0.00275346919787191,0.00300327644494807,0.00473989842392147,0.00423484715015545,0.00329509845854562,0.0122412845966833,0.00723120992964863,0.233333233281493,0.324372710672377,0.564230937043267,0.795593003216632,0.928228791793707,0.87653435832961,0.577581606562306,0.262662420466087,0.355480081646116,0.46462090415821,0.265288790679792,0.432184083688954,0.842787094390785,1.54927554657591,1.93840605951756,1.65897608395523,0.986397676381712,0.401256318633852,0.359120286686357,0.529873962731983,0.658297796473082,0.529489865318592,0.563321766677981,0.341381541547032,0.713193825786631,0.300940172374424,0.215181025094485,0.309630206872664,0.188402369292572,0.114726252368619,0.178022201397971,0.136100926735393,0.272360324688776,0.0513104241756923,0.175469088854098,0.195061356643879,0.135070446186173,0.0695168520482076,0.0623238962347535,0.0444040536768649,0.047854882706909,0.0367761867515458,0.00607052803756366,0.0217764182057095,0.0144358522928256,0.0141417252481241,0.011682390219879,0.00839554894833927,0.00674683304983346,0.00215725522807118,0.00456314397225976,0.0156210869450112,0.0342029620405489,0.163237299159617,0.107976231725313,0.858135174190195,0.318383842084812,0.816065760141408,0.830212474682805,0.9042156697799,0.708719898230478,0.627438781010306,0.555727843477009,0.229843438366619,0.155388599902965,0.288907719072091,0.450634875084779,0.257268729019032,0.149806694921393,0.123880889425303,0.057616924711346,0.0446741559765616,0.025618292946424,0.0283609339161625,0.0226356420749496,0.0454530066613637,0.118408640182147,0.0362846276925374,0.282604198554545,0.29499545486606,0.134976821622107,0.565219192485767,0.50462464676876,0.729677890646793,0.913723863607647,1.04067028322859,0.904501632872788,0.527274313079977,0.470912769843623,0.336493357239481,0.422064694841176,0.29132065768711,0.115271930586518,0.14486234827296,0.210227807361487,0.373039573675057,0.148182309480776,0.286831169912611,0.347311472788398,0.29486818962611,0.238951177941698,0.216520059438173,0.177138084254104,0.110979900719744,0.0465622720249036,0.0565809957310293,0.0340606582092142,0.0377836240568881,0.041934475674372,0.0196525600079293,0.0211173033957908,0.0126249319141433,0.00578710717668363,0.007065361986541,0.00235730278928049,0.00520443014004595,0.00511701301756477,0.00526696704437537,0.00904265763048994,0.00513188980696805,0.025543042294353,0.0342948373076457,0.0340185675330888,0.0553944496834852,0.0595304183686353,0.078837399597586,0.0685774312340215,0.100115734440058,0.0527557864837323,0.0385839361323212,0.0482598745913746,0.0390740081724896,0.0274195022765369,0.0270385503077003,0.00653273488067624,0.0193518623258477,0.0374210310876558,0.12403878330833,0.11450116352554,0.0950940495438806,0.105762443240278,0.0414519578068927,0.0380250160044718,0.0146242118825771,0.0119467298584969
0.00276014808918582,0.00199734197886322,0.00232445501253559,0.00207739074038946,0.00111718248975241,0.0029834351197992,0.00370006955647285,0.00192971306861495,0.00172747688193574,0.00282791577791791,0.00163301711171168,0.00873233077695479,0.0124022495709813,0.122523969128232,0.229593319987387,0.51609770438003,0.309489959684237,0.183314206477972,0.14954570523594,0.0427195602960003,0.0670465433823604,0.0295864778658245,0.0826251233334093,0.0521943971995315,0.0520238107887437,0.170181843771771,0.451738528519236,0.897678618192081,1.14901945184485,0.82201161405244,0.375604292408905,1.01641775001022,1.51330651143424,1.30819997321636,0.535484723472145,0.376880625580617,0.443967290279362,0.782666995405818,0.293561164134508,0.258556964589795,0.342613009304985,0.128143834325263,0.117767981774331,0.0942400202765188,0.0941364935150163,0.203207793502622,0.164793470609916,0.217180769513959,0.177097432193348,0.0538675333177928,0.0404182546804899,0.037236309334633,0.0557699107979726,0.0137173470691077,0.0184615308255901,0.0186767060496846,0.018246374404226,0.0118052822236202,0.0127202173580653,0.00491501605492063,0.00496820740126407,0.0062438966275129,0.00274906782196701,0.0033191260765303,0.00937872299450144,0.0111207580681721,0.0780904215696514,0.0900055900553431,0.218064501100195,0.660302990996711,0.994772491224503,0.778519785599013,0.367884500732639,0.352393579820335,0.302545138069923,0.418033245842575,0.732934224980366,1.08713581637178,1.17922180053489,1.181506334126,0.76533365715142,0.40382320229342,0.299040116413226,0.233804707105769,0.140097293617542,0.0494950274180452,0.0847341417462844,0.0638163866348996,0.0659234186282888,0.0621305503932753,0.0503148204381902,0.082652198951369,0.137457479394686,0.322918681572085,0.495254350298387,1.1804692107444,1.24789450098001,1.08910984630083,0.851598731892199,0.580484817845007,0.344414744792227,0.42898198806869,0.625150972857168,1.06936316491043,0.727868149559945,0.176347845095612,0.240785874943613,0.211165417547515,0.194749526806704,0.39214904830384,0.433449713434286,0.354757953214828,0.47832613831738,0.168503971553804,0.0340218930528173,0.195227373691922,0.154119075730118,0.158087225278203,0.0615119129097943,0.0488742147017155,0.0630041874752036,0.0310601669617411,0.0220726686515119,0.0307054122061673,0.0103576997738126,0.00621357499528038,0.00669754878369167,0.00385264241813706,0.00323431023871979,0.00774633465521733,0.00240227305714098,0.00304356720360047,0.00213193296928965,0.00706468467603506,0.00725415502675009,0.0180927924809859,0.0228743338810432,0.0221654700536809,0.0211897840603581,0.0151886884533285,0.0260139938987045,0.0313376752091969,0.022385599928018,0.00994252251823703,0.00846357909539999,0.0103058395046361,0.00604550543103667,0.002048766044077,0.00263745770831839,0.00713403874489108,0.0379472765786161,0.0593407080672146,0.089175601016669,0.0622872522281567,0.0307470742823759,0.0131857031674192,0.0138345377054872,0.0242641866088143
0.00271448872873232,0.0021944618973637,0.00315823639717914,0.00318948459531696,0.00122601069611971,0.00498585558844072,0.00299694401906623,0.00204802717028586,0.00263000089429021,0.00288316664656591,0.00194595765612622,0.00356610752694773,0.00362743958193528,0.0418445617252344,0.0338465130759787,0.0668937851247332,0.061813224633596,0.0428479587969373,0.0255785996867134,0.0149508309030364,0.018714601172291,0.0254034151106563,0.0225080123322291,0.0207437329040881,0.0162133272889678,0.0120570063195253,0.0261230807257339,0.0705762939740853,0.0432917549869422,0.125758200675445,0.302613317386774,0.507113595605942,0.741256381614856,0.45276607578115,0.304078893208385,0.216493103089281,0.240960102570581,0.30593158165431,0.327573245108988,0.244499562109313,0.192248827588901,0.342925278347646,0.182740496854833,0.166152258496943,0.190250281583961,0.0974819457899629,0.0889714914583325,0.055508945827303,0.110986902857049,0.0987482491019347,0.0329447080352023,0.100819173846371,0.0345604151721712,0.0958189587073944,0.0201314921905142,0.0376093213069571,0.0177248840265445,0.0192887140787544,0.0157162547209731,0.00359259515087515,0.0014287665889184,0.00578372686751356,0.00368155654737223,0.00209105340040669,0.00683029256715446,0.00725521668233741,0.0587879651588068,0.16319243190293,0.264465221355506,0.538300497066738,0.581600583143282,0.174631906864665,0.160647286443529,0.238037811078778,0.440046826896385,0.315904234527751,0.333527054848854,0.627273827120318,1.00195470487889,0.890977009143818,0.406537683392157,0.218192281322694,0.293706917017739,0.175606639949501,0.0781076597768972,0.159692546913221,0.068174763781053,0.182126880375128,0.0921757597393453,0.0459948692224184,0.0679637245129566,0.0447740270438471,0.0815840615942508,0.298860699499486,0.375698231325496,0.538546391642078,0.532108365109569,0.54926093976349,0.622827066288764,0.738814491228742,0.343522935629733,0.228249870496939,0.243120924361906,0.320959297027318,0.312199602157243,0.115976383110932,0.0748863825517099,0.16461647484271,0.141145425176565,0.0856188207562165,0.10607283762946,0.0816968977488585,0.0552354978536568,0.0771977722251575,0.0451854234552373,0.0233742532302829,0.053850273127497,0.022561024776794,0.0242185996366917,0.0221393243988994,0.0370201985377123,0.0450352955327342,0.016129099903771,0.0151412826887359,0.00996717037288877,0.0113164943009233,0.00967190087735511,0.00476205922441994,0.000891603657749092,0.00288009219238028,0.003473895100481,0.00209994215913547,0.0103782610545672,0.0118306438574295,0.0121150150402291,0.00655532933492589,0.00979149839569987,0.01830362122329,0.0114524205794127,0.0117514541797351,0.00952332508185105,0.00931585715402063,0.0126538654016761,0.0042195589498566,0.00427047683957701,0.00663922947181381,0.00892667616834997,0.00425187716992741,0.00275047747989628,0.00616834548111541,0.0101113785210234,0.00516275850627433,0.00933161881972483,0.00807842820726516,0.0179421397132062,0.0119886374899278,0.0182434890512573,0.00551541931300394
0.00220491027348759,0.00285725081136454,0.00206374447316127,0.00237302922756502,0.00451002966117036,0.00602808744555739,0.00349366775350446,0.00171365036807767,0.00124650278193464,0.00207302987231721,0.00114459037513087,0.00192224753384316,0.00127932409779146,0.00258046731666964,0.00500141916409415,0.00655905740298888,0.00956528033161401,0.00530218139028804,0.00343809452447901,0.0047608179821142,0.00234832347574021,0.00165087209408698,0.0047022244771163,0.0020498187049067,0.00408719979242812,0.0033561554069298,0.0054114796876969,0.0101635000665729,0.0124559951075284,0.0150489840025991,0.0287653363378722,0.0592251336259595,0.101621089782402,0.0605965825629723,0.0443784209637291,0.0379627971941759,0.0713414139168811,0.0467554486607352,0.0353840262638933,0.0169475918114364,0.0355295244793861,0.0222612440651348,0.0144007572302054,0.0120302326399473,0.0132328627297611,0.00450053891220542,0.0116790930971791,0.0558857381108261,0.115842924313331,0.164090482957751,0.0610411276372829,0.0643801993887983,0.0707791397522738,0.102392759406434,0.06992157611361,0.0222656776543787,0.0229117370361854,0.0137690417100457,0.00909267281867111,0.0188828048144928,0.0103318879645906,0.00390682612403368,0.00255466153980623,0.00497592921996664,0.00786143923601305,0.00949022660256378,0.243161601445422,0.436424454602348,0.421611080486635,0.352266447407345,0.40566267614729,0.0915698833173693,0.192230704547058,0.203454665357665,0.206698513772993,0.117987950842866,0.0368222764685473,0.140320616861934,0.27242661857212,0.144272061363586,0.104356354356955,0.0482566567767037,0.0570739291520538,0.065704050659011,0.0743682350961625,0.03124233206306,0.00898853089514061,0.0261855277224076,0.0308423149660422,0.0390401797307793,0.103863025205391,0.0811766441127375,0.207973553714053,0.080581694118724,0.227800741566705,0.26257634771773,0.252368385439919,0.180540712953026,0.250142151527676,0.17408299746086,0.126453385252016,0.12932393276827,0.143973775245719,0.0920540320932212,0.0593001345701573,0.0569322863523271,0.0544927942498722,0.0362423539634468,0.0440197461265889,0.0194702828692008,0.0112276352212596,0.0205282992598151,0.0192525353165016,0.0148402816828947,0.00646655768839905,0.00833964841723122,0.00990932876105455,0.0123546013286357,0.00694039166517066,0.00307581397367537,0.00535423648340955,0.0116572458462277,0.00355295472076119,0.00432329612052619,0.00748057657199587,0.00578513510430392,0.00286156877142022,0.00261098226809653,0.00301401169427568,0.00692013329478267,0.00538279184365584,0.00788166487222862,0.0222982373892605,0.06483457860794,0.0367597712332398,0.0711020855293058,0.136572138929867,0.101038349389811,0.134801388819502,0.057039057649111,0.047547025597921,0.034168098240981,0.0790612756684686,0.0567505122380935,0.0139124448088324,0.02272400176681,0.0161069622231181,0.0160655741793076,0.0182764505172883,0.0231593853665028,0.0140501285513657,0.0229256079827079,0.0313210502003197,0.0434911489144448,0.027472365343059,0.0259213331037523,0.0235463159704363,0.0120625908430957
0.00131784459864471,0.00273805278766279,0.000947617490726633,0.00344159850089147,0.00237341194641984,0.00637574519682133,0.00399964021303702,0.00220856760985613,0.00416187856468389,0.00318173935185431,0.00328890092252892,0.00104885687055503,0.00145622347532129,0.00234098669666703,0.0025441326886415,0.0023899562108694,0.00626041027210692,0.00159336503167695,0.00338611921993386,0.00446735373018442,0.00241032517396862,0.0014031826404271,0.00224483955620558,0.00294575219334201,0.00319149460837243,0.00425858979699188,0.00239867082249034,0.00333243523314341,0.00283673752203282,0.00345171172112603,0.00469709175562892,0.00611147199828979,0.0105177533270366,0.00979461865053212,0.00974283891470557,0.0175290891928256,0.00694000031026653,0.0117623263053725,0.00634921984841254,0.00350846865259997,0.00533178719918706,0.00586946858629167,0.00452526034155811,0.00651167499629251,0.0051230087588213,0.00339816327321545,0.010476905382509,0.00630135468292944,0.0264563976161682,0.0523093507098259,0.157053045745983,0.0922780451802923,0.0977405155222044,0.0835439059880786,0.110804357425766,0.0533013479251225,0.0141466216026364,0.0262564017870482,0.0325134443699143,0.0166438773393009,0.0154265512100891,0.00665900395500462,0.00322515024573614,0.00390686369154422,0.00624808789018252,0.0211084634581675,0.0422243678866347,0.13767414380968,0.13103174009,0.0735975923419337,0.139874645644006,0.0392417249271528,0.026197743264558,0.0493861085693214,0.0351717464809707,0.0329103927903937,0.00983575845057482,0.0232843725168101,0.0162456683982319,0.0111963138890867,0.0121429442161676,0.00502288387549885,0.00392338648891037,0.00489184963421974,0.00419862628593422,0.00431906242825956,0.00512106578346244,0.00276842073521771,0.00585058249324662,0.00907365236896309,0.0156403688385077,0.0109899791703545,0.0211743946007505,0.0370128987249298,0.0249223912187925,0.0236822591050396,0.0173372420398139,0.0129290833823603,0.0293523860009105,0.0103243737834052,0.0311981037123949,0.0322932499908661,0.00503422026922992,0.00916103014114625,0.00855924848886433,0.0044785796040811,0.00922966015365004,0.00474493121182863,0.00191873008217295,0.00539129498890733,0.00879152928669303,0.00697535413567658,0.00304156647984653,0.00171173995248687,0.00348075643504266,0.00181437956191381,0.00309070869745795,0.00221899671656947,0.00406866651208794,0.00316480244073592,0.00139180028583132,0.00484844847059155,0.00208442118332269,0.00215281595426436,0.00145631502360052,0.00650346914071668,0.00360431932211319,0.00175513669894701,0.00233309828617576,0.00196576295863732,0.00423750863889642,0.00337654592773473,0.00541288689608797,0.00936073836844094,0.0144040775812515,0.0122206339495271,0.0528112813072272,0.0629200851982753,0.0688555347404913,0.0257381584998544,0.0604870358517867,0.0762268169757699,0.0783373997631603,0.0703985962606559,0.0173144957973267,0.0243649267318439,0.0157182676031994,0.0127030332613255,0.0199400667017676,0.0205441872504417,0.0192369384000226,0.0249649333522932,0.0590661651713526,0.338607760050299,0.206248382053928,0.0735408056882931,0.0661470885040982,0.0628730112462501
0.00200638937548261,0.00237135163229028,0.00408857218607928,0.00483324243461684,0.00281086405819698,0.00928294957901694,0.00400856099172214,0.00593505724246818,0.0029984719121645,0.00188050308971678,0.0048987369985081,0.00262575770432943,0.0010822117623368,0.00327290372177168,0.00257032844252125,0.00498141289531648,0.00310347857651059,0.00317265796827808,0.003873062065954,0.00232643466029539,0.00167982584016618,0.00462504853191339,0.00358563419037524,0.00176160286169462,0.00247241484359371,0.00490276358212915,0.001731944450162,0.00384295050720009,0.00271305679260738,0.0061391823211585,0.00231680521135052,0.0040262603514509,0.00633354440868248,0.00446451287289293,0.00388314912010895,0.00256292645479923,0.00225726733967973,0.00479770301840275,0.00207932295908202,0.00226612898150365,0.00519108755134941,0.00321612207901981,0.00263242550112281,0.00173768454238858,0.00258422604970147,0.00736323778706578,0.00451851453828374,0.0035823792868317,0.0110079824550767,0.0121026321254308,0.0244496888758313,0.0367664205396266,0.0168550031320819,0.0222926722317141,0.0113574102960776,0.0160340732880892,0.00655692994883433,0.00773303419735658,0.0100306142275049,0.00616547155981095,0.00723039662204276,0.00352131619329462,0.00564058402426629,0.00324640672818362,0.00232350013684422,0.00395740555259071,0.00706430365135416,0.0115245222601327,0.00853546251811295,0.0204173636135272,0.0204978158799995,0.00600638479611974,0.00839448102892424,0.0077764932055995,0.00828032547288652,0.00601899402010883,0.015960380084172,0.0158171228314034,0.0049515304354834,0.0053257438158096,0.00226460567222692,0.00467229041199427,0.00379916641402169,0.00540601209944822,0.00259638598393005,0.00353027499092047,0.00293083905667673,0.00302068845785243,0.00225525207216952,0.00508716550650826,0.00511171001527905,0.00286912549155597,0.00686129024510158,0.00576654402488261,0.00805882712744068,0.00658829267219194,0.00916539834187646,0.00370952720928178,0.00783456763006484,0.00282006009478707,0.00365844194379495,0.00175510213482384,0.00245625269012498,0.00294214607569843,0.00426231600142281,0.00213333063794284,0.00431062277339935,0.00363951374941695,0.00231553778026932,0.0041008097587804,0.00226452592457244,0.00635064315946139,0.00205469433035656,0.00228690732735402,0.00256325297058696,0.0017145232722687,0.00320794324191406,0.00265900808736784,0.00352173143691246,0.00325011108138253,0.0052657881209925,0.00623363841726852,0.00485264623225789,0.00341169447256231,0.0028761774469756,0.00522512767287878,0.00582317332388825,0.0027841925711622,0.00184929618906437,0.00117517025284704,0.00217782938735606,0.00247498105147629,0.00468018815003777,0.00249360580231862,0.00177919106568922,0.00528698456069661,0.00431454107020143,0.00449012795425156,0.00677031685380942,0.00662389169187746,0.0070164232769482,0.0107829510414416,0.00526773475445507,0.00543305003961005,0.00876824067604334,0.0055194633413875,0.0022890646390355,0.00422902659297528,0.00406291695372502,0.00151589907803459,0.00880071945029547,0.0114585164515919,0.015027560385903,0.0592736634697442,0.0352999133762096,0.0203383519252419,0.0264583863264247,0.0162176358614026
0.00379307820121026,0.00633845980892345,0.00455814167509871,0.00347056842178544,0.00383516906773822,0.00163647312215159,0.00410907232089053,0.00329943840926947,0.00159974882846469,0.00246388840606099,0.00224726388507852,0.00155696150461874,0.00303008115652405,0.00334866942135068,0.00171035043710256,0.00193814696213005,0.00400420065488139,0.00183464327325431,0.00255584620916791,0.000851015003417508,0.00162482136237434,0.00243021368694043,0.00133307312410209,0.00328916859198102,0.00216997902560108,0.00356379237821012,0.00265131428321676,0.0015969806385877,0.00232233380472122,0.00398268657852154,0.00170695262512725,0.00304788740872755,0.00394031997624989,0.00274763546012934,0.00254076061207384,0.00184626825232694,0.002912572592018,0.00291446796570715,0.00220446013998129,0.00140115764024727,0.00603576678144365,0.00500628312199649,0.00425681371366813,0.00481855493189685,0.00836297658492563,0.00435524336874539,0.0092682596761638,0.0123830138604885,0.0277951935545373,0.0640028852272699,0.0207166065164625,0.0398909461591356,0.0629048426656899,0.0229975149992145,0.0142427135662771,0.0195646152866304,0.0114433106222613,0.00908293201240949,0.00849053681696901,0.0033993417655206,0.00374343099861437,0.00485599817595,0.00314635417006422,0.00131403537104047,0.00222584742848288,0.00447054507253102,0.00421474613551395,0.0108654575313206,0.0106994372302938,0.00728296894564138,0.0073248921808889,0.00618157415795045,0.00512378831173413,0.0065261401450468,0.00254709250457848,0.00318307443075362,0.00456562385924576,0.00391607526538721,0.00260152278622141,0.0032041341106563,0.00529667856070859,0.00448759478186429,0.00417449738330993,0.00398997938320849,0.00256301261526001,0.00302436050661874,0.00284718549231495,0.0030638686874732,0.00152534505821992,0.00374791056165417,0.00252030685256158,0.00516069829497458,0.00591919213416458,0.00757464639250148,0.0123784961072246,0.0077823364575734,0.00808850588268921,0.00390922794102882,0.00496056591014024,0.00666813975141891,0.00472613775811314,0.00757347170698183,0.00507773668536152,0.00198839164048416,0.00200671965733417,0.00238003781458281,0.00287829800789886,0.00173335078782692,0.00258627260962764,0.00221199685122064,0.00188719557945307,0.00102605991632349,0.00279009834463663,0.00253664200234351,0.00151089191384912,0.00351507868239909,0.00323872603994684,0.00437956576740402,0.00179750372884335,0.00213343240513869,0.00330458341865732,0.00438622595904571,0.00201747819196805,0.00358744372451672,0.00262855364552802,0.00256980023695521,0.00300312908776542,0.00115492342081898,0.00402520836851226,0.00109390662959803,0.00362620011016501,0.00533301016638655,0.00213389280976559,0.00232532287329881,0.00190935284950886,0.00319394009577836,0.00199241173145207,0.00196981973643611,0.00313911026026999,0.00286753292381378,0.0048107584353556,0.00496737302994155,0.00254452667991747,0.00329356872302886,0.00232701299103913,0.00224879910240993,0.00388056281300115,0.00263762258946778,0.00588385042983731,0.00236084138311498,0.00286209956995427,0.00334350832199025,0.00504290976371856,0.00736526911139155,0.00325362149048311,0.00445556020820587,0.00273488651027451,0.00336137770815356
0.0015610614668852,0.00206416010249714,0.00205517420739388,0.00230691679559065,0.00141385842952304,0.00137085281772486,0.000473704182124603,0.00133514829278514,0.00170607003638352,0.00124710744225166,0.00155306083931848,0.00112707732852686,0.000834293672703253,0.00192779072008876,0.00162365121756043,0.000693033360892038,0.00150764559829933,0.00152510796605173,0.00171071639135761,0.0015750840985284,0.00275222316630434,0.00177828897554508,0.00155170596785659,0.00145517235664491,0.00123041138169741,0.00101066355199944,0.00244221457442725,0.00190381672770327,0.00304626675354366,0.00574622557798517,0.012926835449864,0.0121562094793889,0.0240066329240675,0.0419374905458517,0.0198849295421175,0.0197510667144477,0.0282249159439054,0.0205689012211013,0.0137472205134448,0.00698797813062284,0.00292575595004431,0.00427808771085602,0.00316156972657722,0.00565568925200414,0.0074169853541648,0.0032503238000923,0.00447947456812263,0.00917011720437752,0.017277109429391,0.0375118708307673,0.0817425675025169,0.0517479909579252,0.132412936386763,0.0480235820094008,0.0774779697765535,0.0318664588293243,0.0265936014208136,0.011654319707334,0.00617344659030667,0.00947112908313883,0.00898687863236327,0.012268450353126,0.00225939732100045,0.00361578293805987,0.00420925455279846,0.00877902099226063,0.0207994481377269,0.0331298493512218,0.0456049820740447,0.0228027152943664,0.136029627499901,0.0833103830629447,0.0198914355596909,0.0230909885100189,0.0253331174378652,0.0144053614260641,0.0314598232823839,0.0428987511013665,0.0223632694704156,0.027048533289917,0.0192326144915171,0.0221623530559496,0.0113946898475527,0.0153190603065679,0.0028217502224751,0.00373408030905427,0.00443834912843455,0.00344675806886509,0.0039041032434903,0.0190306538436095,0.0234679617777969,0.0347512488889194,0.0206596579116553,0.0465266266789266,0.11635666672235,0.116677037160294,0.103731019977876,0.0504002636242551,0.0448436493763512,0.0357346874504807,0.0495696185646151,0.0682129975162435,0.0394078311796216,0.0255441559927967,0.0111308930388389,0.0108729547025135,0.0114552107504494,0.00397220926807709,0.0082087483746818,0.0033012362022339,0.00482167794118243,0.0023984580917657,0.00203759408308728,0.0013877802104321,0.000610645431288469,0.00231292394876278,0.00101619967679563,0.00167507829188947,0.000565567366772836,0.00197097341934776,0.0012306316770242,0.00205253251317369,0.00121389949706034,0.00208874989103337,0.000948285737720157,0.0020785056378327,0.00205400864038322,0.0013041587008966,0.00248239514652805,0.00192907509501382,0.00421462194061303,0.00375000390856849,0.00516137212499335,0.00278353905868689,0.00226900996213366,0.00758824859983768,0.00672237252607157,0.00686622507464471,0.0244936621953244,0.0206675724473039,0.0410448471409712,0.0137704647947665,0.0286404701539094,0.020823036693066,0.0109654822727895,0.00488911367010101,0.00953924962881143,0.00499288188954733,0.00608447990987852,0.00344383476257847,0.00913998446036598,0.00452552873616376,0.00906776704767172,0.0121151029287222,0.00414183426967276,0.00352368170587634,0.00336482153213289,0.00363010552089084
0.00291625456796626,0.00299140188801615,0.00267739734668722,0.00144783846521784,0.00194515368637462,0.00170362985845633,0.00123022865408935,0.00156195123285869,0.00136093391329929,0.00239718310592024,0.00196273991448013,0.00149837167273501,0.00228804739174756,0.00608428084786175,0.0171471862690506,0.0109290465716029,0.0154080199673136,0.012106621679852,0.0161909510047497,0.0182235709670043,0.0174773677964377,0.00639880560941529,0.00638049321252541,0.00350022416768758,0.00717083551485624,0.0147625958619771,0.0115359874267863,0.0128052016483784,0.0170935881878336,0.0329119009061557,0.0396348393407187,0.147668611232205,0.114429185040126,0.107071270552976,0.167654614017081,0.0585597117119668,0.0671743951792919,0.0849469556001063,0.0334971208138042,0.0127518393744549,0.0311652046345784,0.0220048570203063,0.0087257245401571,0.0034653536643632,0.00693274418877327,0.00720981905807281,0.00365290710698328,0.00331311863927979,0.00390924881318016,0.00254872931270781,0.00852645347308583,0.0270750183528027,0.0223949294702628,0.00430913814883967,0.0112748844500477,0.00358790441982322,0.00355313609730494,0.00693424092655185,0.00284354683898803,0.00110666400910351,0.00293969954247988,0.00297197822093804,0.00214047413084228,0.0036261425787276,0.00563218210089497,0.0145048984882334,0.0500879658843668,0.13667686212166,0.0815567922753853,0.190412138046908,0.173452230800524,0.144192606440025,0.0695480659556438,0.0525906508828409,0.0515478702793802,0.113539977663839,0.101073266579957,0.0731461714878453,0.0370521338529816,0.0864180574076781,0.0273902608402963,0.0200716725019469,0.0244544998992078,0.0138838447556304,0.00594923189860846,0.00708295431628969,0.00795509012751854,0.010166176977661,0.0241981302350647,0.0242455419878871,0.0546190396528171,0.0450871213005366,0.120573195234519,0.0636318338068621,0.08286781075264,0.0977486682563968,0.0753902238938033,0.158119196433098,0.107643192962675,0.102050204875819,0.048737142952649,0.0551066813036223,0.06886950627518,0.0308954844067071,0.0304738266127241,0.0343838898867226,0.0143221308512859,0.00884572789626691,0.00918008659607104,0.00475125633896488,0.00349357975404498,0.00418126944912661,0.00352606008931351,0.00173919898229115,0.00107814251549957,0.00301380344664756,0.00225558914611628,0.00195809889837002,0.00230350564038425,0.00216967150093034,0.0023729760191608,0.00220696041752882,0.00173461982741231,0.000521859994294622,0.00110977692113775,0.00124564481121089,0.00180087798628703,0.0014979099494066,0.00313509587993709,0.00135061638757082,0.00219612370451527,0.00255936379835671,0.00432942482905255,0.00192479247318296,0.00455540351054106,0.0113601312020025,0.0080530572530056,0.0111899423690571,0.0381753599520643,0.024222968893463,0.0348303815947165,0.0401805098331656,0.0150833182904761,0.0336484976028013,0.00822788509883018,0.00544663613795992,0.0125333850802364,0.00813991636997653,0.0104224777297863,0.00381026452113954,0.0100650781656426,0.0261795835107809,0.0479532633619628,0.0378821769867073,0.0228816550735917,0.0142795511933791,0.0062560901699253,0.0136451655359479
0.00420867603645753,0.00273809146316644,0.00397248948713584,0.00341219691840662,0.00370043497429023,0.00517043982962996,0.00319193837589473,0.00198614476211279,0.00274606803403692,0.0034098094949369,0.00277182794070106,0.00420371562336532,0.00399126226674286,0.00759161154721022,0.0326683575010021,0.0256512586162829,0.0615534961008687,0.0558226867547898,0.0934327212049251,0.075734443126019,0.0659120844610816,0.0386902606573376,0.0243236790627227,0.0196220243164407,0.0504605419623639,0.0476565893359156,0.0867935961062865,0.0360820019594721,0.0513881901096414,0.095654516886833,0.0731476318210984,0.187348302722784,0.057382131542061,0.0950585251399884,0.0978192098296735,0.056946914799872,0.0331334603241099,0.0842860189219657,0.0186980375988323,0.0149526904728925,0.00755030930697031,0.00531137763787379,0.0116473620750648,0.0075169005505617,0.00758117070007632,0.00303853418854343,0.00319045271495438,0.00632900165417233,0.0104370037738188,0.0114882142506515,0.0113896988063124,0.0195780395797718,0.00887875215731454,0.00306155648081314,0.00645227170518001,0.00427078689232139,0.00766880206649827,0.00513035521584011,0.0091420252552335,0.00381825137214521,0.00206501156329935,0.00433982561874958,0.00497502029202882,0.00459714791800361,0.00676118423009403,0.0147130421412675,0.0316959258640238,0.0516289125367387,0.0700176163520318,0.140719830605214,0.0984250518078991,0.0840011379620129,0.0431238041036647,0.102808874503049,0.105778938553152,0.0746089413069269,0.0939979033585067,0.0194530622355342,0.0670279685488185,0.045530921078626,0.0314075874760929,0.051131043273634,0.0434564930201339,0.0125679421185705,0.016345517451107,0.00556956754356441,0.00683051429703025,0.00681874485782856,0.02255543239099,0.0167300473089785,0.0383678149622166,0.042579533057336,0.0348061437870302,0.0376522071538669,0.0188221034127962,0.0288631294206809,0.018490725274088,0.0357090481634357,0.0104064193555063,0.0262862515592408,0.0173353536221767,0.0139887547590388,0.0133057088038667,0.0108617101072387,0.00416740321154874,0.010735014279793,0.00418695110943882,0.00297544056145022,0.00476587190173386,0.00771454876196178,0.00489252049889529,0.0030383315135743,0.00387002584743958,0.00512032655264069,0.00360034224787386,0.00229001595697844,0.0020415532733872,0.0015986931991404,0.00459009482822734,0.00194454045060491,0.00260644317099907,0.00245420328260728,0.0027918517019233,0.00257189559921955,0.00177561907935681,0.00443041583420985,0.00434870818255807,0.00310782611573425,0.00244385058302103,0.00276377887802097,0.00163781490493385,0.003103342330407,0.00436444055310941,0.00399469348816925,0.00422963931014954,0.0033843538566882,0.00356415090282198,0.0036260824053804,0.00274427300717371,0.00351080023141872,0.0037433969110306,0.00512633440364534,0.00516036918547576,0.00309695360154686,0.00284554528367551,0.00426019490944335,0.00248800619567164,0.00288092878963402,0.00133962742636043,0.00372625084490556,0.00567406806742619,0.00977828381709246,0.0138044981373659,0.0255657096476029,0.00630901515352048,0.00885625600526674,0.00369971130155312,0.00694925670066564
0.00719755638506791,0.00726435035920824,0.00221451976021853,0.0024647407578172,0.00265293520528364,0.00843695520941807,0.00563199190725685,0.00378396869469668,0.00564416194626618,0.00413967036602726,0.0027372619824436,0.00472600029146725,0.00427229659583216,0.00591049968789135,0.0156557112340944,0.0171900424257859,0.00593666910812792,0.0160767915965288,0.0121546610547916,0.012373378264055,0.0216379722218532,0.0159679243420368,0.0125257067867582,0.0117110126229438,0.0131216726165435,0.0162767608071745,0.0160635199421994,0.0110810041905359,0.0272499689441769,0.0261691383537177,0.0808562143617265,0.10306247493697,0.0711173035134789,0.0967576106482806,0.0425522610301952,0.0724957554811415,0.0501362942768712,0.0311738445792595,0.0464829781532607,0.00786554160572816,0.0148992976192784,0.0258609027009599,0.0100698341284331,0.00649757340493021,0.0125736742516784,0.00404190629632996,0.00146446330286827,0.00549399172677268,0.00532338059121344,0.00707768437992054,0.00918272875357244,0.00966436520348236,0.00502269599941957,0.00560998206207105,0.0063649513566998,0.00322616889107069,0.00601144781122035,0.00752437839476826,0.00722822453899612,0.00634857819878989,0.00434021289182028,0.00429811678595715,0.00292948283013231,0.00494942421507212,0.00838252191900951,0.00783670198853375,0.0160836353915762,0.0420215363903088,0.0577764157281884,0.0913685028546378,0.0705783736042686,0.0811007458913517,0.0382223910747705,0.0384669166127492,0.0700972426924958,0.0666425283095648,0.0415580193480792,0.0405392945906835,0.0386364980023072,0.030873599536001,0.0129007577135795,0.0127224891658856,0.0131548421314014,0.00840203160355822,0.00693242707201995,0.00744147416630567,0.00658126227478999,0.00339048511077856,0.0320620634601135,0.0355027176700561,0.0154100769018264,0.0273615255359158,0.0446747207510201,0.0342229257821668,0.0409642381960948,0.048346120480752,0.0581460690100986,0.0426777519023532,0.0292106524530657,0.053607109166231,0.0155676976779039,0.0477599997957775,0.00740013020860765,0.00835858083658137,0.00619414493903662,0.0151326296947345,0.00341682052856979,0.0106570743529856,0.00366260681124092,0.00852697258749811,0.00661302332223965,0.0058869742877353,0.00408485584522254,0.00717856840306267,0.00462374425532196,0.00589814653473345,0.00464015326599504,0.00240054215405137,0.00229158637110637,0.00471332125683641,0.00255861742283931,0.0032837056562316,0.00247364281571923,0.00239069008108125,0.00267561011182305,0.0042290076150084,0.00156428181087029,0.00468453690050806,0.00521481623706743,0.003611726158306,0.00896159917156456,0.0065777906194271,0.00537429559508283,0.00191604826820386,0.00628186664207581,0.00431318156580028,0.00245611553181501,0.00249279063238298,0.00381870785006915,0.00768994990845106,0.00623427996608191,0.0046347712450645,0.00759316198006863,0.00320327774246656,0.00351466502515946,0.00461298246329692,0.00277673751296648,0.00329835145108104,0.00246461934897575,0.00729700602753292,0.00867150399809681,0.0102941965410704,0.00971510421058114,0.0090483510013189,0.00795519947691255,0.00525194652334264,0.00700240024593825,0.00505110070400945
0.0032110512168472,0.00717448429737785,0.00184752020756861,0.00238980901965243,0.00400179282025282,0.00394711668337749,0.00306432519413956,0.00288363045371533,0.00619611989404032,0.00151483395047779,0.00136444301881842,0.00422899586122754,0.00278403183273933,0.00739498791300084,0.0179643514572174,0.0214147126689211,0.0461445019705512,0.0308814115965937,0.0406072279187464,0.0289459832156832,0.0257320171131544,0.0356388680966849,0.0126900930205482,0.0243029873723162,0.0572337995896807,0.0491383269129933,0.0920066415314615,0.124180139292933,0.0380730671415355,0.0674259307751909,0.0774126730656736,0.123959209195051,0.0740412009967176,0.034258217199733,0.0528080761233461,0.0318219684937708,0.0565801423054842,0.0231589278795968,0.0252707202575451,0.00523082363534193,0.0109359456509799,0.00793794753264785,0.00733265226356221,0.0037238489211485,0.00323279733351312,0.00363720476953691,0.00389617516967181,0.00328204302280174,0.00276883475619737,0.00212329916222278,0.00227619729280927,0.00377908797026489,0.00106811476073364,0.00188030204184123,0.00281934369282852,0.00309521603019032,0.00498337236869933,0.00394835122155031,0.00459730449776211,0.00372782523253759,0.00474644453269891,0.00221854076762848,0.00393294841501297,0.00371831699436501,0.00340218258085827,0.00623257237348201,0.0095823817388722,0.0179427477125808,0.0366195032808651,0.0546105970099176,0.0331156801852998,0.0396257286089617,0.0217776417597876,0.0291284293750812,0.0385935993144801,0.0196697446637355,0.0465874201448331,0.0193152942250587,0.0167496837843093,0.0131097572917448,0.0100259791646083,0.00989378035140299,0.00547103599852238,0.00533741083304846,0.00246055402653424,0.0038995890133739,0.00335453950744277,0.0018574900898035,0.0160882857612391,0.0148829586966857,0.011935430742061,0.0110647881584278,0.0118037483420807,0.0135978833429947,0.00803400094678992,0.0148239555030726,0.0151444019074456,0.00920997564949629,0.0125478282399384,0.00852576561431701,0.00597360045052423,0.00770403916406827,0.00401370103071398,0.0027277605331081,0.00184071353676932,0.00451260056203265,0.00387934443281216,0.00275585109084691,0.00384742017483488,0.00202781731537749,0.00367842966094309,0.00402771810349856,0.00280449555062918,0.00244030646689196,0.003048520817916,0.00271699260960524,0.00103265317533252,0.00266559644082665,0.00320073469484628,0.00181124013577438,0.00175299158075705,0.00170094348233455,0.0016790487218898,0.00147261593293021,0.00325557335157899,0.00190923705971485,0.0017434551396728,0.00210365053956506,0.00128598988561131,0.00287729148220394,0.00435859266173471,0.00313844811632085,0.00124783273788125,0.00185530071930077,0.00272636979196478,0.00181627593120784,0.00198997040194898,0.00200765799173396,0.00283555758048962,0.00444926450933429,0.00306548290151638,0.00307849864906387,0.00201530591289932,0.00272380645321639,0.0014606687434127,0.00343034690260924,0.0015371645612593,0.00313295451607188,0.00129584877136138,0.00248655905715449,0.00261269359093014,0.00504472995648463,0.00281560349695018,0.00424789025692866,0.00553290982387338,0.00417848384998289,0.00228194257330516,0.00302344207938383
0.00247502189490321,0.00338667116329223,0.00121337350819109,0.00108072415333831,0.00227668749115098,0.00362141959821292,0.00127644989451773,0.00107850726622666,0.00124865005808943,0.00127295651727723,0.000637374764830828,0.001817392377724,0.00273846851114762,0.00682926184682124,0.0107947009655178,0.0175290646790191,0.0110966409056313,0.0196137952293262,0.0138441785462294,0.0127606622398938,0.00915124961487447,0.0166662186017193,0.00442766701730791,0.010032437305299,0.019653827760311,0.0201559461723482,0.0198334756650707,0.0417470781765562,0.0225593790337946,0.0460393019366973,0.022302445713693,0.0160445972129176,0.0100456994134352,0.0138315057280404,0.00947330975453397,0.00558966190960095,0.0121553198475916,0.00393863261066866,0.00259484592271954,0.00212655232006767,0.00122413829549889,0.00259857845957579,0.00153838642630828,0.00327519827997321,0.00163414440776021,0.00146476601896784,0.00124481330374694,0.00228154682292866,0.00173548534628087,0.0010952979584302,0.001317982027711,0.00224483539435614,0.00232832886243404,0.0019573352841011,0.00209349051285814,0.00162857911602111,0.00236128311153849,0.00298947868835083,0.00425217317611074,0.00267608795539359,0.00260588786281303,0.00198528785741377,0.00233888440467411,0.00459972248245046,0.00870183746741525,0.0123308857173894,0.0287715230455253,0.0276899632260753,0.0559970461479079,0.0439510862138037,0.0353632116773537,0.0294076826242989,0.0187313128250998,0.0232783877471836,0.0264769681900062,0.0111061651477213,0.00493927264021984,0.00420988121671403,0.00451880274439979,0.00295423487926035,0.00430058341258732,0.00197361801474936,0.00266626570041301,0.00244909263903729,0.00218895434442807,0.00131452165177566,0.00272612251921399,0.00446475376754392,0.0122028461092349,0.0137472431634839,0.0223702200356141,0.00899363971916267,0.00841879736942844,0.015858753262303,0.0107834300812112,0.00769189671467603,0.00649378416796413,0.00573936920873847,0.00349285966096999,0.0038254221243138,0.00453785484852911,0.00167856244603928,0.00176363129184346,0.00103047046135966,0.00273244499578294,0.00139751996179074,0.0011396359109801,0.00069666009452183,0.00191140249373549,0.00169278434688551,0.00112496640055668,0.00168493919351985,0.00138533472223891,0.00163837469640515,0.00141350044345089,0.00184362455057125,0.00114872177862491,0.00234297701831599,0.0032029993197305,0.00179694516767239,0.00192058544983085,0.00203810379390906,0.0016086183874295,0.00110695936706548,0.00182301384001308,0.00170458304952863,0.00109880096605099,0.00192969750518071,0.0039107474063791,0.00153313730850689,0.00558555808333386,0.00578046939690492,0.00132800378160387,0.00179504666492387,0.00344794480058485,0.00188966108161459,0.00462697360185027,0.0052047605075854,0.00255399686875042,0.00365517310224709,0.0028548865621041,0.00213369750220977,0.00318974648095988,0.00272708351148132,0.000734424082203488,0.00152951844130121,0.00221710041823183,0.00183317473912657,0.00105960830046238,0.00205094132734795,0.0105472833284838,0.0162264620568776,0.0234226932733999,0.0264011730640915,0.0118935919521662,0.0102873809077824,0.00667149712048708,0.00388247977683307
0.00224183836205041,0.00139766384613236,0.00205490929119785,0.00111108120494181,0.00154949615840661,0.00137249931526103,0.0005810840913954,0.000859319258890612,0.000977971858076621,0.000777487507911164,0.000974392980670988,0.000888338434948792,0.000742984399018969,0.00336690993163685,0.00587935936308416,0.00575549530651073,0.0123947786583116,0.00973312489920208,0.0102275253017502,0.00560663965121774,0.00262918892740688,0.00282276136266179,0.00448419025826159,0.00400152619760898,0.00436951694914603,0.00684784235912567,0.0126357415295878,0.0139451981371871,0.013917019954551,0.0110461273633012,0.0104325682298469,0.00676024939997578,0.00447945151283501,0.00643927362413322,0.00729419522972284,0.00548817767978742,0.00598126308500505,0.00526134538059503,0.00523915886148787,0.00229664634648376,0.00263067660028071,0.00139785973989919,0.000908545718240807,0.00194490193012456,0.00131047919632583,0.000706339706028421,0.0011143910670203,0.000873535310069014,0.00107783505214657,0.00119942409622002,0.0015108217752456,0.00286143717806986,0.0037136131643571,0.00145669379262783,0.0022428214726509,0.00195662945899891,0.00235594052583617,0.00440395556147532,0.00315557062451865,0.00523443267294245,0.00323003997155298,0.0053146908916828,0.0047357985293109,0.0132437303458655,0.0247086678844879,0.0426967032990758,0.0248458947387557,0.0411178269456356,0.090092478831161,0.058095730400622,0.0394650531308309,0.0104790356464523,0.0438110790311862,0.0222855578096915,0.0262050374867806,0.0217681147597031,0.0265748543097244,0.01205081030853,0.0211939461990714,0.00750122806079582,0.011580476355637,0.0067835227256779,0.00423601364288315,0.00200110183321662,0.00237547610432699,0.00191770010692462,0.00169247927076247,0.00280206327385658,0.00431796210083722,0.0103830900141915,0.00830561458330529,0.00488640097413329,0.0157358955168514,0.0263221851716728,0.0274732214415113,0.014533202048541,0.00942657488464289,0.0163440754123077,0.012631484256605,0.0078295092897392,0.0108946222655691,0.00649447773404829,0.00465429305430113,0.00308290504693105,0.00309988830640978,0.00131466991882147,0.00149762642477193,0.000985059606359092,0.00147193343325786,0.0020026006752937,0.00105013129619604,0.00107920629320649,0.00093448932376434,0.000948931604965132,0.00139849466494309,0.000847950425659697,0.000445859050510544,0.000737841154458981,0.00163967092375606,0.000596564420989843,0.000950333392072809,0.000659803663852982,0.00041912474821384,0.000695082825493094,0.00126614907893867,0.000919014814436661,0.00120595861439916,0.00310798536796533,0.00382067482296073,0.0121864333917158,0.00798275694999227,0.00587694801193274,0.00466816085179458,0.00364003635543655,0.00198904170488013,0.00195056122784895,0.00243552316616363,0.00290256570127368,0.00237057125448569,0.00377730888746776,0.00388612531128035,0.00429962633116988,0.00599331323292834,0.00126708240386215,0.00485088935575424,0.00160141501006611,0.00368803254245699,0.00162449113278724,0.00302981330210117,0.00315525740245676,0.0113288010644215,0.0129372165646388,0.0150795300942922,0.0144013044566848,0.0154953700335541,0.00739598259687571,0.00672847304647456,0.00322348594212637
0.00145047281672002,0.00153383061510309,0.00125478639840038,0.00172548677997373,0.00101881362591158,0.00135755603836096,0.000715892831544747,0.000857581346458748,0.000646676765672685,0.00118411502345804,0.00124208677270468,0.00114735845214651,0.00283564858180345,0.00499431712372525,0.00944668963597867,0.0334420800072168,0.052891971461777,0.0591304341327452,0.0318516293341717,0.0340284790852503,0.0335948036179348,0.0239394037559369,0.0252228435511452,0.0235604361883427,0.0192942725092914,0.0249877770088721,0.0221629633824566,0.038329056817954,0.0399087747509293,0.0493640556702728,0.0446974966575383,0.0152017650054518,0.0124651188384393,0.0211650098990454,0.0182720869185332,0.00724491348823725,0.0187250341645244,0.00743068975072588,0.00311300837501037,0.00849400840744938,0.00414352487705212,0.00149411276875937,0.00190404907163265,0.00170870321723831,0.00164462799293459,0.000607622307341456,0.0010384321169329,0.00065492883654387,0.000920761122349657,0.00189301557524471,0.0048210271481318,0.00487477250523548,0.00442079339774462,0.00267362910924314,0.00327159075327545,0.00247083176810443,0.0047556008686114,0.00491930446872807,0.00507109892336336,0.00591845123836548,0.00426570334159152,0.00822038974427309,0.00997289912658256,0.0274344527471473,0.0201591235605468,0.0311363122262904,0.0213580880385352,0.0329066489728367,0.0345331521658595,0.0472486799397027,0.0430336308059418,0.0240756207217557,0.0410187946888099,0.0352446140838971,0.0335548085021933,0.0230346574621964,0.0334896216250733,0.026725388070669,0.0110402451907173,0.0188831285146102,0.0152353789144441,0.0107527682507579,0.0111939953089162,0.0060000566941087,0.00402698570704833,0.00276069008546349,0.00142910366149096,0.00206911148186132,0.00125285752431063,0.00251971034634684,0.00149041338540492,0.00497497356064188,0.00721747606924236,0.00719780247357783,0.00943463485410127,0.0118565546281421,0.0141678101040229,0.0137113812183994,0.0125088588362056,0.0150694083590436,0.0208345432558504,0.0101314701520159,0.0114294696451971,0.00495128173640823,0.00387380947010362,0.00214372206135194,0.00238942958183523,0.00122003896376302,0.00108576637798042,0.00100475968784826,0.00117519031714487,0.00111706997064286,0.000754704244541749,0.00087024644000557,0.000993750299597337,0.00073056492665869,0.00123675191729333,0.00124799117204116,0.00111332348984269,0.00133237838453571,0.00111555980548938,0.000615807693701536,0.00093057982598857,0.00118761642792337,0.000945651254182669,0.00105051800302212,0.00215132702888617,0.00923010138250914,0.0124571362700126,0.0191900644573897,0.0208707307819856,0.0167378283294993,0.012802556339957,0.0151564997360136,0.0164329102376305,0.0111758006470235,0.0282015269263911,0.012202559937468,0.005051788333181,0.0131781508793067,0.0176341258863634,0.013335394400929,0.0116298893293567,0.00696494451268724,0.00761424026649382,0.0047594824998243,0.00957697955295769,0.00359776106605315,0.00728199428723179,0.00950705649043574,0.0102146501541446,0.00791331623860781,0.0163640314354424,0.00544180755974827,0.0109990201635568,0.00374294219219054,0.00546978859388733,0.00404003335266804
0.00186606592322307,0.00169026518432677,0.000793045789850505,0.0011351169634298,0.00170834802728049,0.00100548875409872,0.000583356083317438,0.000768945345607288,0.00102478251385962,0.00101936071573782,0.000855678961085517,0.00143558744284967,0.00145545912830608,0.00724194565707712,0.0146505383089535,0.0173679124972844,0.0195965095028157,0.0161623508423806,0.0177430613972827,0.0138427531410987,0.0177911740246469,0.0115079631667426,0.00708153441463632,0.0101182376643852,0.00865645072000269,0.0163824392308689,0.0289217661589592,0.0166773150609872,0.0403449988855625,0.031793590669414,0.0228062857085248,0.00825781135733553,0.00781268351429026,0.00862005787420919,0.0078003878746235,0.00451267220409509,0.00657716590337458,0.00177826996456949,0.00279868535732717,0.0032156688597904,0.00122452329091691,0.00142298746162553,0.000575257536814095,0.00092304435571481,0.00128678320203903,0.000771988200501866,0.000715738878366031,0.00118101976221582,0.00105255956235822,0.00116369419458461,0.00244008560047888,0.00372439868011626,0.00443374936886222,0.00211302866144949,0.00206697155506705,0.00256552291444713,0.00246138019019969,0.00633316323379968,0.0135865014672201,0.0157017340360023,0.00710470798829764,0.00759362746953911,0.00605047929030322,0.0285513162275961,0.0213370811692497,0.0173830983128347,0.0143449714922365,0.0144491783526355,0.0144363641510155,0.0156937577509309,0.0119459880298331,0.0128443053171392,0.0182174109236724,0.0191746742968456,0.0125270768948875,0.0164046479949298,0.0111509174885907,0.00521614841525993,0.00773747042537761,0.00421944529025268,0.00221740190392192,0.00231714563970936,0.00235871363495862,0.00196683871414438,0.00112711144815305,0.000911154898575927,0.000621076110830117,0.000682032681366638,0.000912960278345268,0.00126322720182545,0.00115115059110764,0.00299566832921073,0.00341124779210263,0.00382146872843718,0.00331773025514026,0.00266097779385043,0.00532185534093431,0.00597987285886616,0.00326917325328318,0.00461001672515636,0.00367837561869757,0.00254480103133168,0.00290601937563737,0.00153777789857603,0.00119624258758692,0.00173682766069146,0.000993526543787284,0.00072649363519308,0.00048392000301187,0.00128618886407234,0.000872741990929669,0.0011887438541396,0.000957533958721356,0.00122964375260131,0.000743213227994598,0.00114373007872569,0.000579570115784695,0.00166441358121781,0.00101566790769043,0.00112944565532242,0.000820392882674786,0.00112918398504133,0.000604391621053949,0.00093788593170631,0.0013382574601597,0.00286842759030655,0.00442681803216981,0.0132364244141493,0.0252208582310334,0.0190465573024918,0.0229317575779903,0.0256234270818541,0.0174698220821218,0.014576679754758,0.0105255557603701,0.0109854347720874,0.0134512168534629,0.00521804654260973,0.00766006069791151,0.0049244673907801,0.00615889640875675,0.00587589843474543,0.00373902047350227,0.00269756117019082,0.00200731379446748,0.00177909034026737,0.00208285753932589,0.00217905771589181,0.00183987882693755,0.00607676493875567,0.00301176068636874,0.00594771561472536,0.0099629191298481,0.00523529510565628,0.00800895396549546,0.00274140865152406,0.00483862318457364,0.00208678853678223
0.00106800307340002,0.000821845361965233,0.000672540282450993,0.00142117390671779,0.00177416207885968,0.000874074368757655,0.000484356168826975,0.000556010721647799,0.000689024077053875,0.000650984873557264,0.000954396457781395,0.000868065632644807,0.00148816220250083,0.00159318274573776,0.00288436251609493,0.00678795655376368,0.00609933653621493,0.00532697439587388,0.00701005889146284,0.00456560182559017,0.00936649647960396,0.00410156237264473,0.00627290339720352,0.00452525506653506,0.00588986792112072,0.00661173749974225,0.015877660244318,0.00740260046203089,0.0117961910533284,0.0174643960479182,0.00648985372955266,0.0143372442069539,0.00664500752532592,0.00426754458833807,0.00468541475227592,0.00322272542529888,0.00240603922007876,0.0017731138057317,0.00215237135402278,0.000997102649449304,0.00102546168151901,0.00053901968966277,0.000609430546273155,0.000874217535586647,0.000671048878669887,0.000762895552000221,0.000700396238564902,0.000407314139900669,0.000803868725171889,0.000658083137904691,0.00173355417625195,0.00134419466686933,0.00076191680924964,0.00123628401088215,0.000863039872919969,0.000752010946466196,0.00159756389933352,0.00332513967472493,0.00455139393011308,0.00484115391456913,0.0025055053495053,0.00369770398220442,0.00190503877676752,0.00521311302641786,0.00949795412193436,0.0118011297613669,0.00919758718982747,0.00891975368329612,0.00589051908117924,0.0041316221160112,0.00488173639390238,0.00325860853801031,0.00499531126643806,0.00609862528444024,0.0033083941947908,0.00543337923982343,0.0027100448106706,0.00143618791870796,0.0025032294111539,0.00119056950854536,0.00122788152363074,0.00101496234663307,0.000649624989651737,0.00117121196312024,0.000667421732964947,0.00100509604683789,0.000558687207977106,0.000982829768876016,0.000734023736568144,0.00179119916881682,0.00152504612246083,0.00157645780316201,0.00131566608815229,0.00137404020690498,0.00121792698801251,0.000697415074909764,0.00110549930062,0.00114948168948136,0.00157306553407413,0.00115215514137359,0.00143229011888427,0.00108916113585235,0.000823485976930045,0.000935130539005286,0.000675783458130972,0.000826029171797613,0.000428133355818552,0.000506498046370321,0.0006323007002888,0.000709920444115884,0.000378983215813043,0.000455232035363872,0.000466268211072879,0.000702681713690401,0.00104243907360545,0.000407799086965774,0.00064278900470821,0.000875015040144582,0.000719776189323015,0.00125538929856408,0.000953175607001914,0.000898572292151881,0.000521111761477053,0.00133519856919648,0.00323097304562014,0.00197343919856377,0.00683633108744927,0.057292571498488,0.074662288990807,0.106979952783419,0.0447386971679112,0.0613011645760306,0.0392486337531153,0.0339469261505005,0.0291761388903396,0.0185496894777528,0.0123977881624645,0.0127625534824206,0.0119902275945679,0.00497350123257383,0.00327776335951143,0.00447401734121695,0.00225273494758155,0.00213946510462004,0.00149432270767975,0.000919876438818853,0.00164099505135373,0.00132335140992048,0.0010375560622859,0.00121760973896051,0.00144655625705092,0.00212933695651129,0.00165348773988209,0.0014443099716995,0.00251742571582303,0.0010605940347914,0.00206179484608373,0.000859653330520943
0.000922852894593483,0.0012031400777208,0.000725869551353989,0.000997855655328528,0.0010235140269268,0.000781994432891067,0.000527412622261339,0.000555387533451619,0.000655862082841616,0.00056587288113885,0.000469577325921421,0.000409160208911575,0.000500425707492543,0.00115356798764627,0.000930800557698531,0.00117269477346888,0.00140302256516166,0.00130239063889151,0.00127677639284221,0.00119174555166388,0.00163618698042507,0.000911569610998301,0.00126285637754402,0.000884983386241735,0.0012844232690317,0.00145033583645033,0.00293570046844146,0.0026745179453319,0.0032409247438052,0.00254480012959671,0.00229213154882497,0.00293769332592592,0.00195643516715442,0.00132117871640259,0.00106167420810393,0.00132417181083344,0.000749844870751589,0.0012642880216182,0.000863783941356912,0.000753968936364031,0.000392051235726662,0.000432595619962143,0.000350233279974578,0.000891582071556154,0.000876619318495293,0.000431675176552237,0.000504364023510638,0.000718289656810442,0.00051858658417913,0.000541344124167441,0.00107826083372687,0.000475835854997624,0.000545099703759807,0.00073175512140009,0.00097140616087601,0.000570617725074324,0.00101224338690068,0.00108804197565116,0.00237803862801375,0.00218821332642179,0.00245000229396639,0.0014279525891899,0.00240716044811051,0.00661525628739266,0.0142900477759498,0.0166695007912208,0.00461465942374265,0.00686772774157862,0.00764154831375372,0.00290767116825463,0.00258920333739921,0.00389609174795238,0.00350830992482423,0.00194419966803149,0.0012292545218039,0.00171551980230164,0.0011148580606618,0.000791180169338964,0.000868158281789164,0.000857945348005919,0.000711243089630511,0.000479759176815951,0.000463865990435317,0.000535884894711766,0.000857536326697944,0.000556035400556784,0.000504855578572569,0.00108109843879241,0.000759522914982465,0.00130995906331708,0.00144024898799475,0.0006500641616457,0.00113724619178022,0.00135887090729603,0.000769324735532443,0.00069296439053234,0.000653898130693024,0.00102176053880687,0.00117597300327722,0.00107868378685396,0.000924196505265186,0.000497714262204851,0.00115104070601906,0.000805411296381241,0.000497159267926614,0.000845430409077677,0.000975821939757019,0.000403319941804195,0.00082409244571575,0.00067808023086417,0.000273770310323928,0.00045013455205173,0.000450317527633155,0.000628702367638547,0.000542757046241351,0.000401090978849978,0.000501792288596433,0.000461317110018272,0.000496209076014606,0.000485804974328053,0.000507653351375961,0.000417014240319688,0.000542535566315258,0.000839097551977023,0.00104535683484853,0.00149526254550188,0.00495106250621017,0.0191153208599667,0.0535212828927717,0.0499975477743358,0.0637889881034193,0.0474919293431179,0.0390874904389023,0.0182583266907493,0.0227968270766665,0.0153524286448295,0.0108554308522032,0.0153855877516424,0.00840413727677097,0.00470514116336769,0.00542217522766809,0.00287574519250813,0.00192240220709872,0.000671523927825864,0.000982007885084708,0.00106342603065313,0.000952765227880902,0.000530998249321789,0.000699433790627335,0.00097899330528932,0.000759134820712405,0.000816899839312603,0.00115056925933826,0.000906877085956883,0.00077949933339265,0.000858014784848056,0.000892894991676197,0.000573330040168029
0.000279209041376157,0.000560994983131001,0.000513764520545615,0.000488237625752535,0.000336163699466322,0.000341601582097518,0.000387450590588452,0.000257264765471516,0.000173881702905268,0.000369050459710762,0.000280500491554559,0.000333685889398487,0.000257572892526073,0.000406953160252164,0.000207214168057917,0.000219164016730061,0.000288284762474443,0.000194409254613141,0.000360327398060698,0.000362148769223411,0.00017407930048265,0.000256232579305174,0.000487396904264073,0.000195615945755259,0.000346815107455901,0.000546835955959822,0.000487780125251195,0.000386234682382996,0.000231658100515663,0.000285878025576568,0.000300389604292362,0.000582233615443925,0.000796393835859649,0.00141330738949554,0.000852665217258838,0.000428676293412294,0.000769365272011718,0.000474434074818053,0.000636013114643339,0.000649017255941158,0.000303879332877504,0.000486245975072842,0.000318232922583551,0.000717211741206501,0.000340942345469597,0.00019106460517282,0.000237107352188401,0.000360651274468853,0.000227745508836631,0.000335142141156314,0.000277226912088962,0.000194540819189703,0.000437135571596816,0.000253227991621201,0.000328170135020521,0.000606674683102329,0.000829457569116828,0.00245262638575628,0.00407087678756808,0.00585081266724245,0.00496015740428527,0.00356357394446698,0.0064919589951151,0.00244592731074812,0.00354985457278275,0.00729668733163878,0.00186893933215199,0.00252385742719843,0.00101390233626371,0.00133246822133714,0.000795355635833409,0.000743603489742777,0.00119518542400958,0.000504941409603369,0.000440128587729421,0.00041386714094993,0.000390785990846632,0.000259412431304379,0.000384679063726456,0.000431041626246637,0.000401789432278713,0.000301114085325397,0.000359842186732567,0.000277673081189849,0.000384847261437422,0.000728316052958306,0.000344497816873023,0.000305640248057221,0.000337899411560858,0.000363936631355465,0.000662228271692956,0.000280085336569067,0.000349318006827216,0.000516911429589148,0.000414133354166982,0.000313314203745231,0.000267514174504005,0.00069673099170857,0.000471530992994814,0.000688938910656716,0.00037693146937482,0.000359001990943218,0.000432508244436566,0.000305995751807171,0.00027638797538716,0.000371315263821321,0.000265548495240849,0.000240512616639261,0.000562735848547532,0.000539796129975884,0.000371104269846087,0.00025254813993806,0.000337203103018795,0.000416741395993312,0.000343088040508068,0.000361866035720148,0.000386575893426871,0.000346221908106874,0.000308120211797947,0.000591381717782624,0.000260357613269772,0.000198363462967883,0.000562264757243146,0.000394976344384124,0.000594362838329261,0.00106361851066336,0.002699929661704,0.00877288847801508,0.0220287357677826,0.0438548515660239,0.0604203034379522,0.0500788161234535,0.0324946750643315,0.0123531904830713,0.0103668623280138,0.0128851321015559,0.00483588932374837,0.00668790538202896,0.00472107951187402,0.0033093989571968,0.00289098754419909,0.00376479235072288,0.00133264468097575,0.0010904751267217,0.000923456150372738,0.000370872635157893,0.000537830109301493,0.000239194941638544,0.000370072549741174,0.000406229769122472,0.000431548584611602,0.000576798050756418,0.000449707475969318,0.000450772390435831,0.000528823021365498,0.000506457148835515,0.000484134696377564,0.000339477746116388
0.00593828485133008,0.0107452039511617,0.00803094519303928,0.0087212387954618,0.0102080403673126,0.00612219784051087,0.00852796320029648,0.00903635223114808,0.0096819441904718,0.00866840031230984,0.00352196208645805,0.00703165788931039,0.0105018228604333,0.0209173666632851,0.022118715777026,0.0400117305975099,0.0406925808943069,0.0357718726854881,0.0275013296746891,0.0236140491446288,0.0313285521154421,0.0241363452484838,0.0235074651847654,0.0255128429838861,0.0484059400415434,0.0824744920675425,0.0782322495300916,0.0353761051991423,0.036325691478367,0.0252356190109063,0.0280676280433582,0.0255894359869808,0.0406160684140653,0.0898602063283839,0.1005151947258,0.0583791613264532,0.139849249825746,0.10087326207559,0.151780948708668,0.141689372334946,0.11551086915267,0.110601238787174,0.0484826181979634,0.0732562578058621,0.10885684374907,0.0886500374314939,0.203951432687065,0.145826245051902,0.294352768029741,0.145531367915198,0.181981021043966,0.0835436356930269,0.125125888336801,0.0524951886209348,0.0173544730171044,0.0764764493608641,0.0186659462193677,0.0123947116065654,0.0185949087683339,0.0135577699010233,0.0127741908290673,0.0196110959344779,0.00962068822945965,0.013693928289006,0.012699602491313,0.0378141652195891,0.262294742189863,0.354921424999047,0.361374062889912,0.254714755577419,0.10440962367526,0.0589952790657842,0.129858240286913,0.0980597530565676,0.0584660362522796,0.0620523858187385,0.0176926824435382,0.0281656935008464,0.0415812441946114,0.10525953003347,0.108566978787973,0.0530786012543003,0.0227407420780999,0.0473819936153424,0.079916155997009,0.0531485581016691,0.0440112366483724,0.0227429140383267,0.0110611991827994,0.0719661637012918,0.143149078137172,0.292408471240107,0.161642912111105,0.246460524001091,0.0602531027892092,0.0149743244479072,0.0361850601783486,0.0869418679125156,0.123238838380997,0.0632751814386532,0.0702036783409149,0.104077886888665,0.0541170224210152,0.104293351287079,0.0681253710142558,0.0221514434593847,0.0145754500377698,0.0194594877557428,0.0151263434131415,0.0149170531448727,0.0194510528499629,0.0309556826301776,0.0587901675560799,0.0323327703604331,0.0120712347851563,0.0180871865863598,0.0180295572787013,0.0130546500691847,0.0483050128065959,0.0642994647180855,0.0174347550342235,0.0301962555913376,0.0349240728062342,0.0211734101017361,0.0166989486360314,0.0562077764199392,0.0689017287502798,0.0302873872830614,0.00569169844473718,0.015326856706231,0.00981383948027477,0.00716826169345356,0.0852646027108596,0.0742605403261262,0.0565976914592925,0.0287586871694557,0.0543069526770408,0.0254690590428021,0.0154236133047732,0.0350415609373797,0.0300452222337123,0.0167029921608335,0.029394194190373,0.0431954375379807,0.229733139592506,0.152221768580961,0.158627538326651,0.0781184387979515,0.287233806268212,0.317811058538343,0.640239597751588,0.770043901104261,0.512588807992206,0.45685919499998,0.684051691363041,0.599465905465695,0.135164164816359,0.299615621497763
0.0075605016882872,0.0130197461538736,0.00938141222814771,0.00589188801363904,0.0048045844781699,0.00917909711136002,0.00808285352526622,0.00313493603076044,0.00199831573400184,0.00537128702820219,0.0037917573858569,0.00431503677438878,0.00497190499970605,0.00461443897258202,0.0231123113059677,0.0367018599000302,0.0496701381983765,0.0384163349520802,0.0537260022187422,0.0820007864094345,0.0846344495365672,0.0755056297371922,0.0767923095905398,0.0940607079222378,0.097674854454829,0.0844898487120024,0.0566032903607328,0.036548377983815,0.0653780256597359,0.089858744065816,0.0968706576578301,0.114160630264721,0.106556833893403,0.0609008472513647,0.0355802382573409,0.0529197884461458,0.0708315852536502,0.104035852478157,0.0875539875529069,0.0845462947445218,0.081707462724318,0.0762022730459598,0.0810529428957883,0.0729125196051057,0.0701793247546555,0.0669284640257421,0.0877194012093576,0.0762201931128187,0.0378663790332092,0.104069860413443,0.172838565582544,0.206237249512803,0.158769922593,0.141061151523207,0.0704424828470936,0.0981612626045299,0.121736448618155,0.0398236126059526,0.0373878081363905,0.0264433911376221,0.0261776883758093,0.0160424406193491,0.0052700962410339,0.0217632421874789,0.0255418490650355,0.0361605131080873,0.0548444166223467,0.212788113706534,0.139270507506293,0.179710212511514,0.170371131050515,0.0844772138109957,0.0754180000834521,0.116611505583346,0.0927625925720223,0.0978782418596274,0.0982358073476262,0.129119549683687,0.12239715724883,0.0954583434271872,0.0754387091478182,0.0513197763292483,0.019469472858884,0.0524549993326083,0.0689563363943324,0.0871075092659092,0.0867815845087925,0.064262005615004,0.0531151558472083,0.0731308958320338,0.160440662505122,0.0498593350170486,0.216669325716483,0.214681290583868,0.138912746408433,0.0818821664698389,0.0468881210061221,0.0382541356607086,0.0578341812799239,0.05916283792299,0.049204952127304,0.0335189120690127,0.0660249987194434,0.0690411535246932,0.0642817780476323,0.0461590972701513,0.0279147220917111,0.0699267329764708,0.0773645763114242,0.081183552056647,0.135231326565048,0.104603545458928,0.10695843479647,0.174062606724144,0.0869454967118003,0.0397629773655402,0.113121033789969,0.0501178909090531,0.0796257849720358,0.0725388194160718,0.0606489446681056,0.0294091786387054,0.0652969164186664,0.0552517553604692,0.0341323233007474,0.0184089847878704,0.0330313347191211,0.0210237271595995,0.0305219409973269,0.0188814563542836,0.0119828615234496,0.0159336645937454,0.0372800177139243,0.0369300388829733,0.0288228499986355,0.0627600836101944,0.122105210365255,0.102587587663947,0.0839799623421311,0.0451505129859896,0.0321741036484339,0.0321817710052259,0.0248883239898747,0.0607348366085904,0.109034678436042,0.263702916925321,0.12944035020835,0.162030164558798,0.266656665923653,0.115437179201631,0.287537040220631,0.285963533735033,0.293054535235845,0.267368360882793,0.105098819716382,0.0573887368837993,0.0744743835897853,0.0720315313146022
0.00647787386824826,0.00901194524842368,0.00451428713298928,0.00291809630956556,0.00411231394927565,0.00488710964086275,0.00522874441370327,0.00392647912857307,0.00547473364171947,0.00563021264463642,0.00575717994940447,0.00674032951142386,0.00448758901581755,0.034114914464682,0.0402483770909918,0.0669565468513339,0.0792892959911769,0.0602842043061049,0.0866935732338746,0.108403626782871,0.141721279585409,0.136049792324724,0.136462830931355,0.176391794451531,0.225773985239809,0.257461144593083,0.22913551257938,0.216776547833666,0.18213413520343,0.115068297906146,0.103235683812238,0.15626210249504,0.21417407176092,0.253804839273288,0.216873478058641,0.1773674209552,0.153620020152402,0.106246972517506,0.151301593746281,0.182342753417968,0.126030888609634,0.106516282295955,0.0928412294580053,0.108726105854212,0.153937059715049,0.16916659774785,0.1785702467781,0.0730385283320665,0.214120277316931,0.249069227163507,0.242272404435978,0.251522461139341,0.204980669954426,0.140307958378048,0.0944040371771283,0.05669027895923,0.0480758581058761,0.0294648506963961,0.0158190138416807,0.00972286978199817,0.0211992754669827,0.0065010889723674,0.00702862458038707,0.0131743914373788,0.0175240943494505,0.0401191503660097,0.194555565253753,0.193341393517248,0.0887266325071415,0.186676016843388,0.192202818643995,0.181552887598884,0.125567146218845,0.107960349306243,0.0832749355840982,0.109640967728568,0.144021704183488,0.168842463410863,0.208320537357239,0.231829258130594,0.250115074911793,0.165835877876166,0.113690584715453,0.0543658703053274,0.0387435381529834,0.0309160317314191,0.0299448960404752,0.035787301216042,0.0290599812033893,0.0450950874967415,0.0714739547366946,0.11877061355325,0.156235348512108,0.108042523395794,0.133991815671189,0.131096071301118,0.143064825294917,0.147186737836074,0.146900008599893,0.11582295626652,0.10213724511721,0.0992983336586468,0.0965761698306942,0.124904049924615,0.119737165243848,0.116938349155158,0.0963106243120912,0.0792571408484833,0.085379855308319,0.0136957640808536,0.0541575456838543,0.0611992431229313,0.0844908747307454,0.123864991286293,0.128821097950505,0.117633472338176,0.152908020238773,0.094722806406718,0.0343125079400526,0.0875592261062471,0.0421091451725807,0.0544595140146228,0.055434669491219,0.0316804933975632,0.0317441150418868,0.0245380325490787,0.0252502566912589,0.0180298144535049,0.0132790995456157,0.00495668710748709,0.00889676832475626,0.00640637684672053,0.0247338607230867,0.0151571212251578,0.0486109554887287,0.0563016692895953,0.0772836277853127,0.0740219249916743,0.0282928059671235,0.031348992793738,0.0183933105347121,0.0374661069086,0.0432876852995696,0.0282715819657573,0.0304801055077794,0.0643318211566234,0.0694884173537069,0.0776434005089385,0.146959011762113,0.0237101882624631,0.116154532196605,0.17374424833332,0.0664269136918217,0.098717063578583,0.139965763920286,0.0428481009813495,0.0355770679220397,0.0256396215214768
0.00415384123721342,0.00275894384560387,0.00323760766507771,0.00304470534560546,0.00412698487119698,0.0031435172895228,0.00200430468382307,0.00202339286818263,0.00163998269926606,0.00261523585944158,0.00532555451795606,0.0111341658691328,0.00400875499483763,0.0636797290480988,0.0476808872033061,0.128198147702885,0.145416608298998,0.110058429905812,0.0823331615174074,0.101561361065049,0.216716196624289,0.251277167476,0.317203901267665,0.36641725976436,0.353207604290663,0.154328602303098,0.367172745916162,0.284749549690803,0.202196150768741,0.208575328721786,0.110719774297226,0.0738514713543195,0.170326735206242,0.230674624389807,0.203625118790832,0.221600603544824,0.13502273756753,0.162788316275857,0.257426666845271,0.297630195932123,0.263278250839733,0.221532125589792,0.157160584521857,0.0862187405543872,0.175532063460327,0.22430491910817,0.221591675927977,0.248425559679586,0.375377518136513,0.537047814780813,0.602164198298843,0.597430723265772,0.500471799284171,0.0608167590119783,0.212162633196516,0.142735411985033,0.10880642594892,0.0836058914411902,0.0500634623927479,0.044229881436881,0.022116920432402,0.00907053743603567,0.00327737534146124,0.0104738720529418,0.0224838175562979,0.0326776628256138,0.322230380488864,0.273047250197116,0.315302522723438,0.0822244949903444,0.147133675748793,0.0750074824837586,0.14116798698006,0.102817763469482,0.0532760126401506,0.120735495871496,0.133054684623611,0.0568070678264539,0.169876394504661,0.224057046572027,0.208806087983075,0.128228564105555,0.0738490867046642,0.0496539865471294,0.0309901465131482,0.0121655807366207,0.0327730167258559,0.0224223627886084,0.0336829045621341,0.0919107818645067,0.220070961255551,0.388243018439284,0.287744650041476,0.183342959064123,0.106425835507691,0.0627301741994378,0.0607033493169881,0.152142975931887,0.128742353804288,0.131567027029178,0.100158740151642,0.0647698966806915,0.148464695681857,0.194273867784035,0.124066539894852,0.0408331501671169,0.104170130746002,0.0970026818913925,0.0580024848666118,0.0506536098043511,0.0693919140163866,0.146356809059548,0.142745601934874,0.0989118507620943,0.154771571238668,0.119411542552868,0.108401532358688,0.0826097176500474,0.100901514401295,0.088091687565149,0.0543899093844003,0.0171745399364221,0.0362117027184906,0.0325558387364046,0.0334313927742533,0.0188093384699425,0.00694666793736972,0.0131981666898889,0.0132431945132976,0.00979997025845023,0.0230747433083452,0.0267995604424051,0.0942325044610116,0.14286671961275,0.205045837377921,0.157599407408193,0.120954351200098,0.103236537454606,0.0734931384805296,0.050491812479601,0.0677037591976757,0.0944868045754959,0.108982660998975,0.0705990560155891,0.0557928577864873,0.0488765028287833,0.103655644054818,0.0631449386556936,0.0512264270897473,0.0367634309444142,0.097510727014597,0.0971755678168058,0.104090710808444,0.0703646752054708,0.151402835968934,0.0513781711840127,0.03488491958269,0.00753449498475596
0.003069320436512,0.00273322843821479,0.00151530108947051,0.00194321090630232,0.000647957090895166,0.000563998338314226,0.00212671806947931,0.000847022315722273,0.000501459093810844,0.000784221259988086,0.00119478990623224,0.00250656801366816,0.00801838440694226,0.107869966510803,0.0800309970804048,0.110696949972455,0.17328528169922,0.203772226407749,0.0447705943437081,0.161169355046127,0.143717720196846,0.125549955930094,0.0783322402321865,0.202949506570503,0.228215775915326,0.43999682695721,0.483167719424693,0.329507913040891,0.232299180108021,0.125709596644181,0.273310546315705,0.346824490395156,0.220474298723713,0.203705713725842,0.340601465837021,0.353796332979261,0.0944944618720902,0.178227101201219,0.346915508990615,0.35137180184583,0.0870086732068507,0.186019138705775,0.162263329125269,0.0467282226488114,0.0803726152175259,0.0735746498255988,0.0736447419952012,0.0650138291667814,0.177743644554633,0.231108912439921,0.184936414070882,0.113643441130203,0.085277390314447,0.0785616103776912,0.077729701179491,0.0893836983878401,0.073276304428252,0.0270650435842793,0.00720118765259031,0.0196899760436386,0.00830507793286947,0.00262289383717754,0.00451859589307904,0.014103381880009,0.0127876038957589,0.0320813935485902,0.17711929452476,0.183367218962,0.240134059270996,0.236774394532652,0.344899800326759,0.196539972859412,0.155620506556532,0.122326069884945,0.157444436202252,0.204836892245608,0.226409869007873,0.256914780512631,0.209302368639489,0.144884280809424,0.108129335308338,0.0197906140394348,0.0242114655176803,0.0805931548198546,0.065628794603759,0.0340550067722129,0.0227798174481051,0.0194532766300937,0.0214270347891156,0.0424649740583297,0.125463646994507,0.334504293710545,0.368200216303208,0.190653051328353,0.100707123213797,0.370654109598776,0.436550943240065,0.110546159194541,0.0637053654473652,0.0397599261015638,0.130421517975273,0.173365127932506,0.114417895562874,0.113691372811603,0.0838959779389076,0.0461712077043971,0.0170415088439234,0.0607871471199953,0.0654139166588441,0.0613173804316948,0.0963451565233344,0.17788880053578,0.0871849579420007,0.0397338205214189,0.133605014430375,0.0472981722384117,0.0708282336986193,0.0639322685480627,0.0605854791833092,0.015152578649769,0.0281381231522342,0.0375527020301688,0.0299622074517153,0.00994985580966704,0.0209970939128694,0.0209023690725807,0.0109376862438468,0.00415125576515514,0.00601482794586188,0.00253731453259243,0.00746346874460717,0.014012469102212,0.044623941110271,0.11963355728173,0.177165606114909,0.134005709886267,0.0609284693941341,0.0950340655820171,0.128704706181569,0.113077607754108,0.0648033354366476,0.100701120598666,0.153818990034408,0.0944465300362587,0.0505301988233781,0.0420305572460562,0.0978710989661777,0.0881311077573119,0.02804904587657,0.0430681114519571,0.0576673869643203,0.135877635892634,0.128288529441011,0.0260641136877994,0.0447130494897374,0.0527506102399525,0.03851459358627,0.0118529728703691
0.0033396591935441,0.00277003373900534,0.0011045337233808,0.000574037661260134,0.0013727479560135,0.000496548098692165,0.00110370626015775,0.000658857930137097,0.000750534487654956,0.00182987349885989,0.00343659496710715,0.0052931188469905,0.0104102696084292,0.163500709681833,0.0261393311992829,0.0957917595847917,0.0863770116117337,0.0822720825574554,0.0947582608401135,0.0680706413166622,0.0510466168385248,0.150660335382267,0.178798817761861,0.139310803730745,0.152555871283877,0.421676378003371,0.392327556451908,0.326702138613669,0.336392716921444,0.336581687904817,0.524530488987834,0.611594107717502,0.731437967896013,0.73489325317102,0.807972835276286,0.371255000805021,0.219522816229482,0.211010278026981,0.135855585201873,0.151954313264338,0.11783022350088,0.108914914840314,0.120906184185114,0.144410397854382,0.135708952978012,0.0688620121346686,0.0608451921230586,0.048083612668845,0.0177477154672436,0.0316421563314609,0.0326596723281247,0.0408673150313188,0.0140667189894299,0.0528319433776263,0.0293386252878551,0.035867248068922,0.0365089416907943,0.015578911121881,0.0103260160706519,0.00760732058058456,0.00696062493123925,0.00676966505218191,0.00508170389260542,0.00294491471789685,0.00580416823173677,0.0067084253797904,0.0371561106783021,0.106333484944403,0.396314444226221,0.424583756155135,0.598220203232864,0.618950937763861,0.473604904166635,0.186734867147845,0.521922210296594,0.47139017270329,0.437206981950803,0.489951747122952,0.46938451779772,0.33208615172115,0.157601633861791,0.168720369383421,0.100140215636944,0.0864165670550772,0.0841711475248468,0.0558223673548595,0.0245166858165664,0.0280118472461759,0.018718655684321,0.0476455346227942,0.0267713410175641,0.135177505796898,0.22572598434002,0.305330318544809,0.308011966199081,0.49427867693864,0.460877543320146,0.481158897021989,0.555408156123539,0.509491545462388,0.411288615593024,0.320188366511199,0.214843033187904,0.271486684776172,0.244111774680159,0.240930157840898,0.180856152147686,0.184148768374686,0.135967973558688,0.100291704912433,0.103675053372115,0.0337954754905404,0.0527199200378967,0.060967276912546,0.0462405251231503,0.0573957934029945,0.0229316073036248,0.0598382272616168,0.0614886060241255,0.0207789847735576,0.00664188794412115,0.0151993349871518,0.0118227808992476,0.00570398267317047,0.00315638715171526,0.00370877139166595,0.00393029953575772,0.00106078989568637,0.00223447494924217,0.0019149248071313,0.000685760990068997,0.00545154255036994,0.0042669763977113,0.0147597129224975,0.0255403973938197,0.0291490625009966,0.0121987472754842,0.0211580387275347,0.0242122468552066,0.0212696826132866,0.0229322951018556,0.0133767450103326,0.023107807624656,0.034819045446364,0.0190897454961992,0.021821062546858,0.0202287309552161,0.00917690183948603,0.0171670273325452,0.0159436352195271,0.0283241466485823,0.0557584253864246,0.0653859128568378,0.0560600313232442,0.0399049613687708,0.0261503537329867,0.0375733403376055,0.0190103917317135
0.00291538163088106,0.00127505003258139,0.00154650027176766,0.000619139260633117,0.00118031460066582,0.0017488128975048,0.00129835820262632,0.00154413311281057,0.00211427486392238,0.00134297553061278,0.00206485610172841,0.00595771011312896,0.00462862111844654,0.107736940208971,0.138648331132466,0.244673310187913,0.298741514764963,0.340547507363508,0.347320188648012,0.206500314990933,0.0676232032372338,0.11574172693496,0.165384207906048,0.0689739988324199,0.118278453435173,0.30973147414033,0.542933479733397,0.815790830574999,0.696829996987461,0.331289091671638,0.221501792701801,0.118232845846322,0.319363694919174,0.324977808998068,0.28909360375398,0.247807349386272,0.162979895208022,0.324459698834447,0.174601229913723,0.118723755038807,0.186700663765319,0.0950835409792988,0.0584945314425086,0.0853121785454514,0.0507823874667384,0.138941215511706,0.019742242622943,0.0929716100346705,0.079607553227492,0.0611764418520893,0.0370316090072701,0.0211695664303259,0.0160432080840553,0.0205061959673539,0.0132885042074409,0.00368498619512394,0.00820739460023892,0.00740965355198497,0.00631586828863032,0.00488000309116233,0.00256877467905566,0.0034248524504729,0.00136748649285307,0.00196547729976816,0.00711725624627979,0.0152810565029976,0.054890683317621,0.0522259760641609,0.420822224357635,0.153958553387909,0.291528581541199,0.356383625650679,0.336999228036938,0.336645195763893,0.254224317465689,0.277779745396925,0.10008530294684,0.0873352372122089,0.169529705845686,0.1918159478389,0.0994550722978396,0.0744130356574624,0.0442557459798873,0.0200151674874588,0.0247841991531758,0.0122416199740332,0.0131426109302094,0.00944841285362702,0.0147284264242862,0.0400900447274397,0.0215216289646906,0.122813484377015,0.0798388224604203,0.0633332222612793,0.206448224894142,0.129834937105607,0.206780784549517,0.277693743964637,0.374416918411392,0.330091481125233,0.193237077212852,0.221488208359055,0.153491689354984,0.216514661496474,0.108157795285938,0.0625999639460751,0.0643228606891035,0.112183873937872,0.143519715709626,0.0852261447597635,0.155015612373564,0.120770595471274,0.104549029053055,0.0940438875214535,0.0825914170669979,0.0728819651242867,0.0434794290053094,0.0193177423480618,0.0303509997291499,0.0160713843676905,0.0206118600095553,0.0175793327736808,0.00738214084144365,0.00923715447241365,0.00491146277056847,0.00170147273900137,0.00239334682146851,0.000696443550005294,0.00224257711819894,0.00264870105773488,0.00193274394004648,0.00343034087556686,0.00232376699510293,0.0117315233721987,0.0150840595291338,0.0116122526675885,0.0236640777582421,0.0249805001388013,0.0304752718943026,0.0231124901644051,0.0388108129393048,0.020480148090858,0.0115983257935512,0.0191310026513698,0.0144508146854025,0.00898052036354204,0.011790579339648,0.00227072787030069,0.00731508406954629,0.013133378721153,0.0452890181904233,0.0481612882344131,0.045711118153205,0.0484418852701677,0.0142566237588976,0.0195658388071665,0.00713759719407384,0.00558515287573011
0.00150796486382534,0.00113111474285506,0.000653736317414948,0.000916688719348795,0.000588165086806005,0.00158550068897283,0.001827742069911,0.000635535182085112,0.000498021572587807,0.00129573958553363,0.000889676393604185,0.00391056683479326,0.00510300926491552,0.0625246591960527,0.122555838039646,0.236272437104598,0.145869820927695,0.0976447364410177,0.0474922236785942,0.0232020710417075,0.0404139112092233,0.0143094116176172,0.0422808128805825,0.0214633486074276,0.0254320083862926,0.0920282722321881,0.170250297036498,0.257121310362454,0.367329933608501,0.336260481008216,0.24903569965534,0.573470386814969,0.750688095950172,0.593626765928553,0.182100972797708,0.137050149292249,0.242989601757359,0.367414592776605,0.166537448291608,0.0796303309488346,0.135150960113722,0.0582161246961444,0.0467852056444128,0.050075639981468,0.0386498857615846,0.0989933027548764,0.0574232742479891,0.0866845357224439,0.0979031338281551,0.028854768908839,0.0216649982882204,0.0235117229481923,0.0156491345624077,0.00481919108804459,0.00974020483343715,0.00642331487216326,0.00536991861501535,0.00504396688201448,0.00479404923118997,0.00156038074624997,0.00202076331262917,0.00275025419921759,0.00109488285862832,0.00137405970226059,0.00348700703274974,0.00401906788533686,0.0255981567580024,0.0361580702563806,0.0674347424429916,0.313836209104827,0.512654015067358,0.44864374622776,0.187760886226993,0.17131756635748,0.171819725074147,0.244238726463454,0.374800463456085,0.536724733041384,0.557960089012791,0.560775114801778,0.328993352719096,0.120420172026756,0.119594256699503,0.0884645811689307,0.0638201745108872,0.0153231267107913,0.0229698691603953,0.021864809053905,0.0243822397173938,0.0189428168766359,0.0236893763698107,0.0434803484269211,0.0504392164425169,0.0890329275860719,0.316024570319717,0.573588538231647,0.658763858968704,0.62569125773084,0.550982114731715,0.399462255211556,0.191708690172266,0.256706067149662,0.18117954103534,0.397355734606664,0.27739475202752,0.0749740214570105,0.103661389967146,0.0988816390583218,0.0517822590068091,0.108569992670253,0.152192053977175,0.139513855631332,0.16884347304935,0.0468978666858817,0.0134477007148523,0.0791848314458285,0.0649594645222134,0.0627184934081681,0.0373330644997468,0.0204279841493442,0.0312305014574312,0.0114362194501226,0.00959836502675547,0.0140179935681422,0.00435064897042205,0.00320183986954527,0.00282782727480488,0.00165524736418005,0.00116138437639247,0.0030265965493934,0.000904020881623906,0.00131554059725376,0.00108526748236496,0.00199741966074171,0.00213452290050829,0.00692933873906046,0.0108835323203152,0.00954419850926084,0.00937390193038723,0.00409364478111043,0.0135753779731979,0.0123383616974,0.00706002448474971,0.00313824459494313,0.00302931112291791,0.00383482023698739,0.0035767017406609,0.000883532713514103,0.00173014818453812,0.00258500958063898,0.0154006205878476,0.0186133727954823,0.0306921840090484,0.0177097748344993,0.0127270644405601,0.00733077260138964,0.00673712824630667,0.00843395532638733
0.00121432188242907,0.00107292241846365,0.00183307859250205,0.00119897008411244,0.000536061545586565,0.00246629671010631,0.00132484363247814,0.000987930910734611,0.00135595460396063,0.00111920078959056,0.00115603346912772,0.00127096875880558,0.00159542329764142,0.015645434449935,0.0114920608275073,0.0243427691224505,0.0260953230707318,0.0205062569212531,0.0117629420444825,0.00735481980261713,0.00924682179386901,0.0114841247154198,0.0127368141855326,0.00707831029644671,0.00695110650356953,0.00386189517911956,0.00803375656052723,0.0224975576407148,0.019671373473828,0.0578394490907,0.133866266165808,0.221824686711847,0.312951394197583,0.175702112317937,0.118696678108584,0.0938517183753681,0.111638356473892,0.114818966563802,0.12150606919297,0.101104315502793,0.0719931920704441,0.115070104807334,0.0548094000576217,0.0507328079329661,0.0652479482889057,0.0380041767812109,0.0322128908020651,0.0291433146953468,0.0467015363266335,0.039237878248101,0.0121511630594468,0.041711119385677,0.0174474483747087,0.0411411957408654,0.0089568761378278,0.0157388381061495,0.00916468524141551,0.00774629607597298,0.0062009901957471,0.00127527321236568,0.000719144660710342,0.0025906894762047,0.00158110971445944,0.000847468767323527,0.00308034995651551,0.00258712434020329,0.0220380493276336,0.079341521934739,0.146218957102182,0.305709947185985,0.319438303186841,0.072153602205767,0.0682968365395515,0.0782185942588062,0.186539299396222,0.144528924104028,0.132922005566471,0.258930844471706,0.485579255535958,0.407300391183189,0.223188555589792,0.112511101737569,0.16311410422107,0.0906067647528813,0.0406270307071994,0.0468530668680185,0.0365295505071633,0.0792910611687928,0.0355634478704763,0.0242698095134341,0.0441330510685823,0.0134445794622401,0.0281829835598837,0.0898069554742914,0.172693276997882,0.23103495702516,0.230855132004653,0.255438008111472,0.20079847998142,0.269176483502357,0.111364139436023,0.122720131145994,0.13891457503392,0.184180696039183,0.152472756214771,0.0289693518459319,0.0340235156101316,0.0819648803644875,0.0573096056907577,0.0443885484329221,0.0476086068623812,0.0296836138486868,0.0201354969566021,0.0394705950425622,0.0194684863874654,0.0123528279355767,0.0208218243295799,0.00730578174344474,0.00991161480998079,0.00827143705989663,0.0136012956269058,0.0146669622459786,0.0076143251256634,0.00833217267775303,0.00549498856941256,0.00490545722609678,0.00418141064920431,0.00202875753578708,0.000399052956472168,0.00118699539487737,0.00193157137543917,0.000809540272630515,0.00311875846234417,0.00393600056672495,0.00526588783948491,0.00328188747816518,0.00279048422914247,0.00958462621150741,0.00686711582384406,0.00331941550023008,0.00436801521680276,0.00284581698794684,0.00579416610323428,0.00169993197974757,0.00157302443070209,0.00290514016503342,0.00418623629144346,0.00146296111736996,0.00108007550083716,0.00278993527197908,0.00545305128605563,0.0015739389061589,0.00329105986097078,0.00229200543990175,0.00977317131744114,0.00359732438308133,0.00735734531671836,0.00265472842323235
0.000946901696935205,0.000923368606973102,0.0010921509517294,0.000818174808117568,0.00137746775954111,0.00309440073860798,0.00170378103494951,0.000581083432715316,0.000655776540087368,0.000720338694234143,0.000457219711296514,0.000953667475163923,0.00035740005426853,0.000740836619965042,0.00216360755474741,0.00207733014837879,0.00468618261884285,0.0024506646202754,0.00137901616282929,0.00201483941075836,0.000808432922176798,0.000755331132680846,0.00195316737476955,0.000897372699892845,0.00202839174186901,0.000789605887483483,0.00233667235515527,0.00336365202076643,0.00561795346746266,0.00915897977089044,0.0147695840997082,0.0237229485993924,0.0320140153508623,0.0242292635223419,0.0172267833547625,0.0181337635531152,0.033875714937673,0.0173170167453427,0.018935298340849,0.0062156720392605,0.0180793144220159,0.00948958939952791,0.00715640314632745,0.00612788548829046,0.00610109392558635,0.00175017231564638,0.00545197285870707,0.01862792695943,0.0441050312863618,0.0674341647583193,0.0356747872970104,0.026191952614066,0.0335797875844176,0.0628576733666322,0.039038234593685,0.0128027017725802,0.0101500312099477,0.00638697222635603,0.00349809170116709,0.0089953775764436,0.0048236136681001,0.0023500108025526,0.000926347255167072,0.00204116073311435,0.00237658773322592,0.00266341930854817,0.102469930110648,0.223660250414521,0.168390694555283,0.12319653347402,0.142588493409489,0.0452626115010724,0.0759370287303579,0.088903082655784,0.10145481352315,0.0662419934211317,0.0183629066290678,0.0573786713768664,0.116557668009966,0.0763399099347466,0.047360451849269,0.0236880476718104,0.0214411302182257,0.0310132868887132,0.0325584652028944,0.0188274792588492,0.00266473698132369,0.00826168447626125,0.0134922504970985,0.0110128348661469,0.035454635498691,0.0338010623034436,0.0579747250126457,0.0519713039464674,0.0893109795330877,0.106334387109797,0.108621433316417,0.0858794714215398,0.0854084028643882,0.0607720789473264,0.0417853135474749,0.0534827515438327,0.0620905427576287,0.0487345635457325,0.0210910494554571,0.0193984566506499,0.017419334049202,0.012497576911108,0.0177487599023432,0.00605616523218894,0.004164253551677,0.0113101612952603,0.00587125014987318,0.00616375897436467,0.00184965195239559,0.00243695314188563,0.00516521825689563,0.00443685814715258,0.00267237350811623,0.00155524761447296,0.00175492663374757,0.00530107234207699,0.00211954908241494,0.0022002721463616,0.00336121118997604,0.00251917352237205,0.000972101241241504,0.00108836506690201,0.00132276807830256,0.00329923319202568,0.0027758419560959,0.00327165393705621,0.00869309568976064,0.0233764237639735,0.0153655961320626,0.0274752588136714,0.0477928824039275,0.0529369635805094,0.0555819009009209,0.0291479040829645,0.0146899717315319,0.014904666922732,0.0284733732103368,0.0183960743889665,0.00716696381791324,0.0101645074760901,0.0048690670074819,0.0072826062419995,0.00807038678221179,0.00889489985137876,0.00643221914695938,0.0117275348134802,0.016685884098379,0.0251909456966797,0.00693374204564892,0.0102633037036391,0.0121103547157082,0.00426081852944644
0.000446622832792206,0.00169880534379505,0.000281840700504749,0.00201718466998663,0.000920495786939945,0.0037986615501643,0.00242516215223177,0.00115037570418669,0.00182206627921766,0.00132123945339181,0.00108061235061091,0.000793332354356886,0.000812617700413924,0.00098569238275404,0.000694589714871027,0.00070408412680086,0.00315920400526321,0.000402062433699358,0.0016622987894829,0.00241179418883993,0.00066975964167688,0.000781407598277407,0.00104046812344892,0.00136362816390371,0.00121224893552809,0.00209825551703444,0.00109902882017609,0.000948133065650442,0.0014612780522586,0.000942234898442081,0.00176969116085185,0.0019898187690829,0.00584153782884961,0.0039979116978842,0.00462299040826186,0.00872718885228112,0.00199706049675673,0.00503730739184975,0.00192532947774155,0.00109498697215877,0.00207870216794248,0.00194634870523699,0.00203542364310967,0.00339553677299104,0.00214986820101832,0.00176556475799606,0.00589950552007724,0.00176727425063678,0.0103014394705923,0.0251924319482943,0.0629316433330355,0.053570337850055,0.0324999054061427,0.0353972086487908,0.0376357357295012,0.0275062176194156,0.00620161393407568,0.0114811949041611,0.0160766704148403,0.00564410501161603,0.00689140419687155,0.00197930304059193,0.00171574216366516,0.00152077035049629,0.00220292458514416,0.00677849677359921,0.0112103118578833,0.0617658021803383,0.0649608855735985,0.0397599593604586,0.0734567440005577,0.0177480616488156,0.0154555201039545,0.0240097265427159,0.0181036860303918,0.0166705342288205,0.00499761945829678,0.0121672909211891,0.00777609308264215,0.00330841669466714,0.00481367834384084,0.00135062526797921,0.00113506003607931,0.00326747060613674,0.00144814275091846,0.00164234582224907,0.00244491071126448,0.00121415491041617,0.00231087071645094,0.00473441489114856,0.00604004648385132,0.00743471420132308,0.0113886163973578,0.016231623045577,0.010808812895647,0.0124558549403786,0.00776876153291766,0.00442068317959487,0.0167020827448355,0.00368210884567733,0.0102043827911298,0.0134949867044917,0.00361827133569742,0.00268774415749303,0.00329033849072614,0.00318524630000315,0.00459051785212088,0.00128890937072857,0.00116523235750159,0.00206738044224985,0.00306504819132023,0.00379734880824578,0.00112082249386035,0.000834238004165515,0.00191760944275436,0.00068679655240715,0.00172501113299894,0.00106507875362073,0.0016086000224361,0.00104712584265004,0.00057300298057961,0.00229970391200587,0.000765483047268458,0.000592947147484879,0.000595037010520334,0.00312886136415341,0.00185312427255059,0.000745610728555394,0.00114534247280984,0.000907379416757959,0.00185472442128234,0.00128656427151333,0.00198315124152717,0.00463193509602987,0.0059781984632405,0.00312395779879272,0.018379934064813,0.0239646905951739,0.0207695900114182,0.0121416012524217,0.0296231275819065,0.030302302769579,0.0341171763509328,0.0401144040562205,0.00571250292196495,0.0114301556848706,0.00506933013268221,0.00555045042508025,0.00915944435887846,0.0120764978224607,0.010120663931504,0.0125591323670365,0.0218157373154987,0.113324560786959,0.0801073765774706,0.0268998988588744,0.0279901863872228,0.0215854110313339
0.000905657480863592,0.0010693640726666,0.00189674005820309,0.00260397740580719,0.00141229893921222,0.00515626943201922,0.00199251842239623,0.00336110324370108,0.00125322561592122,0.00085222685337459,0.00151883165586556,0.00129422315792115,0.000245062497879652,0.00130119275371172,0.000759004379550382,0.00211894583023452,0.00197185548968356,0.00165742899613651,0.00136364533734613,0.00086215871524019,0.000623331034792255,0.00209314241955812,0.00135546105730586,0.000745620666453717,0.00080193905874402,0.00219336416159308,0.000504543620559606,0.00110197350456662,0.00106923792361592,0.00328758698156915,0.0010860852969837,0.00155382787232324,0.00272001444393216,0.00219614052945778,0.0018148934515437,0.0013369375722078,0.00101934210206136,0.00172145721181077,0.000745156751317382,0.00111184311283947,0.00290983475257824,0.00158303065576216,0.00153253371436876,0.000933411116571773,0.00129486703261982,0.00403188119719158,0.00158675310004852,0.00114827014476711,0.00645416428107201,0.00402210475694315,0.0103081658038587,0.0223049636106733,0.00927447362449742,0.0114701256392067,0.00622187923540778,0.00796633654697759,0.0031567299905944,0.00431308616079268,0.00519392845063299,0.00173875052161668,0.00349622015697337,0.0015615820647293,0.00333388049773019,0.000995718167386974,0.00121924345163401,0.00133733984224568,0.00374689284758742,0.00479480148061169,0.00508317412995912,0.00770033366215702,0.00777673820287953,0.00284334931907676,0.00275102693658385,0.0041959850847613,0.00305954386520751,0.00272237722363494,0.00589508383568892,0.00550975659474401,0.00181779571337476,0.0022778012066021,0.00111763843866776,0.00181843989628217,0.00156264285677911,0.0018004617699961,0.00125130388562814,0.00128028672758137,0.000936856505248488,0.00156034936488431,0.00106642272461183,0.00287284506034116,0.00229241707676754,0.000657545617434626,0.00248818899079197,0.00249024601833943,0.00341214741543131,0.00280846605756052,0.00388807862537903,0.0013814560927916,0.00301645928759057,0.000865877783143968,0.00169949001289974,0.000822534800253094,0.000994081392780579,0.0012203185973742,0.00223912168108416,0.00057744608399368,0.00163761522514737,0.00181533490622002,0.000962064733245203,0.00223833886168867,0.00127378893572324,0.00360067520999278,0.000818471641576774,0.000927064174656778,0.000923631003352867,0.00118523588120624,0.00114578636447788,0.0012340926139933,0.00163452709253932,0.00133269598230776,0.00228239756396084,0.00329679277766453,0.00221943806908457,0.00184827251625474,0.00179224665747643,0.00287424529829421,0.00314492858754874,0.0011547262562388,0.00110371671568593,0.000641869809745403,0.00126531225391896,0.00100045184298669,0.00189103960427062,0.000764100691355931,0.000645043516956506,0.00246537655839698,0.00186028076519735,0.0015587734698636,0.00343518600058949,0.0020162056380126,0.00310954456206695,0.0032308373615935,0.00238708874514144,0.00259219434686041,0.00432129263975153,0.00261142322948451,0.00143040105249545,0.00191565980232931,0.00146605986275506,0.000827077161284046,0.0028956911034485,0.00556951163630251,0.00520705638244783,0.0162536918087134,0.0118508793485939,0.00690633160709775,0.0112025593458519,0.00833607655728426
0.00213508078500235,0.00322075357565105,0.00181383019726207,0.00213015960609258,0.00156676216109476,0.000720773002421687,0.00184613537933444,0.00172557381813063,0.000524839768217767,0.00124985603382155,0.00121585575555473,0.000871670979174425,0.0012462340190589,0.00110892905500838,0.000998900564207161,0.000942207692967947,0.00139742351556743,0.000719128413341851,0.00133297996469604,0.000387963988856567,0.000887931088924961,0.000826371411577552,0.00079407974860667,0.00185500256794728,0.000637538817600999,0.00214627486897183,0.00148253022129418,0.000839397169675434,0.000962645425908583,0.00234645442558561,0.000584910026609958,0.00122844011437344,0.00192893647886494,0.000911218211549314,0.000806007274473292,0.000729359300976395,0.000829461577264267,0.000698908814688151,0.00129391340208753,0.00069451369708139,0.00243793050718835,0.00285752952135659,0.00131093181254971,0.00177109922496198,0.00304133559668626,0.00114246988546649,0.0037146710979715,0.00400691191480688,0.0113613892998742,0.0206490583311668,0.011869613160954,0.0169341565911958,0.0318596174541254,0.00940895868516982,0.00446833557012464,0.0107414752880571,0.00388121279360827,0.00447123999174156,0.00328780636331304,0.00142360540173335,0.00112973972340521,0.00167516636319512,0.000733240638826709,0.000815785211560316,0.000671116989124837,0.00249950254479353,0.001346218774064,0.00708685592554798,0.00533622224453975,0.00298094094740431,0.00319797232488492,0.00225163017163253,0.0023551414944824,0.00268912214383707,0.00085918365102961,0.000937104957804834,0.0023415812710035,0.00163476266676316,0.000809526708049539,0.00161942362554381,0.00249888892169763,0.00228658565766957,0.00161740916631763,0.00164209871298972,0.000968611918008424,0.00150617855385585,0.00109980950023093,0.00145753284301286,0.000543559566547175,0.00145488674651366,0.00105825125094063,0.00175459158570246,0.00267125052156606,0.00386489276333905,0.00731936693516453,0.00590312340753783,0.00330585241120891,0.00211566722515294,0.00174589260988444,0.00353236078830299,0.00270792304702213,0.00497627995022069,0.00293818415942818,0.000707351131943492,0.000639186139027346,0.00136341642938839,0.00117182008006998,0.00103127734988125,0.00128636302286679,0.000572915872847536,0.000795587632932508,0.00061465604773731,0.00158754207170748,0.00111856584925075,0.00057070139142655,0.00186349039205821,0.00175562944881142,0.00285370776084811,0.000868048024864074,0.000824064313286041,0.00164944321783424,0.00228743617135759,0.000913133053474257,0.00207164470014279,0.000974321640455469,0.00081425253998253,0.00167213386149926,0.000529845746164171,0.00112914259102889,0.00044318573327428,0.00156183019033613,0.00197438331043106,0.00106998053505584,0.000822253385212013,0.000517445557086196,0.00153722485243012,0.000627395972566551,0.000592974377942997,0.00138459635122768,0.00154046757736811,0.0023833295144902,0.00283838592710995,0.000777420255189536,0.00109747749039117,0.000919186804787778,0.00126197492637513,0.00215463680519412,0.00160896313304119,0.003292206655712,0.000788554906699976,0.00108326274634253,0.00201174547983207,0.00185597532459522,0.00230108307325972,0.00149670590390748,0.00162072188761092,0.000740287681638221,0.00164280112322953
0.00101962096801064,0.00105949804274894,0.000690114607618532,0.000896999338713007,0.000694685098605819,0.000532816326463055,0.000198746247498746,0.000547690205730533,0.00091999037003092,0.000430166810452682,0.00094990003221482,0.000340140769934994,0.000536692627952224,0.000854465153085677,0.00054744305998541,0.000419346483084596,0.000504148888778478,0.000443085668998232,0.000628391563692886,0.000437854379992156,0.0010511898492003,0.00101695946369732,0.000511687249101855,0.000656543691080107,0.000405521173175804,0.000303487541879147,0.00109289383718958,0.000604167209931095,0.0010270502381646,0.00319375541569187,0.0057036812911982,0.00377692562057037,0.0118706323697695,0.019952121960363,0.0121279599824638,0.00643848171320367,0.00969445411218521,0.00888383828011332,0.0057694967200934,0.00433743019905908,0.00123652873364991,0.0027477519819957,0.0014891802828788,0.00271479620358251,0.00259983685903927,0.00126564599995503,0.00173246686464972,0.00533719016477498,0.00485357209012483,0.0194825000474376,0.0353887845351479,0.0248673413388246,0.074369189998117,0.0189349325884374,0.0356960425815028,0.0136080605281149,0.0087309668736917,0.0044330037395805,0.00172214168318165,0.00395691060751903,0.00483589499467143,0.00704256393585626,0.0007829164036731,0.00189499101291285,0.00181217280046921,0.00322926607062734,0.00867096291599345,0.0157619689276095,0.0183513776630589,0.00909515850331814,0.0590297409196853,0.0363468788035657,0.00523959915971821,0.00843190773064298,0.0110068881104266,0.00762332670809936,0.0112589586856434,0.0152264586164729,0.00773293071723828,0.0112474103334859,0.00862343597580688,0.0102570193618284,0.00347743482446702,0.00605924607278118,0.00163663176374281,0.00189423007579049,0.00159972745303218,0.00169643702365744,0.00120831176519552,0.00970931525678403,0.00726568936770467,0.0126248338609975,0.0126673902205129,0.0111284514699741,0.050986857097421,0.0601434380197516,0.0533809564725564,0.0310828580256875,0.0254491845839124,0.0120987629640792,0.018377832280866,0.0234814458947666,0.0150567466864351,0.0128363549826997,0.00638504696397946,0.00525832330991617,0.00649554321146238,0.00196614057724209,0.0027253798657746,0.00139401826792098,0.00174807802634571,0.000972388257201811,0.00102985891573423,0.000724718701497234,0.000178039996521867,0.00135662964352123,0.00045885611708194,0.000809224528376801,0.00035155873694295,0.000731539481319568,0.000644122626822876,0.00117499924468317,0.00049369403280671,0.000712738061814138,0.000234277944876963,0.00089704353450726,0.000805012165460415,0.000304592526032566,0.00141439868063686,0.000626294654558227,0.00209164306907565,0.00141202553811196,0.0024341517575881,0.0012995229607071,0.0006166729769262,0.00261953006756652,0.00349250930511073,0.00184008645793106,0.00900383706131965,0.0081018311754565,0.0134610494906488,0.00904678734264289,0.00978042851651019,0.00918717911805718,0.00319386683349729,0.0019167691624213,0.00397284176972073,0.00115271607061491,0.00376721242797959,0.0018492336660226,0.00363297945548914,0.00153569486842446,0.00336876056157534,0.00677552961041365,0.00168225486514258,0.00115716156065399,0.00115021299745703,0.00238755884769379
0.00196652408067063,0.00148092510954328,0.000747392907415454,0.000633661418014052,0.000630301872172534,0.000930339121131176,0.000560321610292811,0.000730119916777905,0.000607802981752137,0.00137246649220638,0.000913622362061051,0.000927074030924332,0.00131638959598572,0.00251976378928719,0.00710901234301104,0.00386055392897329,0.00511546031253056,0.00274226482654027,0.00675458987894772,0.00688298702640246,0.00789280897447244,0.00336760845919918,0.0021455372106495,0.00197706182588765,0.0042725899964054,0.00729483085713265,0.00680483707098054,0.0068579516448454,0.00782990333315603,0.0135324365921416,0.0135366762272851,0.0713549443581031,0.0563171582418467,0.056408551963705,0.0850354303079021,0.0281524603440562,0.035029658346427,0.0354378312664003,0.0129919586691907,0.00808477217345969,0.0110630940507646,0.00953721516695724,0.00321971411489283,0.00242819277493528,0.00257275455296842,0.00239841091974391,0.00189324653139012,0.00180273539812281,0.00128610890625103,0.000605164152378956,0.00258708493079199,0.011520430415381,0.00699289688865497,0.00133308753225749,0.00605668816867211,0.00100809017174852,0.00106926449300796,0.00239501123768863,0.00203616985443997,0.000667994165130603,0.000994761895737948,0.00108304743531084,0.000988142487730756,0.00107257528305885,0.00292762804662993,0.0064328804898357,0.0222952808327255,0.0540483891311067,0.0522001058027239,0.0831016346034775,0.0872058574542624,0.0778662215599356,0.0341477326565627,0.0263895204059551,0.0149838017593416,0.047833413594024,0.0615417644620134,0.0306379618388782,0.0118472373195637,0.0509383954260683,0.0121656674240141,0.0136789494073058,0.00939631627650488,0.00657716880194902,0.00347324044550365,0.00279587854075464,0.00470818695118855,0.00577624529090161,0.0101891603252463,0.00767323062777927,0.029436556942355,0.0108067419797048,0.0390731199083604,0.0226320581906826,0.0380924837360006,0.0567993000548873,0.0356201626552228,0.0650692708954759,0.0522430912642886,0.0541782291218823,0.0174882837382861,0.0239728087741358,0.025595143437798,0.0175186362853761,0.0166467015728838,0.00881022963239301,0.0044270230238134,0.00254887424355238,0.00321061774571275,0.00230234434000993,0.000876647114326965,0.0015830862750269,0.000997586007918826,0.000783731689404867,0.000574170596422078,0.00136816436374921,0.0012296386177635,0.00089206107373215,0.000864058683006442,0.000916650986650367,0.0012389956169173,0.00144780333255013,0.000668930326296995,0.00022551630767122,0.000542404808720347,0.000579113668058091,0.000695512936917252,0.000712467709121167,0.00121965207879477,0.000746316851554572,0.00120131154338898,0.00135608631323509,0.00242457870647137,0.000920760371349915,0.001853349027915,0.00459601412281955,0.00260222802197816,0.00543822850816563,0.0141451270994563,0.00996016475860873,0.0140708416661327,0.013718412449058,0.00786114638559716,0.0113391965964665,0.00464116773626633,0.00216434820513383,0.00587817659145161,0.00309112316511244,0.00394230843944171,0.000655898994704657,0.00496303037832573,0.0113434908287593,0.017853435415021,0.0216913132604498,0.00802527133022288,0.00583057037009737,0.00232328952854049,0.00671184242029897
0.00191681461649418,0.000942171266407656,0.00128285940368694,0.00140930770675538,0.00190348037780947,0.00300536349444856,0.0015642146395889,0.000612463135197826,0.00099414714340231,0.0016202752089725,0.00081809483002996,0.00230903155362521,0.00236185813950199,0.0022871664528195,0.0125409299429293,0.00857465305183725,0.0205271615188245,0.0283985335261016,0.0375985622032499,0.0280567359159209,0.0197847263196829,0.0157544475497832,0.0152463345025069,0.00848019145657967,0.0273001097651804,0.0217552619714198,0.0286063792270312,0.0108158619889473,0.0208520926686373,0.0515079407663776,0.0417193514835538,0.112380199184792,0.0374843568825903,0.0463755329777418,0.0416520919449305,0.0145218418215528,0.0178133319785995,0.0408184115310813,0.00805008960710688,0.00771999053006934,0.00422637679018217,0.00126270222033618,0.0041031408760121,0.00381017851992684,0.00314815731218229,0.00166585927344176,0.00198673164268596,0.00299122367220869,0.00473751669373824,0.00567643476546144,0.00553462197086691,0.00902017507755411,0.00467371348526358,0.00166505574202165,0.00292365623031301,0.0013719107283174,0.00496076435854494,0.00172118893006423,0.00572890542804041,0.00223481400870906,0.00105643285704622,0.0031785015274025,0.00272585892741611,0.0020913974595766,0.0022226776092834,0.00514049470548719,0.0100980618772452,0.0298324420538386,0.0450350528670145,0.0536488221843495,0.0447640676191971,0.0432957237776006,0.0160021969911673,0.0357528350744647,0.0439950112091602,0.0302608385621406,0.0497990459972552,0.0143780674191672,0.017849609899779,0.0211922415156574,0.0111679594979632,0.0180848257212741,0.0188584341325457,0.00472453446691994,0.00560689692702102,0.00307064002337345,0.00398424783132184,0.00205707527488034,0.0120328082045901,0.0046369699279826,0.0186295012560988,0.0168358548209826,0.013876358035034,0.0210600027138,0.00632263054048219,0.00973025916441344,0.00663228632956006,0.0114006329631345,0.00401363680213131,0.011858820665138,0.00887625629553291,0.00697530330648336,0.00605618874700646,0.00513296829902752,0.00140326877292774,0.00354213484957108,0.00210764828613766,0.00161982905964502,0.002317383243804,0.00354483430207705,0.0024711432395075,0.000920180080536802,0.00168159433867102,0.00301808698988145,0.0018261689958803,0.00123737921554281,0.000838460901899383,0.000514451623229476,0.00218451129585258,0.000644184122989999,0.00136495222987367,0.000756618869062085,0.00113398397202116,0.00112964319051272,0.000821497181625502,0.00192874612845692,0.00216779793523836,0.000846470934286871,0.00123830906887286,0.00134866714501847,0.000751746935232423,0.00168675950143719,0.00198210241244129,0.00232481809927016,0.00166157999382295,0.00138559695015071,0.00158769293424642,0.00203258754484596,0.00103870638033337,0.0014972780529702,0.00107420973402877,0.00295489779535889,0.00159080994307434,0.0015030050172303,0.00113472199693441,0.00235359568945595,0.00162350571585238,0.00168189863473132,0.000766433312724347,0.00131728842220625,0.00266273058009706,0.00414940309486344,0.00438192743259426,0.0116833293390192,0.00201171988376898,0.00289986389585704,0.000782528241297296,0.00471634504532109
0.00403328283646939,0.00331338913954599,0.00122561980971071,0.00120292291457601,0.000745358190375624,0.0036957632092083,0.00211535245355771,0.00183489762886153,0.00289086971949796,0.00245554422680443,0.000738963243177829,0.00294153976511684,0.00187247963538215,0.00200586415327774,0.00876804671390974,0.00753247478205408,0.00248409741958745,0.00758035190263893,0.00377886775966417,0.00382823953628922,0.00876592877799658,0.00793916118964355,0.00747618437691528,0.00531952357180932,0.00533613335299979,0.00745172705492442,0.00907289041318207,0.00227724360762628,0.0146177373758308,0.0133929289395446,0.0429255729642322,0.0503559865953598,0.0264017206029902,0.0458931150365583,0.0136698818121263,0.0453671588269113,0.0259490653382698,0.00799349246787904,0.0197145226495459,0.00290504879752961,0.006541258262835,0.0117477616346303,0.00488760589328539,0.00428894761019772,0.00763589832001586,0.00254586248240582,0.000585395069800708,0.00317181736268604,0.00227748665944401,0.00364796803462572,0.00323568305252039,0.0029675558922726,0.00247497503092356,0.0024324901722829,0.00383921155490803,0.00151292126361955,0.00287572336423162,0.00417599646058051,0.00502626374443899,0.00276554830843031,0.001764331446074,0.00278906979113202,0.00135071461745486,0.00166294658171283,0.00432104115471269,0.00376375987881717,0.00677059068691303,0.0270616938999369,0.0309909198740685,0.0287279210830157,0.0304888595572759,0.0380963913133787,0.0123842525285391,0.0154233912920736,0.0287653107735732,0.0233822850724278,0.015540208815695,0.0122528736405458,0.0221836112740634,0.0133880524001408,0.00543232835763574,0.00444696115406608,0.00456186464865655,0.00437907406684592,0.00399968193146809,0.00448350714297519,0.00319908349415951,0.00196569237699997,0.0188075306448149,0.0188188604439056,0.00707575031910967,0.00902760519585815,0.0210171462665101,0.0203434847298425,0.0160538184411196,0.0174540329583865,0.0173823675625249,0.0179143571510779,0.0190255180087175,0.0168889103048141,0.00852650422604628,0.0204469380373312,0.00286204802654799,0.00283342880355799,0.00325925531689048,0.00531412993274477,0.00126152380025985,0.00584118476504914,0.00127152922037781,0.00325170904624114,0.00264381126662542,0.00337568023541239,0.00165496612261475,0.0022995927349831,0.00122361132391519,0.0037146246134203,0.00261349863067584,0.00135898167880366,0.000592488166253219,0.00227129086125277,0.00123444464449413,0.000881284662768971,0.00128177193290945,0.000651268378925002,0.000838368195039022,0.00240156392618835,0.00125711332633204,0.0026027003304031,0.00175989063333445,0.00187840666712767,0.00375747067536687,0.00345125523947847,0.00220003910572307,0.000800327343090124,0.00248314888746302,0.00224747282333002,0.000891873837446555,0.0010740249058646,0.00162182571199693,0.00356620463030237,0.00326095966210445,0.00162876745636477,0.00399427011433379,0.00118314235120904,0.00202130600539357,0.00215815213625461,0.00167197484415587,0.000962863490056154,0.00101890206478103,0.00352373224484001,0.00489341958503815,0.00372117379221823,0.00446129871606679,0.00452236346689426,0.00285009701040723,0.00169924247402957,0.00381280047506173,0.00228938805715741
0.000880729117268665,0.00422749502640678,0.000807547839461985,0.000812393122638813,0.00129235346606959,0.00127682223862446,0.00096957504114762,0.0014490377787854,0.0024206128559704,0.000839804413165174,0.000863517161336006,0.00141985233182714,0.000983239815482448,0.00389868328442873,0.0108342736863985,0.0128543345436888,0.0168986563901168,0.0145997565150931,0.0196263692014332,0.00825526410335476,0.0109698904698073,0.0190457640102182,0.00447729797627963,0.0118784224148036,0.0274527891958902,0.0244944794029296,0.0496772070724125,0.0573363364272516,0.0278122907515049,0.0299898290941705,0.028350811968122,0.0620090978402162,0.0322334168721849,0.0109642318148203,0.0206617552501584,0.02168949822802,0.031502147650203,0.0101458776302044,0.00967071630620886,0.00270135059508568,0.00676543943832235,0.00273996214324766,0.00237776798654081,0.00131005315314119,0.00154656977299144,0.00183198122687588,0.00235986677841878,0.00111413299576044,0.00107505842720741,0.000676145299376357,0.00121903473490936,0.00136036131217411,0.000329806617112388,0.000642663052022116,0.00131341160737752,0.00122048664449061,0.00250760792711624,0.00272411842009839,0.00250144660557276,0.00150555059006886,0.0020659150936031,0.000999350489726839,0.00192942003079137,0.00128133794816981,0.00144895768759402,0.00326478551707091,0.00465859531386673,0.0103372189314448,0.0193360455925872,0.0263804490261843,0.0112957631091016,0.0144111843092498,0.00638036304431275,0.0103271202699075,0.0123788785136802,0.00761504300299001,0.0206427657868463,0.0068628951934074,0.00859252051586896,0.00692151768686041,0.00455132183555729,0.00400078003199488,0.00328803009442422,0.00165809514597847,0.000819872260795917,0.00234879244059506,0.00144231517956139,0.00128581539369225,0.00943001482208205,0.00829284075547172,0.00621593806553931,0.00496699838761148,0.0031192865317924,0.00592925368040372,0.00381455815282247,0.00654677664378921,0.00523906141653687,0.00275437397947699,0.00579366531597535,0.00375831077789324,0.00204926223749142,0.00213110416751654,0.00175658093370946,0.000899066384023497,0.000810621681099281,0.00201412507445836,0.00150447315808712,0.00180002839060805,0.00159934867729326,0.00117001017704984,0.00141051302769578,0.00238920011718705,0.00116764355948889,0.000690530350424225,0.00154914915293921,0.00136960435092972,0.000407645512395053,0.00155696500524904,0.00121666697754446,0.000609049930422876,0.000739775192131616,0.000537393765298462,0.000580805899361943,0.00065952131667679,0.00193851403614908,0.00130899787655514,0.000608614813401527,0.000822906259394114,0.000571710022998635,0.00165221477389248,0.00227644201791814,0.00140806479616416,0.000401015716066726,0.00117737087738681,0.0015329706307471,0.000717064486885594,0.000912661836040349,0.00123115502294523,0.00123392627757921,0.00151712918007642,0.00142237826415699,0.00113984840537086,0.000575584276909246,0.00106356523529972,0.000500213436189845,0.00212098246364594,0.000724877778799179,0.00154605379653533,0.00056029667989664,0.0010321931875709,0.00133306651162088,0.00206298544856983,0.000937445475389056,0.00260087955938403,0.00279471102552038,0.00145559213753254,0.00073935569492501,0.000971874996789596
0.00115652872654931,0.00139661909680717,0.000364150617973943,0.000279277314872786,0.00104438665849337,0.00152012559835467,0.000549216420134155,0.000372109706718658,0.000561952719290575,0.000616749723925011,0.000281539260920264,0.000582504446137112,0.00164280603243788,0.00211938330599314,0.00303448214529846,0.00509919749012695,0.00838812594934367,0.00531163535752251,0.00506560496844197,0.00485720956964775,0.00344773577076839,0.00639002091778919,0.00214860154551726,0.00645001533561424,0.00989263875674585,0.0106962162112721,0.0105568357453669,0.010680738526522,0.00782169539012028,0.0142331854669848,0.0091726589607502,0.00378698374402653,0.00481584777217191,0.00429629414902666,0.00373300628185063,0.00235572275832077,0.00708543017223961,0.00143254960617794,0.000970335210374254,0.000606985464093126,0.000624219232752079,0.00146464300942547,0.000589318061564768,0.001779778058833,0.000831748191295513,0.000818728091572903,0.000503484991309582,0.00106043849671403,0.000981980220253801,0.00046419194941844,0.00035877997868665,0.000772308205061663,0.00114609854518886,0.000669486844216544,0.00108943191136329,0.000762630071094975,0.00120777434532293,0.00154074747645782,0.00191322865437848,0.00115829345534009,0.000884326384696334,0.000881795135719392,0.000920953684240032,0.00112640915256444,0.00456418028914193,0.00393646056331689,0.0177500931878891,0.0138762562243568,0.0278342915184346,0.0125621862831738,0.0224819271501561,0.0107328424602594,0.00971348106145535,0.00808252577251783,0.0108825549674711,0.00501870516369319,0.00180422380455553,0.00213617696694989,0.00236355754006545,0.00169266515458392,0.0021317506260716,0.000737163186505555,0.00136562745340574,0.00122841233432838,0.000730101492231181,0.0006140899203899,0.00196429876790125,0.00251897378427392,0.00420764574759572,0.00720265078308345,0.010715368824252,0.00312154081350291,0.00450561113359781,0.00794576001219318,0.00483403857808888,0.00386929615421485,0.00305708411603386,0.00186567765663169,0.00126192069189418,0.00190294882691218,0.00253188614242605,0.000535115348557493,0.000791323283734399,0.000352712014369722,0.00101567216914494,0.00105355756464951,0.000276449688784659,0.00016153989235222,0.00119182424214379,0.000688387984876256,0.00039609432866516,0.000790087323633759,0.000706456760144231,0.000487890836643813,0.000680806528241879,0.00071553150644026,0.000429708899031067,0.0014313219591351,0.00224881817824453,0.00081921606788172,0.000890250900771597,0.000955791241525556,0.000971715345603933,0.00045056514823707,0.000706568152151213,0.00108299303405289,0.000382651870329265,0.000957225876084941,0.00230599369974172,0.000580396294303387,0.00323382666934508,0.00244075205168777,0.000465228527121003,0.000563748992330592,0.00151934282157219,0.000900336745405774,0.00184787632083349,0.0028923108906438,0.00146032015934695,0.00212844637638963,0.00166768277568099,0.000783157206776933,0.00196015305170718,0.000998126947249238,0.000347229717829287,0.000615462761571433,0.000811976030831698,0.000576629141195011,0.00061124427170394,0.000586428499289964,0.00464925474178239,0.00797711741952546,0.013152963497673,0.00943088232793781,0.00508879312352239,0.00442271024778689,0.00291475744262924,0.00146004325621005
0.00077197962946092,0.000506464417227883,0.000919715919144189,0.000436125562171285,0.000488402474355641,0.000597515689547603,0.000194129980997895,0.000383593465320364,0.000390648024445316,0.000485504309298881,0.000305481247042997,0.000337066969632948,0.000263906117933455,0.00129887612533085,0.00191324948801787,0.00121204539243673,0.00343532841016429,0.00395950020522181,0.00398410550553425,0.00207076406361975,0.000704840646334961,0.00087056851564309,0.00239042582123727,0.00201047331436651,0.00141548382288293,0.00220573577535903,0.00458962904503753,0.00404922132381427,0.00747935841722994,0.0042892830685982,0.00526158556147181,0.00301867585392708,0.00133560338654919,0.00155831484483458,0.00390037406257182,0.00227277654387303,0.0027657286756722,0.00314590173686255,0.00203177679745206,0.000760551397750053,0.000955766597675557,0.000382957329023381,0.000488148415639563,0.000933638041729722,0.000680204722076932,0.000224892378226852,0.000397443347522895,0.00041545490337676,0.000722284048265472,0.000859336035177532,0.000751243644590761,0.00130359361092047,0.00125675525130284,0.000458875032547113,0.00103551662085906,0.00089264263807573,0.00104651970155847,0.00239810009659769,0.00115904976760929,0.00226916102833031,0.00119337949461118,0.00188853153955123,0.00136478544837227,0.00567974705011478,0.0109297459788594,0.0172138347882707,0.0141688320247095,0.0218521245842415,0.0346563368005113,0.0193680274196668,0.0131506601740708,0.0034595083490773,0.0123345897311113,0.00902416914929477,0.0118646755366851,0.00848351522688033,0.0167671847842864,0.00427084329548046,0.0066854974162898,0.00316502044980608,0.00358233564089069,0.00308775688263191,0.00213322753117455,0.00124742357371986,0.00112748754491889,0.000949440110422011,0.00100930802191556,0.00162738905155345,0.00174293485743684,0.00431999161779206,0.00423571338598231,0.00185332937794552,0.00673968151674093,0.0116882684979787,0.0119113001330444,0.00427119395482664,0.00570163617777527,0.00621929990322032,0.0040176190869637,0.00251028672285925,0.00464913149337761,0.00263307816014038,0.00253743901985615,0.00153092996509011,0.00129552382355606,0.000538493215596197,0.000464298649002645,0.000387279054190294,0.000447608896494578,0.00110624070806909,0.000654270384853743,0.000620191006674429,0.000334655350274482,0.000511310618598068,0.000651521588209024,0.000442296796397484,0.000144325129492055,0.000346679907779555,0.00079091742310536,0.000196539558136195,0.000320173266339022,0.000340431909632697,0.000163447562217926,0.000264356350077717,0.000518707463362875,0.000454185350553131,0.000559338635783646,0.00109784840755166,0.00114572208287995,0.00695998360129396,0.00371931095648261,0.00268436703334826,0.00252825353160229,0.00191918110451993,0.000493049873800269,0.000979320047149796,0.00109309939748915,0.00134691796327934,0.000824584523931337,0.00159646647888048,0.0013828467032257,0.00134862106557332,0.00201138680860382,0.000552125342873915,0.00206336779902619,0.000862178341009333,0.00184291141500997,0.000637832559460454,0.00110566829064236,0.00151259236593031,0.0068191803255678,0.00521793989482473,0.00954703768843852,0.00622605577158876,0.00893832184704743,0.00378071224390776,0.0022790855135494,0.00128413969777979
0.000722040696221151,0.000547318356490836,0.000417937414749115,0.000702334373981598,0.000508869167699421,0.000650345223575995,0.000359285946738479,0.000407939552698558,0.000309016960872703,0.000529202421658999,0.000500602604259567,0.000643227739641469,0.000701920241753941,0.00362563734936891,0.00420106871570682,0.0136895847644467,0.0192175201480591,0.0226921890730318,0.0187089101270834,0.011969753598151,0.0122907938363614,0.0130316148954984,0.0162212283867511,0.0116304566922634,0.00634789691893766,0.00687379607428832,0.00950236284803967,0.0216635593439446,0.0165953268391855,0.028904135822039,0.023349427666763,0.00632623231263849,0.00315836771513045,0.0140077521002096,0.00887893301811088,0.00222511449177172,0.00967168109630581,0.00252683888855665,0.00103732825426383,0.00426238018676393,0.00195444759851101,0.000655789115979463,0.00111401199890922,0.00122566510025198,0.000834201133395356,0.000374830072420405,0.000532890066404313,0.00020445652481115,0.000237612140438549,0.000789004779584142,0.00302851902095135,0.00171870373897535,0.00134569489812073,0.00144207374685318,0.001502054379416,0.00108268645224082,0.00222757705821161,0.00171794842120229,0.00231591892465632,0.00353110982271846,0.0023971742903064,0.0033235219571606,0.006231772180035,0.0168389190308707,0.00614337597279657,0.0121434263061702,0.00673519725396926,0.0186746516244933,0.0159775380411329,0.0244787417171665,0.012529001594011,0.00667717404911181,0.0148815844907531,0.0126720336422791,0.0164549790611785,0.00678347714089297,0.011733438044451,0.0165199365030464,0.0032362295999164,0.00686702623309814,0.0095258832177254,0.00483432055024126,0.00537699731521919,0.00173254880353228,0.00215516794210982,0.0015015338001907,0.000806447099713361,0.000679215335201717,0.000636301142101589,0.000953145076584412,0.000449727239050277,0.00160511345112127,0.00320267080637816,0.00214522581916405,0.00309698056651116,0.00812801274265883,0.00482884474270391,0.00415949603177254,0.00547646705088799,0.00396668040252906,0.00987902610816947,0.00451047216629859,0.00704959654717312,0.00236933248437587,0.00167602669179795,0.00121863018593885,0.000894827335146144,0.000605816979941347,0.000390512023062274,0.000296913711082505,0.000673512611256374,0.000774632594559752,0.00037414793739838,0.000326098414153571,0.000330097025992261,0.00042601249742084,0.000518394382336757,0.00036705494808215,0.000559246138271584,0.000640355849745131,0.000494272051958329,0.000237384846312668,0.000310362841063677,0.000471420177212198,0.000467943137464604,0.000396937764901831,0.00101947661701136,0.00389428602192119,0.00492936245778641,0.0056250142558802,0.0124454861647196,0.00587691245424944,0.00432354106100948,0.00550873243344438,0.00492685533381747,0.00446478047122989,0.0123957169852733,0.00580406732720591,0.00305364970479812,0.00443133328471251,0.00947157470093261,0.00488220491237471,0.00411260371804744,0.00300544272154896,0.00291625956965299,0.00246385863266642,0.00495084028694188,0.00209014990648429,0.00421325032870027,0.00547578878571039,0.0050794115603131,0.0031026985343825,0.0101529134224337,0.00410583269511673,0.00558122650263353,0.00124850132413859,0.0030615155345761,0.00225271526321315
0.000950255473134078,0.000662689822659082,0.000422834986186764,0.000455411949593741,0.000785941168855588,0.000410344459852379,0.000208363478529237,0.000237409112863917,0.000543671034733198,0.00054826011028688,0.000384575902607748,0.000684366878665689,0.000762639509567839,0.00249255266036216,0.00707526286278997,0.00986575560094725,0.00585750020498723,0.00592414152720098,0.00671329524361141,0.0054075277451531,0.00703756421996755,0.00584642852510514,0.00386211136603573,0.00539756110192565,0.0037705890098571,0.00727502514376069,0.0113856420593835,0.00924623187498526,0.019141666485041,0.0131626947629431,0.0112106287501981,0.00306756654426849,0.00436435467165602,0.00444930390923979,0.0039516022765212,0.00170348944906623,0.00279492167885914,0.000492382447926681,0.00106869803131766,0.00169315955899912,0.000369732421310411,0.000660764821273847,0.00017829167341891,0.000435748313942679,0.000680126160660936,0.00029376868288924,0.000250881862731042,0.000535682480861194,0.000434559799693588,0.000792296666291471,0.00162843654738799,0.00163629007671245,0.00185479454076882,0.000883408123794427,0.000851818880207225,0.00114493806538463,0.00106679031424604,0.00201565482628311,0.00782629815267515,0.0080899091930949,0.00203856998074356,0.00316551725363544,0.00258487348238251,0.0161838123971667,0.00749646886234772,0.00509528012599669,0.00573669065899234,0.00519277881143993,0.00906554399334675,0.00459710742038763,0.00470109366727166,0.00549114385102145,0.0115967516527921,0.00632137603992692,0.00401235381254444,0.00576064094439286,0.00561373490268699,0.0021471442395554,0.00264395269426031,0.00120039404457877,0.00105655835637539,0.00077074359287786,0.00120725509946478,0.000911082091745862,0.000369457699085322,0.000460361899785323,0.000128416159169207,0.000274830924873798,0.000412855674256558,0.000308066813702627,0.000619467697833124,0.000928096987740266,0.00126761522586081,0.00179835776568571,0.00137305070818088,0.0009959101818413,0.00198881026440454,0.00255901965989156,0.00108348474333242,0.00193073827713999,0.0018410799477772,0.00118195478086832,0.0015259159050843,0.000624291879521888,0.000339660007136418,0.000544720837563563,0.000477843272291358,0.000252548169387987,0.000155529354214031,0.000539854798705875,0.000314461143843432,0.000534337262902297,0.000509814367850297,0.000667250320025556,0.00022924431073154,0.000503827154557542,0.000175719449662899,0.000649285652682396,0.000430539144742233,0.000505140415639329,0.000332001116032747,0.000501773760252705,0.000264592050475802,0.000352008171536321,0.000563948243249338,0.00119655531129879,0.00146328088300485,0.00467656698314819,0.00996058568652307,0.00516042274092431,0.0110148072935441,0.0133198702959039,0.00726902389723849,0.00770563400116857,0.00345035148145553,0.00304074817718219,0.00479253499860177,0.00221817584058516,0.00331034344540483,0.00143095490424416,0.00188929029834083,0.00237667549495716,0.00147019953721502,0.00130182168068908,0.000687124004685308,0.000782914350023779,0.000739643180463302,0.000930213396671711,0.000764298522976558,0.00311164770486033,0.000828550188302869,0.00327415809912429,0.00457766249723827,0.00272059595904671,0.00350043438803645,0.00114599626702217,0.00205843405093567,0.00086355844028567
0.000397550524799632,0.000514669952810829,0.000274982298022351,0.000631053017270051,0.000950543914284315,0.00036214232369454,0.000211184257527674,0.000291023114918498,0.000231320701339749,0.000296568918661489,0.000312667278725596,0.000346695305799039,0.000587709740766173,0.000405760715739274,0.000700381461724269,0.00216172493386205,0.00209293469704855,0.00171625819192125,0.00251161484164795,0.00112190263166269,0.00329721171339216,0.00149999871029997,0.00386848576575994,0.00141709306865338,0.00265831782345846,0.00250466528965109,0.00751529744257606,0.00359740557787029,0.00473478749750807,0.00801962522852678,0.00304972971387561,0.0104426885343177,0.00352262351913714,0.00124327937587117,0.00185250034000348,0.00178149432252571,0.000778378021918758,0.000752927852246799,0.000873927967354994,0.000439879142129415,0.000470845041928322,0.000180590739371269,0.000312607211161449,0.000540632856726832,0.000284053251256619,0.00027612579654502,0.000281724102692676,0.000111105394942207,0.000384565587643738,0.00021921245158901,0.00109000257620738,0.000716046817291663,0.000245500784152587,0.000692786266953928,0.000367580491375454,0.000196447112087638,0.00067544489228879,0.00188433105883198,0.00170036570896414,0.00212518692353065,0.00129951169609808,0.00133681133048314,0.00070756276359292,0.00255777616150495,0.00295363440871855,0.00430096104150731,0.00332004201484308,0.00327265666651627,0.00314024290345312,0.0013028897476426,0.00221505668081685,0.00112166698158925,0.00314187398862856,0.00229666778455668,0.00101732334067096,0.00164747859606315,0.000812960860636175,0.00044854676718021,0.000915978877675205,0.000322735679781339,0.00053375593258746,0.000496604920983885,0.000160401549079031,0.000417620230100192,0.000373818128292265,0.000499782897470199,0.000283446569672748,0.000372288030838383,0.000217829361518802,0.000651169649352108,0.000776787677923762,0.000457840255364425,0.000398023524282372,0.000620295202056685,0.000688802197783742,0.000233222516796034,0.000521846049867694,0.00044584841265733,0.00073430492008481,0.00032970293332234,0.000738863643146387,0.000582513504175823,0.00047145155146239,0.000483214561334279,0.000502523921435593,0.000461602299169702,0.000115367489199154,0.000271873981521061,0.00021242784462462,0.000245345727061062,0.000265889479361885,0.000198703295933238,0.000158696020275946,0.000270803267625954,0.000600317037401059,0.000174884009054064,0.000254569102082402,0.000243904830971503,0.000412621065882473,0.000618365191348365,0.000464006088903588,0.000568368866248939,0.00015613784535105,0.000821646710511322,0.00198492109073084,0.00063808807216856,0.00206884654429277,0.0179560789965066,0.0351954824451072,0.0438931027918957,0.014970221100382,0.0314785781232645,0.0224807245076516,0.0198795412329246,0.00937444282437771,0.00771679902430211,0.00448495097978535,0.00660609808291136,0.00671678246313169,0.0022474950123427,0.00104968728446426,0.00159713070038922,0.000996518914963493,0.000684072481376239,0.000608500756934655,0.000446683076042925,0.000807116276719886,0.000562113388057122,0.000479137180394809,0.000371483057543801,0.00041704389880432,0.000642158094776889,0.00046242717069683,0.000586480199139252,0.00083990123600696,0.000355840248138077,0.000919468408663628,0.000254755232827401
0.00030645909699114,0.000653435480213343,0.000255815940799748,0.000320896990935545,0.000359712668855058,0.000397410601351248,0.000132591740569426,0.000219343975162535,0.000254354436697235,0.000211255929822722,0.000187689827669791,0.000105231944626038,0.000138475906414671,0.000443476867248754,0.000238710119731141,0.000367757468254634,0.000479956091133631,0.000394903241609353,0.000408746383260353,0.000459645420179255,0.000532321361734632,0.000244941294499282,0.000507846601187451,0.000291423912125036,0.000383627443791142,0.000494317713365827,0.00104496671494565,0.00122192849252434,0.00163984653282914,0.00106033302761558,0.000909434762762438,0.00200004458807816,0.000742187028138463,0.000387067219766417,0.00029076491517574,0.000692016179525897,0.000233400336243901,0.000555173138672434,0.000378041455352512,0.000295038430320235,8.54826498452571e-05,0.000126643508530748,0.000242590812694004,0.000538641433143153,0.000558955389318512,0.000118920371777275,0.000153044971986526,0.000300681189160941,0.00015875218459173,0.000208371761822899,0.000640773136033032,0.000147645218208431,0.000186862334586481,0.000386309563186157,0.000481454684658369,0.000154674446728289,0.000463155271273586,0.000249772481678799,0.00120828797881086,0.000714406783814777,0.000690196498410224,0.000512396309805408,0.00112707604100589,0.00205657248235954,0.004661110656844,0.00497656873557589,0.00181165861409017,0.00219735704109905,0.00247463264226595,0.00118429046684826,0.00120761400572507,0.00211828298260984,0.00160956455635346,0.00101383992753655,0.000588889423862017,0.000844614895586298,0.000391923517527281,0.00025365154107798,0.000219126211979068,0.000265162265784168,0.00018134730187544,0.000154285034001509,0.000128331760459858,0.000235107045431066,0.000490530588494559,0.000204839129388563,0.000179724930437532,0.000483823996811217,0.000293170832104016,0.000545513474489181,0.000737660048644326,0.000331227130410427,0.000504964455557909,0.000741998553342174,0.000282393714624276,0.000228909072180931,0.000185851609153853,0.000580957337443053,0.00047941045908609,0.000675721656385624,0.000286917201768484,0.000168293331355391,0.000536887430550208,0.000445943123561763,0.000323728464618097,0.000393342843746465,0.000512675277054511,0.000183610204976052,0.000454068984489678,0.000278315091081376,0.000106934629034758,0.000144025701077009,0.000216217516244213,0.000215950300805936,0.000229837624342885,0.000120963295684882,0.000204622269668634,0.000243816554295234,0.0001879038969462,0.000193571666537597,0.000151466632691179,0.000142043623298954,0.000243353685413776,0.000325893311488434,0.000476886212077009,0.000682228302921943,0.00235988713481745,0.00539432430409408,0.0314295043733122,0.0148448576672573,0.0188152568262371,0.0227497051486807,0.0142329525998762,0.00859407028693774,0.0123999683908044,0.00759415842637036,0.00403064139982407,0.0089458250226677,0.00426525857054883,0.00139548543991837,0.00253657372772495,0.000999452780113326,0.000697073949046424,0.000236946088319337,0.000301093988269544,0.000348195476158462,0.00047540831737448,0.000222347831670193,0.000254438502865202,0.000576446477419081,0.000337249662317567,0.000333327911402861,0.000573310882354697,0.000333943713698187,0.000223278092759394,0.000224830519578495,0.000330285713156278,0.000179343451033218
0.000106386133819404,0.000187687382914784,0.000145263357615181,0.000204412357758204,0.000102859787459299,9.78209750212552e-05,0.00016550576964924,0.000123032106361191,8.46958219980343e-05,0.000168769133289551,0.000183755208974581,9.54455658311753e-05,6.63388830852663e-05,0.000152829091751504,6.82157446682159e-05,0.000109424029393046,8.83820602463209e-05,5.14072830005132e-05,0.000151985393108199,0.00014122220527233,9.97063040092811e-05,9.85256567234646e-05,0.000217189255122874,8.83201709493192e-05,0.000201136160135798,0.000285940360734928,0.000178022254088386,0.000202266459906617,8.37206624056362e-05,9.51785501705545e-05,9.14737030629254e-05,0.000204236959869818,0.000409162636229604,0.000822125849719824,0.000277554039964453,0.000214960377493158,0.000357530831992117,0.000153641424861234,0.000385799213642351,0.000325013923980914,9.53280589081873e-05,0.000306921285491766,9.38348794613644e-05,0.000390705553325235,0.000208546914560412,7.86224044444633e-05,0.000128622165574473,0.000196334135354693,8.00216008118219e-05,0.000142463201041424,0.000121046409851411,6.32717698096693e-05,0.000124294845865462,0.000125341240711719,0.000135287648758147,0.00028886063556298,0.000272332029491452,0.000867151188450195,0.00243307260847381,0.00251674709083727,0.00269519401750786,0.00215362024689782,0.00216642065089376,0.00126620856942086,0.00167146876604418,0.00297868634296359,0.00074876956111156,0.00153424123745029,0.000356078169138622,0.000530789630285192,0.000483906729937696,0.000451720177513659,0.000442179666106437,0.000228655366163321,0.000188418867034704,0.000183075501036192,0.000178041225675229,6.73643050754377e-05,0.00020156251059553,0.000217828926025341,0.000175459906519142,0.000100829415537,0.000114217874761029,0.000176567506269529,0.000160663125900682,0.000328652754177689,0.00020807155429541,0.000108821883664472,0.000176019293225296,0.000185601099277654,0.000398727752249615,0.000117965790061597,0.000197516535526773,0.000170588694619686,0.00013144956810595,0.000125003063665462,9.82628314078348e-05,0.000249974937424729,0.000172466815201722,0.000399574846134817,0.000245309992798637,0.000219906824139943,0.000122726058137044,0.000124051992410059,0.000198271265907653,0.00023564311276505,8.88422035157533e-05,0.000151636035695482,0.000271987228635845,0.000316502527712656,0.000143882234196653,8.08761784903623e-05,0.000160730104459749,0.000146845931742829,0.000106572309008189,0.000194734879372428,0.000117414699732555,0.000122750865393016,0.000170860243881677,0.000285317066191807,0.000110952012201842,5.83113297954611e-05,0.000279682624138828,9.91391364122671e-05,0.000364061766280501,0.000384017018799333,0.000765185329591433,0.00279453362449358,0.00921015520910217,0.0285284264966485,0.0241875500315058,0.0295728943546585,0.0196870586435816,0.00855380188083997,0.00309410361468477,0.00678662208801379,0.00150449899705398,0.00406819599684132,0.00313179062845749,0.00130060851750266,0.00123732572973175,0.00225574910576106,0.000622514019556295,0.000558368067058402,0.000482509508045895,0.00014283056370062,0.000354020794648271,0.000111085062054255,0.00025109099777694,0.000220820569182019,0.00015606527618628,0.000315135358001691,0.000288092494007991,0.00028384666470629,0.000168449256164135,0.000277980994795693,0.000259295387007243,0.00017877336987488
0.00397976032028157,0.00987133460388333,0.0113401137121271,0.00979834643872076,0.00776813788770565,0.00823116309191348,0.00924608294540541,0.00895584609307314,0.00985369919921556,0.00765897561954404,0.00440120385007054,0.00720126546619277,0.0109874577732686,0.0201774222517719,0.0317279592543998,0.0298195217496805,0.031892416991136,0.0290808036962746,0.0184440160056853,0.0141858978374149,0.0209034549479796,0.00664819068210792,0.0186676520799168,0.0503142966195436,0.0622044897887001,0.0699263424670175,0.066379485813497,0.0423977748770812,0.0260133302777243,0.00962064405395412,0.00925621190679345,0.0289992946743378,0.0576001292268998,0.0847759505549415,0.0892420057230087,0.100363409183235,0.120972913239159,0.129566429788383,0.149921127410575,0.149914365612173,0.118276963703142,0.0907625718421351,0.0757627220053014,0.0615829604020513,0.0808089288644072,0.137958299945809,0.177969651691308,0.241300175345414,0.261556644475099,0.225842777143806,0.133198957115097,0.119100229209989,0.109604240542532,0.0612520299188596,0.0170144887349266,0.0594470791825559,0.0172869188794948,0.00624559965696495,0.0147173458285151,0.00449433789239868,0.0190610680170683,0.014793923532864,0.0111264856898183,0.0102687887962876,0.0101088660184153,0.0533698972706634,0.226924779333504,0.43989380026553,0.411609611950717,0.255907376980104,0.112418693176528,0.0665760176149469,0.111719283057636,0.10260530438135,0.0709747663597099,0.0381615609123284,0.0255639003420444,0.0290872340327443,0.0716260619648165,0.102714130376845,0.0889870524446966,0.0655588503086788,0.0343833916926183,0.0445816107270891,0.0502998196315185,0.0430595416848055,0.0510413401535988,0.0111238828368393,0.0036093978625532,0.0671227991825361,0.2062144859301,0.25613727928715,0.250425058761621,0.206897974453744,0.12112229327142,0.0169715922161992,0.0591966312996949,0.0885738042623612,0.102756622751898,0.0789355650928447,0.082124624576605,0.0855935861292238,0.08997690449187,0.093888349221871,0.0639701503964597,0.0269521815845183,0.00733123981319339,0.0181321219812485,0.0280007791167979,0.0270249294978525,0.0233401014471972,0.015375484646741,0.0364350518094655,0.0268367340993231,0.0123102904738209,0.0107132461085973,0.0135382628282917,0.0181560088498675,0.0406732704135549,0.055636734354919,0.0232363951157458,0.027072648749824,0.0268560259358151,0.0185559568131838,0.0191144013151069,0.0518105380872489,0.0687536567088049,0.0467855890798601,0.00315763116906979,0.0194324267009088,0.0118703534264914,0.0101292855539617,0.0792814298471786,0.0851588361473136,0.0579061672657376,0.0275508609412485,0.0442093056457764,0.0161221227954739,0.0127685280673849,0.0277115338423322,0.0248550830060756,0.0154933280977073,0.041797699764895,0.0547872003303554,0.204943813796094,0.216889582793925,0.191528630458716,0.0692821740773093,0.260255628400914,0.550889595659895,0.736107790722584,0.753908594891014,0.514832450512904,0.522749454120459,0.712628403292682,0.573358692934364,0.257195983330938,0.216154315220906
0.0022373964979355,0.00325931825335702,0.00170179607390066,0.00114122736577606,0.00115053827009463,0.00117884469290066,0.00170220882576072,0.000677299658352349,0.00132003143773558,0.00112588640731099,0.000941908711045494,0.00085767873592138,0.00133422057833333,0.00499408015093703,0.00898662354790801,0.0129419087290128,0.0186677303365178,0.0132507908691244,0.0164566801407395,0.0318672015745129,0.032261858394805,0.0188517474557971,0.0153309482701477,0.0152370955637572,0.0154180146488285,0.0248430364492369,0.0324971644241877,0.0275850281856046,0.0170911059563654,0.0177069142610512,0.015032548601158,0.0151683957078089,0.0236930828232727,0.0195248691480523,0.0216681226791875,0.0219147074396585,0.0118335061884098,0.0166792540275649,0.0175140605648114,0.0211712736191686,0.0126969046303508,0.018491340341337,0.0132349312393029,0.0104364232034774,0.0122801196168268,0.0132879313188125,0.0190557200708753,0.0330539853317312,0.028530577659391,0.0425694867595484,0.032379872054039,0.0251950465582268,0.0213603670024469,0.0259665769634823,0.0135528137223112,0.0134474580210175,0.0174577965554778,0.0265510403137121,0.0132571245905499,0.00650283675628211,0.00543204872218437,0.00388324363410211,0.00338424682943829,0.00479089860494013,0.00362826457510065,0.0188822471404988,0.0408726488356569,0.0652548572846568,0.0437743294715184,0.0278392292253706,0.0371336062140203,0.0574396417276533,0.0221701516637378,0.0303098335324872,0.0190505827759545,0.0171573063150431,0.0128908937402573,0.0177806408807866,0.0221570354528145,0.018028805990624,0.0231428363538361,0.0164136041603593,0.0107305413875415,0.00956876205923316,0.0128854048891069,0.014028059599684,0.0177061773190144,0.0114882173620433,0.018873763794857,0.0473427954697215,0.0535155216691881,0.0332839292807484,0.0737608044245888,0.060590061044128,0.0211816628649199,0.0158982638829896,0.0128898964687268,0.00977145305800689,0.0242830100974894,0.0254473754395744,0.0195147135438243,0.00316279414274599,0.0133289243115283,0.00646649185983791,0.0134545751663055,0.0124140865670843,0.0197493487149954,0.0167459345755505,0.017744811872634,0.0202386775002536,0.0237627174367648,0.054090090885296,0.0964622777564218,0.0706058061665996,0.0454266792230235,0.0165925088693491,0.024497476287372,0.021428114451514,0.0372975741394475,0.0632980492523587,0.033886523196372,0.0223595200567366,0.0271422978707147,0.0365065903046135,0.0122667705024892,0.00646055625209947,0.0245443990347885,0.010136515989767,0.0156561033985546,0.016116750571704,0.00637907303388033,0.00479598782936485,0.0191981415563997,0.0197368496000277,0.0142575952833249,0.045673128141491,0.0565627919522028,0.0517305836275763,0.0388594117818425,0.0443594296164477,0.0344650422707803,0.0214239887683646,0.0247421107709206,0.030427641979201,0.0811897178648308,0.143249694312355,0.0542699583758577,0.0420926995907664,0.084476938815853,0.0845046891541627,0.214225572637324,0.180581474961229,0.309232290160832,0.270046188480414,0.135424689728542,0.116567072942117,0.0267582031229395,0.0599510117612768
0.0011272849687642,0.00132950090866226,0.000656338904000442,0.00097185189973431,0.00285163150030456,0.00186918413148314,0.00195129226306417,0.00111789089853747,0.000650644681125893,0.000881067886282454,0.00135697869328284,0.00132834510897743,0.00412842470836734,0.00512523886905294,0.00648615564362344,0.0100704246593774,0.0133272719301648,0.0119770459949209,0.00847640198219563,0.0165806022093361,0.0271843378227162,0.0293313377955754,0.0342398571254897,0.03561356453669,0.0279764847441296,0.0309903366101664,0.0290143382217569,0.0223172165171257,0.0380174052885257,0.0379001832543572,0.0254250284068782,0.0239941749247915,0.0253876527401309,0.022158817445822,0.0228162673453018,0.0234594039922472,0.0319087656652001,0.0576056769057219,0.0389696136743993,0.0282586746453896,0.0190537082657424,0.0205946857498923,0.023795085660139,0.020253606732516,0.0216343114204818,0.0222777729849244,0.0420968011996461,0.0660956539221983,0.0351224064958497,0.0389809952485717,0.0677709194764306,0.0863171055501153,0.0659537004753424,0.0330758520629202,0.0278575164036808,0.0299181724325368,0.0150512695939909,0.00694103738430659,0.00622371974946294,0.00694926782947472,0.00444167943243215,0.00243369010259201,0.0026767974600914,0.00506704669720184,0.00580840444903498,0.00912366461047616,0.0246983564661069,0.0804557148189019,0.0590117499447062,0.0471325120986777,0.0197144386604934,0.0214630774339529,0.021080128407539,0.026198754258522,0.0393485460730249,0.0340410616614523,0.0239483332802662,0.023427423094216,0.0208743179273473,0.0225430416400482,0.0234905283541915,0.0171687617995367,0.0127368211174505,0.0079109466957229,0.00964282611094881,0.0101879607060052,0.018847500472711,0.00547983751573885,0.0101955451235556,0.0106337004354627,0.032315111748319,0.0203748828549919,0.0235191479536612,0.0381076452478335,0.0158500232792694,0.0171921445198846,0.0144301964964693,0.0174345042493666,0.0151409756838369,0.0220549739431171,0.0164535913239361,0.0114218003011525,0.0188078129807799,0.0162838258588172,0.013402035038442,0.00980271569409228,0.016116132238974,0.015082253361314,0.00877358548248868,0.0140957483031344,0.0576431955384458,0.0189714571635708,0.0173789209878582,0.0197304656490334,0.0139786530020928,0.0157777015291719,0.0218187892469516,0.029003315670724,0.0333690531768429,0.0107816288812785,0.00734552921650357,0.00770958158960035,0.00590189284212054,0.00711341451713825,0.0046111738747706,0.00389181093374242,0.00278984200541588,0.00287651786778618,0.00183741691873577,0.00289879003537868,0.00329610796892663,0.00289340507744599,0.00603562646223695,0.00853176426245241,0.00791684336424324,0.0160163867451603,0.0216366238791116,0.0352956582643367,0.0169536369211115,0.020646019603927,0.00575504422767174,0.00913295367682864,0.00471001021564057,0.011607656453017,0.0112729367609074,0.0207478826302713,0.0115058715253631,0.0111373406443506,0.0185807788977411,0.0206536152945576,0.0172680830587585,0.0242252722674432,0.0260192755682169,0.039995623401329,0.0263678304003399,0.0093506772738732,0.0039541652712891,0.00756577451971103
0.000682649992241728,0.00114556890872607,0.000351984708841261,0.00048374231651765,0.000743724066005185,0.000359160546200337,0.00175045368468689,0.000517000449031898,0.000217571153360824,0.000557274619826508,0.00059591993628714,0.00177549792270107,0.0024761245258977,0.00927016376599232,0.0140877777690595,0.0270247275777282,0.0239986910185854,0.0156933071777747,0.0178038222207493,0.0279681625344558,0.0254642512864272,0.0286052931757512,0.042002518606651,0.0556965607341348,0.0725178496692342,0.112682563469231,0.0634422168906589,0.0503827694438905,0.0514765412614929,0.0374377850993919,0.0467086925595624,0.0896652785777429,0.0987067203584609,0.0460207288630231,0.0276341419351277,0.0339872975557785,0.10401104723726,0.130892635203167,0.0592902540393921,0.0527653079833746,0.0559111051035076,0.0623358387955977,0.10778957448211,0.0821989868870307,0.0377731129627951,0.0235794969410622,0.0266865459735736,0.0381001912134054,0.0608515206139102,0.0730602696837787,0.0722875613460643,0.0835510637089476,0.0668205683903594,0.0540161906621558,0.028163373749722,0.0198580576489248,0.0149919611984039,0.0101325268903839,0.00568866560752102,0.00450223650923489,0.00290273962445468,0.00413674831421379,0.00122887855888261,0.00536880160784681,0.00438762686111722,0.0112132000918041,0.0382878322231239,0.100518879953553,0.180166769545989,0.0676136491663566,0.0697384433846891,0.0137190125937292,0.0306942262072093,0.0327729827470266,0.0266016466402695,0.0465916959360149,0.0737702330945162,0.0526355527167087,0.0830748680688826,0.0685003765771265,0.0418071908811687,0.0318704668093403,0.0222516659859788,0.00910743698966025,0.00391460280533645,0.00423047164822711,0.00368980145909005,0.00615290738155477,0.00406572982772627,0.0460680782891699,0.0295073313784542,0.045529210959703,0.0345177705201141,0.0570392193324909,0.0573399667361101,0.0204946021115,0.0558469298517919,0.0565306671064741,0.0317835651300351,0.0268896872376275,0.0395873671195362,0.0738005790408689,0.0855057926083935,0.0638189162712736,0.0381980965330675,0.0166173999599094,0.0200533351720117,0.017258737181326,0.0274563493309843,0.037871771462666,0.0359148973000805,0.0263346716471488,0.0184217534637197,0.0137164184430112,0.0475734781925988,0.0174191506453484,0.049678059039995,0.0854252909730371,0.0587065986145522,0.0162772695465392,0.0146932172420613,0.0166144685998542,0.00520400046968631,0.00627727323579215,0.00537745307506985,0.00709697307240754,0.00482319055725575,0.00306045158381094,0.0019287739813967,0.00139265125233216,0.00296041587738474,0.00354046550655477,0.0114821189780089,0.0175695282695579,0.0299973036005851,0.0763128164674074,0.047977477071073,0.0434266820132951,0.0501674566689656,0.0204608300426462,0.0180037186228929,0.0185623229718671,0.022960461734461,0.0184122746109157,0.00874151328303917,0.0106708440055915,0.0135203654091158,0.00670566028469378,0.0144057071493065,0.0100185918990947,0.0405844453333088,0.0426889326825631,0.0367024566178624,0.0196626655432253,0.0172077152458972,0.0146113358867583,0.00438448533640392,0.00760218712326528
0.000467643814921479,0.000696302724360004,0.000218465414072816,0.000394594664160354,0.000130310675351906,0.000411194011237997,0.000830412167462975,0.000154847142968572,0.000195137396348098,0.00020616513372652,0.000437650142092069,0.0027341168224008,0.0010462795787243,0.0143183810372709,0.0156751145419026,0.0245677722457747,0.0358470959729356,0.0207368413523214,0.0337675136029816,0.0270825561866619,0.0560400293131959,0.0577530406283275,0.0276951311495347,0.0491394433919361,0.0601863093006774,0.0665017758777063,0.0828968639547604,0.0324851675642603,0.0825592181831885,0.0749006452461959,0.0557586693917674,0.0646274312922231,0.0356421196587581,0.0806480242373248,0.0643500800587793,0.0437880209783244,0.0733888742126316,0.0994324956387465,0.0699342977840573,0.0800962580729063,0.100649694356956,0.0610325008889154,0.0271857466401375,0.0147319729281709,0.0150743677165767,0.0255332430519689,0.0286153259477696,0.0108378793432128,0.0188007608233192,0.0386153531056683,0.0490560916133612,0.0342938217419817,0.00617355582609011,0.0155247526488543,0.0130534686178259,0.00953674055822627,0.00985683617005006,0.00894066589003371,0.00448791032491521,0.00743913387309848,0.00540721141064313,0.000458992778112239,0.00142917075180983,0.00164067690197652,0.00165777619666783,0.00415276616174541,0.0324352926500585,0.0487970032835626,0.2535492865658,0.035508334921254,0.063804742876814,0.0478902656613166,0.130348951972204,0.0312667002580969,0.0488580141910527,0.0261341707475726,0.0382012856317655,0.033260695111599,0.0225125886359183,0.0282232812415326,0.0162427693094435,0.0142541088187676,0.00707338121655806,0.00854310710692749,0.00732676381278845,0.00645436318502739,0.00437136723118173,0.00523131082486077,0.00265196862021713,0.0179351934435274,0.0144921911284225,0.0356329925825882,0.0485003991547247,0.042431304556408,0.069660219815824,0.0485366038775185,0.105420617489049,0.0847853983705796,0.0535950903689043,0.0435081774264246,0.0169050230209554,0.0722791862155596,0.113237826832882,0.069968937155735,0.040138091101491,0.0302079323220759,0.01756879242901,0.0203382276920253,0.0160890510436773,0.037485997617369,0.040493633733047,0.0190570506489243,0.0198214825774212,0.0109247593196366,0.0129256016123842,0.0104968569150877,0.0141146178534853,0.0152519092445537,0.0120865752153759,0.00592930367733252,0.00538708594777069,0.00410564787199652,0.00293694232883832,0.0018883358207707,0.00246205236562735,0.0019205066550802,0.00124337839610788,0.000609059747218945,0.00101023928992462,0.00115451815703098,0.00101958545603567,0.00199885166364108,0.00508579294817803,0.0114449949393019,0.0189358182511429,0.0199378143875232,0.0561855144867904,0.0496450997215308,0.0239339135361715,0.0134541695039269,0.0170524023329931,0.0381743285896871,0.0166596186299822,0.0105354758123091,0.00886137454040932,0.0203750029621975,0.0115649773004446,0.00983309214643744,0.0232462448154808,0.00566858454853409,0.0290046278784426,0.0251987378535709,0.0544899034162261,0.0253842697353458,0.0107269145923343,0.0101448335158325,0.0110051944543674,0.00947381351996165
0.000520069491080249,0.000291766166327711,0.000135707627491558,0.000406955077959215,0.00023641101776143,0.0003259565085621,0.000263262914264422,0.000291994759846917,0.000767637452051549,0.000523071755063268,0.000404475044705178,0.00143275539461594,0.00105594859468033,0.0239846181195904,0.0127893552646307,0.0129593506373704,0.022189241117293,0.0194953044748672,0.0322957429965936,0.0649876182734375,0.0285745908947754,0.0227117684097211,0.0356986118739822,0.0391970886739583,0.0477005092008879,0.0739773621179598,0.161230754405128,0.0985212681570035,0.128771923141151,0.0646890398587669,0.0969742165411073,0.107725828891542,0.0709038542171798,0.0754683303765657,0.0792616363412787,0.0914775960855155,0.0976544239645888,0.0814687849502141,0.136503433593798,0.149880190266221,0.113969673675481,0.0756164172141122,0.0296559938829006,0.0202591639882995,0.021534057298815,0.0308449729705321,0.0104288337009069,0.0167766710354236,0.00511611588012832,0.0234156666657132,0.0315683263462644,0.0225795035972053,0.00924323606244671,0.00656141633073346,0.00855625472998238,0.00580267830151232,0.00483715085246302,0.00844700955603426,0.00670273042212737,0.00113893010071215,0.00397746092499294,0.0016121946533479,0.00112284938794283,0.00118218416115517,0.00173382455921762,0.00519303443299496,0.0206527172624352,0.0532699335851186,0.197644226361849,0.146280988906125,0.0486081713588257,0.0547751460994426,0.0778202953765517,0.051773395021616,0.066452195259291,0.0504716460975719,0.0664534177817213,0.081473579015634,0.0511718583607069,0.0447583138128388,0.025369343936198,0.0202764334813142,0.0186697105108135,0.0168727986926467,0.0099725642062148,0.00789171663950717,0.00290739904421787,0.00861242988111931,0.00480932188400403,0.0103565057501642,0.0176721966649665,0.0346250612239035,0.0512948450705516,0.0967952169939904,0.108068857177462,0.0808470773990385,0.0831756102536283,0.046308559332594,0.0609184739178918,0.0477139446858086,0.113361430150863,0.162081604862158,0.0501164315253336,0.0378527931387437,0.0484277444861677,0.0391004607798438,0.024576207504398,0.0159242178060774,0.0126285096323366,0.0106788984733853,0.0166534018051822,0.0208192663161895,0.0126845912058602,0.0154653075603755,0.0196040901386708,0.0223189153817908,0.0240660506289978,0.0149977058582989,0.00796169902993878,0.00580594351848737,0.00642582560383258,0.00530364967530937,0.00226556595827304,0.00132767686376317,0.00178738720695898,0.000716364273171403,0.000510749612457741,0.000585678869920749,0.000717885950157223,0.000481946694630059,0.000552965876589336,0.00147941316747503,0.00459406026011755,0.00709319722851177,0.011472706081461,0.00728201778794242,0.0111017530808099,0.010788309306232,0.0114452254275916,0.0127785601782555,0.0176216209519263,0.00682407722772902,0.0167397598839748,0.0081834577181367,0.00947412513580577,0.00405718413186381,0.00517273297011125,0.00496242395559043,0.00449970954720383,0.00543222102550032,0.0315088404760709,0.00904640123266667,0.0183613844411092,0.0396773115876236,0.0152257414506317,0.0123945774303862,0.00412805832662561,0.0026147969879332
0.00043993902688701,0.000323493964434727,0.000352301196301356,0.00056026818304131,0.000160819820136977,0.000413828727973769,0.000417192605013628,0.000368395188799114,0.000312648647208886,0.000214976195135556,0.00142952740274713,0.0010332563955461,0.00185329160917087,0.0194781472462571,0.0232715012572686,0.0348972931475185,0.0264202464025707,0.0385014754398907,0.038032842951838,0.0265036810975722,0.0412069725220351,0.0128626669470375,0.0150031134121996,0.0237564946162452,0.0468954320554992,0.0684273401418861,0.0531940990576255,0.110141021112616,0.128093355031351,0.102361166779832,0.176495758293016,0.148427360903322,0.218590600606161,0.18055932217383,0.127014076472246,0.0857172778358005,0.176879063948263,0.103751002739005,0.119914608434113,0.0948441074098972,0.0889956445869802,0.0580495876954659,0.0385071089282735,0.0190708001268567,0.0249799956208006,0.030673889551155,0.0113121218902092,0.0323136462798635,0.0150542377592374,0.00975162120011916,0.0222942465784629,0.0113437192236244,0.00371344147545998,0.00519966518352965,0.00389223254079606,0.00471817060887092,0.00162689063378816,0.00283732954427411,0.00245540289161879,0.00165619511117881,0.00064443687932063,0.00092232884350471,0.00103742095605502,0.000812283794003181,0.00148791123055499,0.00230979354020756,0.0219100150884195,0.0616153762994849,0.111951804786136,0.195868489205156,0.128335149901478,0.104234174039945,0.0805292633244439,0.0771979269941924,0.117277354865462,0.158705424133229,0.088134511372689,0.0770316141611189,0.0741212869311678,0.0459715935484783,0.0432939405759267,0.0234647442894296,0.00748945340057816,0.00681044942112351,0.013606418572343,0.00972733955254764,0.0044176975719542,0.0047683708677249,0.00335189566119541,0.00705032748806745,0.0112434796465455,0.0192906500575712,0.0323767413949092,0.0303938873578292,0.0757227621249905,0.0661758795634489,0.135561948847514,0.141737215758227,0.0998947226224886,0.0633454991055851,0.0639053604437492,0.0961514852974625,0.0952623066000739,0.116128723310606,0.0499772353302152,0.0600145360154088,0.0506746998531338,0.0875511380973354,0.019442601495917,0.0936073965152118,0.0560427684660911,0.018151265315337,0.0121268739098825,0.023101977830025,0.00849155008889362,0.00750089989656449,0.00935407235466533,0.0232487187215297,0.025151486495233,0.0169829381060092,0.00607741500040847,0.00199758211279123,0.00110617488740082,0.002337375130628,0.00119270387666741,0.000441029117433863,0.000916381003791485,0.000440308950501804,0.000571038217702134,0.000990610315338422,0.000202979662822594,0.000317510373799825,0.00104902637522105,0.00280852759179211,0.00343518783905342,0.0022544045836517,0.00586684398723511,0.00629303626162722,0.00499342208478199,0.0044197445929232,0.00629357210533969,0.00531441238201589,0.00855611767062287,0.00336859170894274,0.00385190233559275,0.00108236419822759,0.00166295803483417,0.00109600232646675,0.00115192058954828,0.00281306275033367,0.00559211762340412,0.00741725663001846,0.0182136688042928,0.0112265361630082,0.00806761695611169,0.00822086683424502,0.00816389005526941,0.0016107812336642
0.000542328460221029,0.000557224899176373,0.000301017456391323,0.000196103924002042,0.000312117598920408,0.000460811786529115,0.000407040923167285,0.000258581770474604,0.000344749886861658,0.000292694372067689,0.000489664089530257,0.000645528818259691,0.00069304081012487,0.0142817003775967,0.0357434334891779,0.0377285439046565,0.101574310585299,0.0951564230948838,0.00982402326966905,0.0254367924041854,0.0191997041918033,0.0188867376428665,0.0219553283939207,0.0124148127903723,0.0277238711199477,0.0295084065668622,0.0240626197136705,0.034910922620289,0.0571896010015676,0.109221367432176,0.263195172195414,0.228104117826416,0.152581280607395,0.0991364184040849,0.0503622380148548,0.0530527662473657,0.0831780791301467,0.0897193929259492,0.0758733658482813,0.0153932032061831,0.0431574719345797,0.0426695658947351,0.0163044960306558,0.02942390153763,0.01684656736502,0.024329236652027,0.0313548035838851,0.0121797943035072,0.0258968963910973,0.00881520039241188,0.0182579193805939,0.00805122520675202,0.00319560544329333,0.00195661513040638,0.00560309725364156,0.000671784106807558,0.00101558756950503,0.00356465290165659,0.00120049539930756,0.00028499307549775,0.000671149694243758,0.000844924947189073,0.000481645821138802,0.0010110635629143,0.000611877943808085,0.00333753300377093,0.0225855040527812,0.0424816867163004,0.0524075770641091,0.0943625430628318,0.132430360272087,0.16637570258237,0.105138989411318,0.100461214772839,0.149682887254601,0.133605350773931,0.0966867857755731,0.103075127866816,0.108143957645609,0.10528141494723,0.0586160339094433,0.0195409018793553,0.0161489138535749,0.0228006050449874,0.017433879973321,0.0146761617757023,0.00372450778149087,0.00803305879288966,0.00489773384507008,0.00641342659755785,0.00916258271393968,0.0365814550197386,0.0148341385807844,0.0686270127247629,0.152446997745342,0.121168169520157,0.156738217590182,0.217844336251519,0.328871701465881,0.320613573212376,0.182249255151802,0.0846735609235153,0.0639723997310229,0.0652997926322821,0.040102830711973,0.0159888924042744,0.0153161694628602,0.0337005966614875,0.0291576422581971,0.0241377610241709,0.0173336567364758,0.022200165606018,0.0269363512626204,0.0157327121192394,0.0162038839855457,0.0106477204450369,0.0139944301425024,0.00763593539897352,0.0176360608147894,0.00378621325022988,0.0076221466708646,0.00555421382850278,0.0017858772936448,0.00238237380874087,0.00156770417867437,0.00151825270471995,0.00166589716679822,0.000483474176597545,0.00048391393434622,0.00039294205383963,0.000178206321870035,0.000265902932270719,0.000757546131380508,0.0013533404555459,0.000325056189890492,0.000762905449024212,0.00240700425650358,0.00182649752141399,0.00387922166346324,0.0040662287707302,0.00453408546459115,0.00509649166382358,0.00314079500569754,0.000472935759341307,0.00314144152002383,0.00201438935823556,0.00225513984399298,0.000629582577480022,0.00133734101065598,0.00285135592036913,0.00496995046327905,0.00180865134404625,0.00482923183525352,0.00500854733221293,0.00822482171963807,0.00720863377875517,0.00649499595774298,0.00267059906129567
0.000183757022895039,0.000574576758249762,0.000905350168598603,0.000284160698280503,0.000460420234873728,0.000636864805553292,0.00019842025081384,0.000265609557533214,0.000282097007805725,0.000241249636583142,0.000427428974279312,0.000154950312028453,0.00073927038004608,0.0022416319282364,0.00585219369504058,0.00487649024903925,0.00731685595427991,0.00996680572877959,0.00594832932257403,0.00528972073144932,0.00353242569682646,0.00296156922612734,0.00558152386673141,0.0030142778814496,0.00468334194651092,0.00570119473021778,0.00964082705890864,0.011903930785265,0.0261450415827134,0.0192088954966764,0.0331332570884074,0.0427543914299854,0.054505176272072,0.0278940497984907,0.0208691802285509,0.0146776484513089,0.028541270293223,0.0453900059110612,0.0239807170338333,0.0136692988825983,0.0344821279717902,0.0143665850591471,0.00990699572556593,0.00781657406167778,0.00851145835813149,0.0131180014860179,0.00576280978804762,0.0227302607132569,0.0113908847368239,0.0061193858022732,0.00774307487320355,0.0071275143456658,0.00751010814743129,0.00543523129541172,0.00469243820566178,0.00325997108297932,0.00205227224432217,0.00438233352800516,0.00157347048309956,0.00176369009155174,0.000339224811308543,0.000530654731387747,0.00122282415020242,0.000928114401424578,0.00107922270282871,0.00198528178637852,0.0286860052288986,0.0345868968233136,0.0630135584822085,0.0979641418295075,0.116760597850361,0.0542395826516594,0.0305268516101475,0.0682492086288748,0.0547539676977023,0.0567874390230449,0.0207758924507007,0.0549658725544778,0.0912738677392218,0.069059212710749,0.0776955402699274,0.0799196448861727,0.0638188201910496,0.0533836011727045,0.0352313123397506,0.0192916844967894,0.0134989392094633,0.0140394893782995,0.0111110090742196,0.00757421538700002,0.0231687415013348,0.0234772436849632,0.0275689378992039,0.0341197655490302,0.0584547930646349,0.0599960088211769,0.0535472711046825,0.0514131464369344,0.0460615459852203,0.0382269686391912,0.081281791167994,0.0580850846119939,0.0779027121205895,0.0731689772117539,0.0596236142561227,0.0136939716935335,0.0275635424349317,0.0229236416603058,0.00909271117999957,0.0220077406799696,0.00913962402487874,0.00650158977623829,0.0137941015433356,0.0111492757489232,0.00609618367851401,0.00331394657104542,0.00339721080381655,0.00133845131462897,0.00303626257561051,0.00359366041001022,0.00251661285058816,0.00242287013138948,0.0017008254364669,0.00275758751373413,0.00326959093986627,0.00102159774360977,0.00110423431292469,0.000259591018088685,0.000316775670972963,0.000989963224625745,0.000804539295339506,0.000871687545839412,0.00100747778625395,0.00156598375035667,0.000876176711242812,0.00142881134455188,0.00174311161518719,0.00466932558213159,0.00329366629928188,0.00132998672895921,0.00128810436227122,0.00298947338596332,0.00194900402350767,0.000707324267283783,0.00193435913015112,0.00136364717142069,0.00150160192178321,0.000401880055813484,0.000962026150494327,0.00174513842252568,0.00285765571520534,0.000362653486896102,0.00370972367717488,0.0010170011236284,0.00340665150821781,0.00102179127519731,0.00186059514291455,0.00108277332173694
0.000405106354513222,0.000960112690328079,0.000543982910551605,0.000677725182776861,0.00043775213797308,0.000880915053456244,0.000466575578967272,0.000721563422766622,0.000378476199988826,0.000126334602306195,0.000483695168168218,0.000358752301951921,0.000426432157134903,0.000605138278248955,0.00163702748935854,0.00229312587972147,0.00132940526508839,0.0012794796133664,0.000939751324713717,0.00164434501245004,0.00150242867599836,0.000808766577711571,0.000479512249658662,0.000420134489891136,0.000345437534939633,0.0003059017803502,0.00314333756889702,0.00202361447237474,0.00274381067710041,0.00606345307974322,0.0124058086069443,0.0170764604209206,0.0161852136248762,0.0097746170821696,0.0147091150273073,0.00767781383600109,0.00964604001278222,0.00278564890494023,0.00930170759022204,0.00159173667903791,0.00529526547798495,0.00242872225114827,0.00247560993280168,0.00416667027265279,0.00154254343283264,0.0020867742451552,0.00319046033283162,0.00301862573824963,0.00525013721943036,0.00885177968846956,0.0182007014697431,0.0140840971063438,0.0179141116067738,0.0272464441532575,0.0120674889956283,0.00392210688311692,0.00345617608054575,0.00765335680797143,0.00172059918865917,0.00216055614997641,0.00100386710587868,0.0012137380444336,0.000862019182475526,0.00107280508337311,0.000843369627595393,0.00302074978888591,0.0146861216425736,0.0545123873697294,0.0396517561229809,0.0332122052018286,0.0623507586658162,0.0126963275174986,0.00983182964293114,0.0166669913087071,0.0204343363812299,0.0333727746185939,0.0106681953951543,0.0201854574896981,0.0230945089098378,0.0348939916610832,0.0182521809465816,0.00880933972781664,0.00565453884489718,0.00787096336994524,0.00634434796902175,0.00895465277656451,0.00234122814688551,0.0028400911880909,0.00367603749149516,0.00583313608274853,0.00731582471818478,0.00840725162126834,0.0183475842051788,0.0379084163968981,0.0215514385165898,0.021173334334398,0.013859925175695,0.0156304259993198,0.0158879943503294,0.0158148286569937,0.0146721647342564,0.0255317517188857,0.0155793436880786,0.0222935409168963,0.0166304499019563,0.00502222260215293,0.00242150405164688,0.00299523734749815,0.00335396596905171,0.00401998205484872,0.00147413981660122,0.00362488969067524,0.001933282030046,0.00121973273134456,0.00157624172253998,0.000364979878875553,0.0032074860221195,0.000927152519078954,0.00101294428563138,0.00159908129386813,0.00185914594579282,0.0012556189960746,0.0009957273454665,0.00102968154523576,0.000838707910489461,0.00123053139369307,0.000328581391885553,0.000377005078560343,0.000465338130314518,0.000592284725464476,0.000768670795245506,0.000730006346257595,0.00151751969963674,0.00253279705542566,0.00880110403767504,0.00269644024424265,0.00537391427844468,0.0184423184652164,0.00775940590204402,0.00605740724531951,0.00180783475493294,0.00512506066310694,0.00425109497683367,0.00821629464084636,0.00466249474781339,0.00182890583475119,0.00183972313843829,0.00148810844320095,0.00165440068353317,0.00117883270500046,0.00311415980468662,0.00376222330619324,0.00801929154567536,0.0104754332287974,0.00649027046546794,0.0025253346338692,0.00514751359364755,0.00115717219835121
0.00028568481542664,0.00143460440709781,0.00034796006754793,0.0015977771308032,0.000520744238502396,0.00182983315273932,0.0016534275026099,0.000645668074292907,0.000333162503877952,0.000169820652150712,0.000416342662048029,0.000646362475579981,0.000779752709088632,0.000292346237949833,0.000538430229872158,0.000309442566539298,0.000940694587868337,0.000308584428738632,0.000927919308609052,0.00132800584851755,0.000503619212679106,0.00077540460887549,0.000602332464191089,0.000364691759879194,0.00078124163993731,0.00075897026554076,0.00119040692001635,0.00108129278441388,0.00089790604249266,0.000253821414072769,0.000350276920059329,0.00176399178919773,0.00242359378943593,0.00274456481148286,0.00391613520687278,0.00223160990872605,0.000373783132907772,0.00154056515764906,0.000773254959511198,0.00150304353253991,0.00120174041103756,0.000818568075201173,0.000401287341466151,0.00120472666189194,0.000402977500316348,0.00112539249344167,0.00211130588239789,0.00179879547045418,0.00725493209088089,0.0151395459008884,0.0144628656030509,0.0565820062538992,0.00868659130554105,0.0239574656486172,0.00499594698712286,0.00724408232500762,0.00269499273156977,0.00411829984293025,0.00333435853497477,0.00176531338119851,0.0021355440902259,0.00124544259663365,0.00123143668589421,0.00187669294955627,0.00144574730162828,0.00158595239492284,0.00502925163391856,0.0119014577272633,0.0260875038268898,0.0255718015681466,0.0280151003926185,0.00375569448633055,0.0137239379373214,0.0121490516137446,0.00538403149626435,0.0132985718612251,0.00304216660480309,0.00671149383036819,0.011126298877273,0.00240027332617704,0.00158003480744687,0.00110115482149196,0.000920781182035146,0.00309948253996729,0.000798195109324536,0.000681152026822503,0.00118573775910817,0.00115930078601943,0.00101327458138739,0.00186220955596522,0.00207032161581518,0.00504103113226662,0.00719955969411289,0.00616668635298368,0.00768401361357294,0.0108982587927048,0.00657755052515363,0.00236991778559284,0.0106603463386158,0.00605378502738016,0.003474830080439,0.00292280570129421,0.00241737429481842,0.00210878122947448,0.00116786190579604,0.00228865566106683,0.00151346008941583,0.000961082850606169,0.000955034184931692,0.00174473104620757,0.000768868712878878,0.00203620696587927,0.000353293003553956,0.000471917067127174,0.00079579387623837,0.000413162379683405,0.00168277597062755,0.000603958483307759,0.000523632402961381,0.000394939656663418,0.00037225131119845,0.000482745206578007,0.000547185090773052,0.000735226252791607,0.000556971521447433,0.00057121376293728,0.000541870361768465,0.000111455805002326,0.000420570710527379,0.000314762026581207,0.000976414527116838,0.00176208192611305,0.00154012481085534,0.00144918667662613,0.000869265783924746,0.00237589552661795,0.0027846105661498,0.00355938285748214,0.00676439202706512,0.00401441311668442,0.00840960933793155,0.00566723282288574,0.00408947106829516,0.0131246940735811,0.00299251040297586,0.00559564289719919,0.0017157511429823,0.000877165210462586,0.00249191300144843,0.00431021686892997,0.00419308919872338,0.0053215900297826,0.00661456536363828,0.0121660861318155,0.0169272973423604,0.00653368109998086,0.0052965429988279,0.00479718155041896
0.000311532066289704,0.000680836071741014,0.000560729831210797,0.0011822448262163,0.00087705782018969,0.00170540350288705,0.000595199250540546,0.00120598916788134,0.000413249659049773,0.000427371518634142,0.000367841233984772,0.000508216706928754,0.000368533396413115,0.00179078835716144,0.00030633030954858,0.000475148389054619,0.00116418556166034,0.00181497813534122,0.00049894192791702,0.000392828316262387,0.000187507447124908,0.000592552176690475,0.000289034600152435,0.000653457025965767,0.000859815707952682,0.000881982351284439,0.000880279678208761,0.000286595597807623,0.000330323577273662,0.00141682028594257,0.00057285900185363,0.0008688727652013,0.000604450776614165,0.00106657881617342,0.00121521514146029,0.00113227431537169,0.000659274409789369,0.000685204876208522,0.00034839107673198,0.000623614456317671,0.00139366469128236,0.000709300159194167,0.00118664429553899,0.000961234003698716,0.000629772434714985,0.00129553698702685,0.000503113576393712,0.00175112731008727,0.00387564047370452,0.00471624892992086,0.0113857928338838,0.0127032882752775,0.00758461527874738,0.00579981057484549,0.00255352153279529,0.00188840196797592,0.00219446550103216,0.00132043077342763,0.00223961113828485,0.00131814703268565,0.000964371389261237,0.00122085312828073,0.00177405541765741,0.000698815031519415,0.000961185737175359,0.000677023467183325,0.00242787197596706,0.00498240467518234,0.00598968428572659,0.00199275884787923,0.00296065167743629,0.00116603149136488,0.00143613492979192,0.00194494566978949,0.00450900172128411,0.000576626615532642,0.00222467827585181,0.000877504237525309,0.000836079870607617,0.000802160965978333,0.00125858723648761,0.000890809722487777,0.00041116187345206,0.00110602231835839,0.000666345823908542,0.000493588813962128,0.00150057636458001,0.00078962646179906,0.000655747112387879,0.00144015598387511,0.000618087204879839,0.000308821508760026,0.000756003548801442,0.000532197428338772,0.0023428695576979,0.00110704847756755,0.00132079100469949,0.00111420357396343,0.000613417705349997,0.000367290365003224,0.00109752981843943,0.000880618701395657,0.00045367048021001,0.00102273193010612,0.000917915024339368,0.000926776162968267,0.000659945016590648,0.000678804359513781,0.00134063853732246,0.00133916922429935,0.00072482717595699,0.00124968040645657,0.000368576532459924,0.000718133311374494,0.00125446979924668,0.000674042751059742,0.00123496983367249,0.000736108990278879,0.000384446968667657,0.000399836491203974,0.00044459060340431,0.0010458264214822,0.000601162456213577,0.000815721030485943,0.000863387844392946,0.00103203160940961,0.00150097820572592,0.000352636769348115,0.000571394697152727,0.00024905182914411,0.000815534600858119,0.000996563861498004,0.000440466918367508,0.000559616441244707,0.000417062878323565,0.000759165780811704,0.00136300329885071,0.00187496792852977,0.00150349956947193,0.00224384798410036,0.0014434991052235,0.00282975031413444,0.00245987788254229,0.00357826218940249,0.00177810012051512,0.000914350082613439,0.00140708011858102,0.00102812276558755,0.00133543069848566,0.00043207235211055,0.0013395929289962,0.00111339924166607,0.00273160554905366,0.00480656699827034,0.00309680060287233,0.00344336647979918,0.00416126011223967,0.00282384364473719
0.000779831793303679,0.000989964668753626,0.000936603405402283,0.00111926477957042,0.00075988056107502,0.000809931052689816,0.000527705257024292,0.000630953774979052,0.000579624383364906,0.000435516326867149,0.000577992499508073,0.000570296022558154,0.000275933134081749,0.00107665596613453,0.000767170056482438,0.000768451285050737,0.000335899357089932,0.000259339361628914,0.000452865416175738,0.000269060107209158,0.000503381658429299,0.000776374724301288,0.000612926856739577,0.000824290657400661,0.000552162032264145,0.00100144200457845,0.000725306805206633,0.000495990669675633,0.000235917866718209,0.00101958428796542,0.000557087427286572,0.000402691675846276,0.000744344455257434,0.000666272149741612,0.00043796990489749,0.000866708094879427,0.000720196291245479,0.000509969563079068,0.000789482543584102,0.000743777424111013,0.000845155335141824,0.00194533955919848,0.00109933147032355,0.00142061817371481,0.00110813729065846,0.00150129186968315,0.000927165153749891,0.000570386949164401,0.00248165315425401,0.0028296073282902,0.00568551070736903,0.00513770988862408,0.0177685904249326,0.0119943704448927,0.00552769678533969,0.00593015487229224,0.00143851978334658,0.00400417419755939,0.00304528699856922,0.000633050570534918,0.00186601221790318,0.00104528708202187,0.000518602286377269,0.000994863012013364,0.000400006444635815,0.00110500722153292,0.000612240098662083,0.00514176806771224,0.00202732476940744,0.00143534315991428,0.00202089694372439,0.00220893070642124,0.000722283293642092,0.00121123163459835,0.000198759962947603,0.000500134962233244,0.00163413844652644,0.00125208434704127,0.000193521701391069,0.00100365123322235,0.000583834408854231,0.000934525813927637,0.000837061755836027,0.000252280264988316,0.000237592908531376,0.000559473020556104,0.000500220174097458,0.00056286993459356,0.000166297139625511,0.00102741060020733,0.000675021186191547,0.00132685122513967,0.00221238143669006,0.00355132785192629,0.00279902450632678,0.00470161633570357,0.00312800175801502,0.00248094197014885,0.00153682039141797,0.00234307605191991,0.00212886085122892,0.00349737308114244,0.00111735181251716,0.000908644302785083,0.000394142594012172,0.000955655861700406,0.000533888950878218,0.00068511351272908,0.000930790316489708,0.00094293096629254,0.000246447726863787,0.000694989124206583,0.000772030445757798,0.000672283851405873,0.000522233035704128,0.00115000882409712,0.000864082790724492,0.00135539593171138,0.000477753267364444,0.000776199005645071,0.000414088013632413,0.000534338004992701,0.000236730313136403,0.00171855180512658,0.000617159981246666,0.00055091441698658,0.000921065209012226,0.000434331009876475,0.000663883736824976,0.000299366552200541,0.000388388799982569,0.000878588737896365,0.000370878871019522,0.000204484302678728,0.00052161992500363,0.000483202789835487,0.000236795616835493,0.000668293574707474,0.000626751998652343,0.00142353104146771,0.00110825139749592,0.00135949419538819,0.000516237953543892,0.000471559236908857,0.000426993404522899,0.000749321451424865,0.000866643364143855,0.000815885087330424,0.00135045076610583,0.000534905521881345,0.000594245141340258,0.000889441798250427,0.0011061087773397,0.000421642482211822,0.00103219293826872,0.000636613934614956,0.000715949737258569,0.000438092365039313
0.00095036529346202,0.00092419438861919,0.00118803496998382,0.000258982592964394,0.000266294083100392,0.000255567610673209,0.000295656959960733,0.000256500914183063,0.000413187975625209,0.000540982073730303,0.000353889494678219,0.000401022356245196,0.000413639409253813,0.00042856152775273,0.000277152707816648,0.00027761363984123,0.000277476456337303,0.000526380867257271,0.000307342533944091,0.000131409289997091,0.000474498603846795,0.000399386250459585,0.00010858257505682,0.000414080302537317,0.000495974763425567,0.000500490463809997,0.000479661634650452,0.000364511684592835,0.000408824085638973,0.00158307106196007,0.00196390910139149,0.00630468411108283,0.00335159170971887,0.00552092976331718,0.00793943307975375,0.00169807361299091,0.00145971465903389,0.00259230379826581,0.00100626317367716,0.00234047706938673,0.00108080072538852,0.0016440675621582,0.00151527926167829,0.00276418311797907,0.000879408107621049,0.000739799153342665,0.000441428151616015,0.0022980164585445,0.00581390921676409,0.00471269228245177,0.00752710252180728,0.0306102066246028,0.033657517487955,0.00761746796891205,0.00554658717617754,0.00429195977429427,0.00429723417825875,0.00564271820321116,0.0025843541709545,0.00177318056627964,0.00323951177807215,0.00226739374833774,0.000588544170889134,0.00202533640870485,0.00104504370075722,0.000999124291839892,0.00405417795577831,0.0131125035810491,0.00759803279073563,0.0135234056919209,0.00943631835095336,0.00991380049487479,0.0033174709552954,0.00414094355411597,0.00483614344198564,0.00522974929540067,0.00680984864512185,0.00422909535161737,0.00294859692551565,0.00203429253847432,0.00237381808140552,0.00302308071329514,0.00239112876079684,0.00102259220885152,0.00114475553814294,0.000475037476193104,0.000457398020686431,0.00155648498271262,0.00162970166011785,0.00325786126988652,0.00226047344246348,0.00544362481860326,0.0084022267217418,0.0094103194872903,0.0115932340458595,0.0176540906663764,0.0130901748781481,0.0163044576368272,0.0185025874077581,0.0153448385061914,0.011469267774006,0.00731193248365888,0.00521974805001711,0.00733796456889408,0.00497764541049348,0.00194956911646785,0.00355681155873064,0.000656629224981199,0.00114149949007165,0.00068421930876066,0.000257657964093787,0.00109719540397529,0.000805608280064002,0.000225331315784376,4.22500413451109e-05,0.000569080712081954,0.000582002519257834,0.000201816856808573,0.000339459589310127,0.000431592115143819,0.000454126280705229,0.000496809756166883,0.000100672238460244,0.000182228771701954,0.000364498557900468,0.000241519683189579,0.000267195991151473,0.000339064741735631,0.000650599447612823,9.50722425752332e-05,0.000946304091049751,0.000245161902496242,0.000681569292312399,0.000427809092019427,0.000512268164447173,0.000754041149698304,0.00126075096742546,0.000616688986762407,0.00175373151329946,0.00207403329004726,0.00310537239166786,0.00707172209637556,0.00166835169191267,0.00216846676411407,0.00190855963695894,0.000986131854622871,0.000865659568765995,0.00105929371805312,0.00204281064029692,0.00208396895843725,0.00111467887082301,0.00124222749618703,0.000815414283252213,0.0030065693788558,0.00320541344339906,0.000565772841338483,0.00027207137963373,0.00138435355695625
0.0015908660241801,0.000561060447948452,0.00110332788801648,0.000596178139176001,0.000241867313357274,0.000844508837985511,0.000223404129845131,0.000511625125085693,0.000614402070202287,0.000706203064939437,0.000793015667655417,0.000861602200702068,0.000808192274809025,0.0016920959819001,0.00118619260671047,0.00131956974072847,0.00379795452837649,0.0015788271004622,0.00247940093733862,0.001626196588127,0.00144875504078782,0.00158097877812026,0.00148526375316492,0.00150821094508216,0.00215793734130274,0.00257483094973478,0.00457582885178301,0.00547611111575821,0.00760909896083388,0.0217552572178271,0.00654416446872572,0.0239527166643672,0.0138633717114634,0.0338241408463873,0.0285419480170833,0.0218946768815309,0.0184796483591891,0.0194803536463932,0.0127618834580234,0.00520662567466176,0.00253059271374008,0.00277396618061286,0.00334250265451401,0.00262999370936739,0.000757046669443967,0.000408229827211997,0.000829652387577415,0.000985915718516858,0.000497040604088534,0.000591909364083067,0.00146058721661713,0.0032023887711401,0.00416472109277327,0.00116195920035176,0.00225676510234497,0.000460151838402113,0.0015175782938523,0.000637279569622936,0.00189933937050628,0.000594977324240091,0.000841924627719768,0.000707602435592223,0.000588594942047364,0.000976595931358273,0.00194109145611752,0.00399682971107446,0.0187791023807292,0.0106533990309701,0.0388527155897467,0.0219148029654912,0.077389750339977,0.0452798434982267,0.012267538255197,0.0264080551291636,0.0143687787775661,0.0191166950631031,0.0348608399522257,0.0253546953813332,0.0179308742695331,0.0193681834991692,0.0131373884591565,0.0175870174043813,0.0109696205440753,0.00869221818178817,0.00227878747741277,0.00223987109964151,0.00349972255875301,0.00290534550863051,0.0048722037377438,0.00563880747331072,0.0120097308140374,0.00954335146096628,0.0147223766256844,0.0284286069749402,0.0189339809055863,0.0357315639421779,0.036709766548889,0.0293442638287861,0.0146440436433141,0.019879053131337,0.0209368335878578,0.0122783547478705,0.0049608243351778,0.0136098437293178,0.00675919204609614,0.00970305978452465,0.00544305072068378,0.00169638884128396,0.00143930620061615,0.000665015514669339,0.000639317620153458,0.00129309882430202,0.00139751480786627,0.000433365347800489,0.000709757077037863,0.000417137044944164,0.000734132407756542,0.000441029275323466,0.000634431282368099,0.000271819001392979,0.000351499395245792,0.000938051254573671,0.000237957770830684,0.000135478532505946,0.0004262864027551,0.000342003124307676,0.000469666150591249,0.000524986385327473,0.000395177283035128,0.000694540281642218,0.000814074735653528,0.000905241915795735,0.00167189837302249,0.000457004195551646,0.00148128402485324,0.00120804322746543,0.000348448033666858,0.00131506471517474,0.00171028447006098,0.00161012811312262,0.00220080398574404,0.00259832235740883,0.00577410054833362,0.00174397390804565,0.00169147905290234,0.00115903993121257,0.00183244392570992,0.0013623027428318,0.000976174837361587,0.00163445166880047,0.00403800397784567,0.00402723484439991,0.00472919173066207,0.00873733612267213,0.00254475250103935,0.000946802677299192,0.00273863510927197,0.00256297069999919
0.00122641818347221,0.000857880411527604,0.000658861183045353,0.000762319436443613,0.00115203841970497,0.00151987720389324,0.00168915135274077,0.000745983315176925,0.00099952019294956,0.000757991779884571,0.000561475588924631,0.000895609577561268,0.00125397845029084,0.000871730907773396,0.00218445924371704,0.00186921776156989,0.00378376379229961,0.0116628699764544,0.00436729261566622,0.00639701547480375,0.0116244284231549,0.0057606227460638,0.00787463192820741,0.00435882064448288,0.00894216675795646,0.0195430612164232,0.00444696096267006,0.00726828905152324,0.00643487153224913,0.0143306360323427,0.0165086180550576,0.0460133452309291,0.0227206199771902,0.0183973065568931,0.0153201155251504,0.00940024861579459,0.00671648764224179,0.0105214213427673,0.00934115803124586,0.0088835573308077,0.00425834367210931,0.0015311066316588,0.00143187683991152,0.00135347105016421,0.00283114653509203,0.00119731323021585,0.00164957709470354,0.00238959217043326,0.00364366155241489,0.00289783196809219,0.00181528917863347,0.0014417519075064,0.00243719320108345,0.00207110223942526,0.0018629268392155,0.00144239003560345,0.00238649607046517,0.000876330060811006,0.00270543849341912,0.00112956001939333,0.000951776938973353,0.00203391407382416,0.000960083745526905,0.0022398541801757,0.00159582223926722,0.0049041796909665,0.0140939302711706,0.0150525242122524,0.0228105934119823,0.01849063368968,0.0102801071665013,0.0125386069491146,0.00502142084970118,0.00617840072430578,0.00676386474752215,0.00709035851980176,0.0175052838772453,0.012682675333617,0.00354453692420231,0.0114611937881386,0.00150955569413716,0.00317421030651557,0.00540960412835384,0.00262899648958179,0.00134967333652957,0.00110775733731068,0.00124830607203345,0.000149050941100828,0.00816725980921678,0.00475595955489882,0.0140034750641312,0.0109299840694805,0.0080707339060289,0.0119528850288895,0.00310988339044615,0.00342624653402363,0.000995827350085189,0.00220288197816666,0.00270739700901851,0.00543834980630422,0.00640094363623626,0.00163013779826266,0.00198933586555248,0.00180040322575849,0.00135747081419641,0.00146784889679982,0.00128655397963277,0.000985557448253113,0.0022143889876103,0.000700614380475453,0.001811903433293,0.000667226279309263,0.000779523422559204,0.00151466648470838,0.00123140850325435,0.0012923920701324,0.000971059943330251,0.000282898388101261,0.000843015401930794,0.000157520607839855,0.00122022188484158,0.00140933277757225,0.00100648231265132,0.000643246583911192,0.000501275383831422,0.000602826809225364,0.000648451157568977,0.000967877863816153,0.000972177206404146,0.000762550636603804,0.000726815822927042,0.00128139956965883,0.000651985830741946,0.00127610287767261,0.000837922282201578,0.00150273662010598,0.000557590570182743,0.00130006273687302,0.000154389132564749,0.000656078777746839,0.0011347006046957,0.00157056609331742,0.00115099369048155,0.00185407639004164,0.00116751736839625,0.00162550726032804,0.0011070803906634,0.00125899253199378,0.000722555949368653,0.00120747789930058,0.0013747952457028,0.00190568329623481,0.00341375978560187,0.00213499628307763,0.00293446847239376,0.00165018344060432,0.00067987149367462,0.00341319821593718
0.00217706869253891,0.000973197663626543,0.00142591211576913,0.00144090443303205,0.000745786647611072,0.0013496335809248,0.000780493286367566,0.00138771011400574,0.00113792994355318,0.00125378219511211,0.000240905978130746,0.00112997665377186,0.000429652788619085,0.00287849097252558,0.00381172560666757,0.00310857606463954,0.00251249624088094,0.00451725791930794,0.00175817683014569,0.00474501209593803,0.00235773678190001,0.00585149594970567,0.00379535796983335,0.00688663357767362,0.00230190965308851,0.00384560657147837,0.00441125219753557,0.0018830701177595,0.0137749215114673,0.0111898499359745,0.0106974957060789,0.0142277370956759,0.00663530994825275,0.0100262993399301,0.00745517150024244,0.0185155959847649,0.0129044633832608,0.00516083106664873,0.00674425663089089,0.00359891222273262,0.0017149501740082,0.00286083652360465,0.00267493995320022,0.00299313657069397,0.00313765438355211,0.00192216026099528,0.000694366746966057,0.00165415699727049,0.00160399827203531,0.00117519448945697,0.000691985326114315,0.00336799298314544,0.00121842486306437,0.0021178083007317,0.00302629266987103,0.000517163540309483,0.00132769993224803,0.00278207412968812,0.00313663580772982,0.00058534767852492,0.000505638582428715,0.0020061862909303,0.000341142615845563,0.00136366355949998,0.00201343330603897,0.00400284956538175,0.00787150559332235,0.0162367527318346,0.0102937550571868,0.0140366436360328,0.0112279363895164,0.0123069619797193,0.00565047640165914,0.0137994400581335,0.0151609111283588,0.00282167501685744,0.00872770837789713,0.00268412215067976,0.00776884300880122,0.00186492247203575,0.00222671178527607,0.00163970034328211,0.00322683972938412,0.00158592185190777,0.00158587516625057,0.00203322444771467,0.00144599898340398,0.00149376496224037,0.00827948511472199,0.00731872785178073,0.00548365526653971,0.00608836662581691,0.010393157107393,0.0152426433553538,0.00391517723135868,0.00400269453828231,0.00360644550857914,0.00368209764785452,0.012479031032148,0.00313779268803567,0.00341005822436909,0.00274347659037737,0.0027247058077358,0.00184911119900514,0.00186871221820559,0.00121366774061633,0.000660125544044214,0.00175172169062294,0.00173645041832876,0.00203073289924773,0.000677158623075562,0.00227386087749744,0.00126715432431013,0.000972048569752448,0.000812935574626011,0.00191851605791824,0.00137992263459923,0.000677089194990557,0.000343341640967432,0.00124753190535241,0.000797212476290444,0.00105187694682306,0.000546926081934487,0.000894504931441454,0.000662911387160474,0.00143680803927494,0.00110951240857148,0.00195102457052144,0.000486865948700287,0.00111547437004363,0.00136711078180557,0.00165994215603027,0.000702471803047234,0.000401709634515011,0.00130525988219051,0.00130660787875407,0.000245680630266083,0.000687752532906955,0.000635171808063525,0.000631691458864382,0.00219759683178296,0.00134137735939713,0.002645872799591,0.000840222615620294,0.00163806599587219,0.000907501766449869,0.0010899010924588,0.00107538142031995,0.000141424877049986,0.0017719473119999,0.00207929953160972,0.000472706696823225,0.00207516092584609,0.00174952915521308,0.000501197802994129,0.000751732185596027,0.00129398739018558,0.00162433030074075
0.00071114335083061,0.00149633503752432,0.000634937900984656,0.00128393622957019,0.000659330741382264,0.00104982286540836,0.00107020113651757,0.000866608423646862,0.000839752806409346,0.00067924835230091,0.000753762610160846,0.000399665837014013,0.000856748904230835,0.00281613822382715,0.00725433887234903,0.00629450826343757,0.00377370013082323,0.010867370809451,0.00696330065500656,0.00952876668813428,0.00468742867932449,0.00666603733080531,0.00561916203946233,0.0034097871954849,0.00649188360067648,0.009497239690775,0.0163559021422583,0.0171922619239126,0.024493649049799,0.0364773109556567,0.0265358456714817,0.0270325291070902,0.0191637213201271,0.0112470703992624,0.00974841375696183,0.0146023624606563,0.0127071788920106,0.00841407171471914,0.00276588284536279,0.00240058035124725,0.0032230278926482,0.000804462697088244,0.000951568732757542,0.0015180591235065,0.000875166795922919,0.000900397813467327,0.00129968462910113,0.000735489199192453,0.000732036042946682,0.000341050692870332,0.000644271233731392,0.00107730799953539,0.000259727724308355,0.000507125773539897,0.000358758132358848,0.00139731252945472,0.0019220534880201,0.00175300162571128,0.00151532070169692,0.000998321696915508,0.00140633392096195,0.000299434184322861,0.000678909483831747,0.00119343347261161,0.000726058399628246,0.00157865647896939,0.00236406213859073,0.00327724571424847,0.00483796166175923,0.00875220999505109,0.00590428795358882,0.00460586305725141,0.0090005931818578,0.0129781506960182,0.0114137939669968,0.00266168446818275,0.00645934366745643,0.00513605166903171,0.00191272118594918,0.00250321085635082,0.00103667740186371,0.000742120079574567,0.00336298592429516,0.000829019336591544,0.000427136282302074,0.00132525379106351,0.000653083201770629,0.00120050546755511,0.00539010859683735,0.00700590968349171,0.00304220606978557,0.00179949497852553,0.00374765342270375,0.00294461571212131,0.00316266077118241,0.00189128520831346,0.00315635647857828,0.00179083834729701,0.00495284940636958,0.00263994332852089,0.0014191095449095,0.00140080998377502,0.0014578600870438,0.000427336856403528,0.000734338845108534,0.000782904295441361,0.000858606460264639,0.00165519287307398,0.00140139882872079,0.00122644604955647,0.00112383601503827,0.00168160605804124,0.000537448781957958,0.000698261296995951,0.00128474960716576,0.000773974167582881,0.000432138244996436,0.00131317473400329,0.000431663531402985,0.000400762372975747,0.000522037174089262,0.000560155530966755,0.000620784728487985,0.000629894856132941,0.00144776949640829,0.00164772440543838,0.000236394982451661,0.000555011666008205,0.000443929135019448,0.00142418559262359,0.00161279054480521,0.00150500220733804,0.000463221380626896,0.000585109259227489,0.000694903903465549,0.00066462204372585,0.000983738537013956,0.00105448901246409,0.00140536328324616,0.00153103835572931,0.000554610678313763,0.00047996108989088,0.000181425738784968,0.000891931967092329,0.000643657301859536,0.00102945347696014,0.00048026267684037,0.000682729828697133,0.000222025050515684,0.000471260343130276,0.000557224512549967,0.000718795651963943,0.000722298171285418,0.00151635694053099,0.000764056172381189,0.000993062761097384,0.000978120542992893,0.000936038113899997
0.000645562466085889,0.00107394318313444,0.000119503931060983,0.000431214663517534,0.000469809131201309,0.0016631364685766,0.000189007927021179,0.000149816684130412,0.000360752858687026,0.000303027423855692,0.000172098927938152,0.000233192548685737,0.00103444249863823,0.00108352747527782,0.00262194720925787,0.0025557528591637,0.00558460201351542,0.00358438154804956,0.00543273431932423,0.00502451654819617,0.00488903852274038,0.00181904994908935,0.00127820150873963,0.00345840836184368,0.00227033126317385,0.00418226274595248,0.00665885209781151,0.00652293194953309,0.0108105861768925,0.00194118984049742,0.00494812425133104,0.00171649338989742,0.0027635455762052,0.00364175771147196,0.00234926825794533,0.00122120279887214,0.0044004467274428,0.000326519535762577,0.000827442283962264,0.0005468717923363,0.000594395469394839,0.00095383143351172,0.000647689884576158,0.000957222965777271,0.000305007140971511,0.000519142555816777,0.000260444364548111,0.000606233061761033,0.000376920800135469,0.000324936729256262,0.000147957130910057,0.000606248352226257,0.000417724524163986,0.000397740390138648,0.000631888038675028,0.00047347704200469,0.00103115691101375,0.000716616380775925,0.000835644963511749,0.000669124693212262,0.000449927035689522,0.000832566673740211,0.00136667889929323,0.00176208823657143,0.00402761690617029,0.00529478268426269,0.0108419697056702,0.00934504466551553,0.0208425366573942,0.0102514503821833,0.0149621940519825,0.0100838290547692,0.00878630260681847,0.00583863710343842,0.00198176601433186,0.00492408209328924,0.00260970557515374,0.00113914857096596,0.000927403581190126,0.000966757945255198,0.000959826039772312,0.000358545570636365,0.000936678055263489,0.000617004229367482,0.000715036378361442,0.000527427346123376,0.00119982047260013,0.00147027750069599,0.00287250403167057,0.00811788735295195,0.0037490597209516,0.00240135062545675,0.00371630866147004,0.00664259166917354,0.00442851817875401,0.00459040698473507,0.00278144156989217,0.00200118909536329,0.000516275896185016,0.00122006237474229,0.00176509084663456,0.00014335804655646,0.000465213299162591,0.000142132563651963,0.000644224609114114,0.00121104200281529,0.000164846716454209,0.000179080111027774,0.000794529016881965,0.000653126668820094,0.000312471973455641,0.000707203724004209,0.000369192488760296,0.000238935815937385,0.000405984479364585,0.000381461202555367,0.000307859178356519,0.000864882068515793,0.00132382414390537,0.000379818452802782,0.00109326955724903,0.000391212382867514,0.000831012802958522,0.000435219962521437,0.000406255200410426,0.000716266642202447,0.000120514105830581,0.000693946445606709,0.00116485611985551,0.000784224547020581,0.00277923665459439,0.00120600197462104,0.000507364418601241,0.000461093658489557,0.000518260697444815,0.00102177071031041,0.000965887561203858,0.00113835182140684,0.000516920490089382,0.00141514363051944,0.000868920350751597,0.000767102430766026,0.00127608646569368,0.00031365624131458,0.000169199840203185,0.000322028492473419,0.000182026832692194,0.000737967874090231,0.000582775801767273,0.000379496646394078,0.00146182285775932,0.00196135982321437,0.00572797041330636,0.00248308786541389,0.00143070184992022,0.0015845819934108,0.00107020091508456,0.0014193200028754
0.000325005339525837,0.000603975419807749,0.000416558825164236,0.000422209652573142,5.75462414154122e-05,0.000378799798819691,0.000225829554458848,0.000127309131370628,0.000308047005819751,0.000406066702691721,0.000179717306229214,0.000304376060023536,0.000373476412871626,0.000678735576173175,0.00121124082203973,0.00114215515716784,0.00343153588758783,0.00159590885560255,0.00058417090206588,0.00155498699306347,0.000593742570517639,0.000412881514896727,0.00105513908338726,0.000798225430576278,0.00050065198039532,0.00124989571526529,0.00218132573123433,0.00199917948668484,0.00492327982065053,0.00151352272928798,0.00356874073146988,0.00292711118085239,0.000387189175416485,0.00111664890053947,0.00280806979366105,0.00152565334645932,0.00137898812567666,0.00194377412235698,0.000598276458749233,0.000560357085396831,0.000501665676058535,0.000372426212927642,0.000451621820061891,0.00039249300573921,0.000355768369956458,0.000366176101338433,6.54088548210762e-05,0.000174898586793921,0.000571731300477774,0.000617119126138999,0.000344811509594891,0.000610855981168638,0.000186548804684244,0.000228292770760407,0.000445152544098231,0.000545450525361597,0.00081531173953757,0.00112340046134737,0.000704008488645798,0.000726847533467738,0.000806235127210672,0.000594654593287831,0.000458829028681146,0.00842539619016594,0.00862622122285725,0.0134976948942004,0.0130929515942597,0.0144230846990579,0.0172488187619641,0.012619457940566,0.00619077949659514,0.00364519775197273,0.00139360319188882,0.00882950569212337,0.00656564220023729,0.00547190452311479,0.0100530365182657,0.0011539158073194,0.00276550612731443,0.00257921667709053,0.00110496751743859,0.00110321847269421,0.00229922150593069,0.000945323020029871,0.000556523624937145,0.000331094376170497,0.000765337603573752,0.000858326333109871,0.00113667640978492,0.0059448253302589,0.005266721514601,0.00139054251546408,0.00417465113405752,0.00518134548612955,0.00588125865948485,0.00285966478221027,0.00320637221426156,0.00588653964194514,0.00313034646008703,0.00230753021117329,0.00541073247323075,0.00232788770901671,0.00134691154180261,0.00101200822758155,0.000335243104699365,0.000243698791085099,0.000689319551220295,0.000454404316736472,0.000158322697690522,0.000341721579541728,0.00029426108465667,0.000503889097226407,0.000254519874841171,0.000430657908543219,0.000275436367582883,0.000279034395694818,0.000165383362099512,0.000293403522740351,0.000428611315714936,0.00014746271953344,0.000364727919525193,0.000293841778149169,0.000209641108953374,0.000338846456591492,0.000315989703311351,0.000544392106574478,0.000299993581189058,0.000761396399184179,0.00111925614739474,0.00254149486227744,0.0036564856611502,0.00107128715573516,0.000968455971521387,0.00067628581719385,0.000694733550217926,0.000346234198074087,0.000604811227713245,0.000323427430767401,0.000640485418170642,0.000893317063829527,0.000495498115373298,0.000694755047822725,0.000772604037425998,0.000417186724978791,0.000610260410380719,0.000728294296119906,0.00128819070739138,0.000259195323216613,0.000448886618103493,0.00104467108388647,0.0023295456023591,0.00379547883313593,0.00716905070807522,0.00589825901120893,0.00558394344279156,0.00176588178383583,0.00213581012545368,0.00234388402016989
0.000965935303457416,0.000142933737266188,0.000188643603872924,0.000350635583688936,0.00043758660496951,0.000504925556664978,0.000517879426070114,0.000155873977201328,0.000331575846640491,0.000169287774391454,0.00055292575571501,0.000564362246360451,0.000472217251175259,0.00359518899600336,0.00456261121944255,0.00855542516392519,0.00595209673156089,0.00929575484843615,0.0122808155314433,0.0196434526986609,0.00625660858319553,0.008512624077021,0.00975978279701602,0.0084609365770436,0.00393292009566668,0.00776282011901556,0.00974423642899155,0.0137631860193256,0.00650090223361834,0.0205694949893662,0.0140883655066159,0.00633018031785234,0.00488694134640697,0.00947245906366141,0.00427918394126123,0.0017395510523809,0.00708040058416257,0.00120298026356822,0.000419017005152045,0.00110967383321259,0.000856957091066158,0.000605332000807425,0.000849202467475912,0.000854490076711589,0.000345482970380303,0.000270854628631085,0.00047790075678621,0.000156264533168374,0.000270492634948917,0.00118298845868909,0.00166002650518757,0.00184534784680902,0.001021099264703,0.000904498856694272,0.00079943478178681,0.000763655457335155,0.000746385961087623,0.001100374995616,0.00146302481162248,0.00214571252997071,0.00253511969907107,0.00290734685901088,0.00315770790724857,0.0148788453685239,0.00317709953814283,0.00579185457882259,0.00435458664557311,0.0129795529897347,0.00941287773478209,0.0146397589829238,0.00568630608084954,0.00564401441451573,0.0147222936715792,0.0188699324524859,0.0119913168791826,0.0044623544688038,0.00808908126267887,0.00863923227076568,0.00322897696115117,0.00448486537067221,0.00550691667531905,0.00308839356648002,0.00176976274811163,0.00107719370052746,0.00134993317344546,0.000991620315232749,0.000660049755935641,0.000126426773619258,0.00042285803600222,0.000373531535656649,0.000597883776586907,0.00133080318966769,0.00142581607480835,0.001593491611754,0.00141273517882684,0.00570787384650049,0.00232668543769188,0.00664671461580722,0.00434009963955929,0.00203227375477564,0.00357058934782221,0.00147707423065998,0.00386758704874465,0.00144258901107712,0.00120470219833063,0.000688314673253343,0.000369060614856864,0.000520600208210646,0.000371686600789919,0.000424277257902267,0.000682358458303568,0.000594947328201447,0.000315584747456274,0.000485420698571168,0.000108074873411819,0.000287335094329145,0.000256776909815854,0.000433868279767993,0.000337095374358885,0.000529111894957435,0.000280104362703004,8.07294386658664e-05,0.000277939371924553,0.000152412847744517,0.000158047766450394,0.000172636628162895,0.000451597055855706,0.00324774003684051,0.00461825112309989,0.00602698976229925,0.00650987314230106,0.0017366640073014,0.00228842933607706,0.000940876417930492,0.000866090065079988,0.00312748908699089,0.00286511908427691,0.00219156838295038,0.00236052646622281,0.00217093319294401,0.00342461600414828,0.00306943773562116,0.00239863810121184,0.000940626767257696,0.000870063157891911,0.0014789534568501,0.00202413961805576,0.00088179414278364,0.00285985666646009,0.00351817887269396,0.00387983667367068,0.00154091282215305,0.00613218043701611,0.00247871792953914,0.0037142220613735,0.00163123319761896,0.00211089559764533,0.000890262971247278
0.00101822321660741,0.000275813327909903,0.000361194651486978,0.000571793326304543,0.000541698713447669,0.000348034415239533,0.000246358509763631,0.00022764801984769,0.00044365265418215,0.000191448840932804,0.000102477379235985,0.000395684770593389,0.000292624838990245,0.00237885165722255,0.00584244864729471,0.0104762959686384,0.00448348423615345,0.00943135022816655,0.00232103981909598,0.00432825302612878,0.000998713543877078,0.00275528393929795,0.00243084144811888,0.0032234260742324,0.00203183031024504,0.00711930364137678,0.0132874615860032,0.0105248027794485,0.00550234923621472,0.00512704214048478,0.00912889813428479,0.00310997344870189,0.00431952946873428,0.00296936045481444,0.00275763831866764,0.00199579643742963,0.00117646443670005,0.000218263900002851,0.000661734800026389,0.00085301508455598,6.52033264456172e-05,0.000523791266000064,0.000159586478712273,0.000320598105004224,0.000459152138968748,0.000234280512067145,0.000293708211512382,0.000151348348559667,0.000312380370639294,0.000548918712468508,0.00124153990828436,0.00109026263417439,0.000860643875692703,0.000258902084319441,0.000388588471678235,0.00055078150148685,0.000786444357312886,0.00327774430278808,0.0050500586813312,0.00499685111712578,0.00213087244448442,0.00302031603879024,0.00244014411497354,0.00743926610416668,0.00827675458260005,0.00267841525568215,0.00451589375189848,0.00257707124593669,0.00772812928989523,0.00317103342215034,0.00353123407536634,0.0041575370104543,0.00726984125942008,0.00241753379350726,0.00340864657464357,0.00240032787500556,0.00391546302364077,0.00207472466520987,0.00159663670089093,0.00103056383140967,0.000912061637593555,0.000227710499501122,0.000470761875317618,0.000661325806019273,9.68225486465884e-05,0.00032881399794301,0.000174986534629518,0.000296678384866684,0.000423726964553999,0.000230826139452451,0.000321972552712168,0.000333476719678579,0.000367375964049772,0.000630625724714458,0.000502118241933236,0.00086148326181226,0.00106958788458595,0.00110621787697289,0.00158286718762926,0.00145140540688005,0.000843958222513719,0.000489827607783084,0.000783190039102777,0.000528938835829941,0.000286386202706942,9.69512988403397e-05,0.000468648676094999,0.000138706720909525,0.000153782891635174,0.000319830811738232,8.44525558382242e-05,0.000199009022629603,0.000499211398997753,0.00038807462430815,0.000299372998588061,0.000315400081317529,6.32420049629077e-05,0.000247890507613682,0.000302790303577547,0.000205498649524021,8.74180075336265e-05,0.000148094252852546,0.000142341105414728,0.000252142259424242,0.000351565965376107,0.000642436767153541,0.00213477630843215,0.00564426770760784,0.00315541061129987,0.00391515272403885,0.00568693121345456,0.0104286168806712,0.0052810346711272,0.00740690778373863,0.000481832851244683,0.000690633808880532,0.000712213005183877,0.000718973158013318,0.00125614467909998,0.000507852051497588,0.00138042134248882,0.000645098868970165,0.00112740589057646,0.000824150416131404,0.000468181023821204,0.000489298014216364,0.000176752752401116,0.000627522948024649,0.000914308154874527,0.0015631403595998,0.00108132381921592,0.001637515669469,0.00179601220302327,0.00281590873921778,0.00136110574887002,0.0013599486888788,0.000714698632316556,0.000372020565670949
9.20160970525199e-05,0.000411452262414849,0.000147331715729654,0.000645223325784436,0.000451652134263867,0.000200658420314952,0.000143298730511065,0.000239403603100627,0.000275839452673323,0.000110428138502575,0.000360101699365625,0.000273192951246361,0.000388298587712231,0.000283024007262722,0.000985880318676639,0.00154507875071579,0.00107445224289536,0.00080026383857422,0.000875097716506366,0.000622144319511611,0.00344081982866958,0.00106186393501353,0.0029502257017611,0.000695776658635965,0.00191947062987874,0.00198056911523316,0.00457863702856028,0.00369716984231896,0.00273705459587027,0.00279544361666919,0.00372572545607372,0.00696165735356549,0.00184727430002367,0.000731454916185635,0.00136814893050056,0.00143327030565222,0.000140282229006953,0.000654514798520157,0.000409302649523352,0.000326916437983998,0.000270332259602978,0.00030494476728964,0.000209804575380362,0.000496825989632946,8.72299189359281e-05,0.000283255185779524,0.000245551237150083,0.000157270076599957,0.000122251936925596,7.90440895728071e-05,0.000578758978413025,0.000483188207752169,0.000101848112058047,0.00061027812796425,0.000233766463187655,0.000184121375161772,0.00026862554996262,0.00153412053227178,0.0009769420930266,0.00186443297946575,0.00121362635559447,0.000677218966128065,0.000796958807289539,0.00229941900161228,0.00252628462418208,0.00083418506927009,0.000947822925174409,0.000754985491436935,0.00250407181470751,0.000536699714297792,0.00110091831423357,0.000378040636812031,0.00165889883211425,0.000246758448991149,0.000825095276794921,0.000392976592982937,0.000753907066798414,0.000155239527885337,0.000301748506197788,0.000461977828380454,0.000279364762716817,0.000236883535513083,0.000190316785196669,0.000328974610534676,0.000277663394852821,0.000545453333490498,0.000154049808740067,8.1544459064193e-05,0.000256847887751909,0.000300856902715812,0.000276983152732145,0.000104542802988434,0.000267796411223462,0.000189826100283631,0.000374503018164703,0.000208808654187264,0.000315063051261226,0.000327713193150634,0.000236342644652933,0.000265252858145752,0.000548890328847777,0.000371963289145543,0.000362223851797225,0.000278205562930181,0.00055220889946036,0.000226564633974208,3.57708043277602e-05,0.000198065943299055,0.00026901098643289,4.31736188074493e-05,0.000320120796019299,0.000135204978180011,0.000166588788940281,0.000145641373608633,0.000355890166111985,0.000160428345415832,0.000351441614727949,0.000227545964799071,0.000253363414096674,0.000541320053466416,0.000310476708311114,0.000393135585991537,6.76135202562812e-05,0.000778904054548535,0.000991219095113327,0.000344081129884286,0.000367124645407669,0.00625702064668015,0.0154537523739091,0.00850905682113744,0.0106146854821251,0.0222017133595265,0.0159326946674643,0.0133159508823751,0.00576289722581825,0.00353588610048571,0.00324091539622599,0.00273148251325388,0.003717251853076,0.00218061504679071,0.000616356092777229,0.00236198410925527,0.000628903391871729,0.000373883868626448,0.000126142088880336,0.000411411813975646,0.000353170074849172,0.000132996751584293,0.000382337690192792,0.000184130635335249,0.000380242533935697,0.000193586181429078,0.00063609477063011,0.000478953368870408,0.000123206709361899,0.000207583739500254,0.000327733082853659,0.000291391928234857
0.000326951983635242,0.000307691475274005,0.000283084569653913,0.000111245210233179,0.000211324247783682,0.000285091337546585,9.6701647748786e-05,0.000195791161116486,8.56392272181422e-05,8.71301535779941e-05,0.000134218996493278,0.000178476526609929,0.000148269253547313,0.00020954104456913,0.000313825962600727,0.000306786356378946,0.000195793112293409,0.000178357819952097,0.000138391720357831,0.000213693634233864,0.000458522244144277,0.000198290089179047,0.000150191363552824,0.000256341490735621,0.000162892746145865,0.000197522023861094,0.000343029563855624,0.000506121328591581,0.00085725365820809,0.000750237706224077,0.000948806503352293,0.00142359884381242,0.000199924873185966,4.74740194591293e-05,0.000173333621895884,0.00060058983980497,7.1098395495192e-05,0.000160623652599998,0.000113810199093139,7.97689959144209e-05,0.000111839119848666,0.000117161242656588,0.00020383942899014,0.000368251980771341,0.000373409950283486,5.43167989221549e-05,2.54508277613508e-05,0.000152861659895732,0.000132925889818187,0.000126339835592073,0.000244076161514349,0.000190388797736953,0.000170732692042975,0.000217909451761697,0.000148842392942198,9.42176358663937e-05,0.000412039416109748,0.000175671976764719,0.000922635107107585,0.000512075100836196,0.000170285472031805,0.000558725336989812,0.000385443603935403,0.00197914926086472,0.00745964956686985,0.00280568605643579,0.00175976668681307,0.00108763678114182,0.00265432898568842,0.00101729449218596,0.000892620545753779,0.00108303227191929,0.000850073512029516,0.000475243297374332,0.000475246987901829,0.000446103894349556,0.000387350835210529,0.000126547607870294,0.000143659527905991,0.000199476695065612,6.75170271219801e-05,0.000190273867553346,5.74539069773506e-05,0.000143041633147077,0.000340063993531086,0.000268020004236969,5.6527103663355e-05,0.000165800176019678,0.000270145622764127,0.000519035883373845,0.000382292799630824,0.000225319837340243,0.000185905083093119,0.00048105043230954,0.00010076825292234,0.000111346223688338,0.000193977273191425,0.000418400065762356,0.000303668719511362,0.000517809890465957,0.000144700444869128,3.30710413463417e-05,0.000115955410331538,0.000330080756586689,0.000328633069326403,0.000180849166756202,0.000439771357398144,0.000119250387685613,0.000341347544900803,0.000142778746486572,8.73901565530255e-05,7.80925485723108e-05,0.000123160052047203,0.000203581315218584,0.000169883814291561,9.45675047940164e-05,0.000217724710880381,0.000328177541161827,0.000217084385033936,0.000277383355833995,0.00018713658238424,0.000131744518941172,0.000233170147033418,0.000111781726604983,0.000263744227732412,0.00040708183240518,0.0020901018124746,0.00224338536889594,0.0268760844569896,0.00463015088560072,0.00620764198593121,0.0164916248724948,0.011690504529745,0.0107215385928552,0.00822794659482715,0.00628765366378185,0.00376843892152089,0.00392321462377229,0.00205304988388486,0.00130377243537212,0.000835108288749356,0.000709850441314228,0.000420712163628331,0.000131979083288534,0.00026340977130995,0.000171221900358894,0.000285937700304424,0.000216207699700592,0.000156587500216299,0.000427938576999061,0.000288769935243481,0.000125878132581373,0.000229161109181175,0.000216669497345627,0.000102443992025535,0.000105570426266075,0.000384502008882978,9.10743621836753e-05
7.13343130785673e-05,0.000217109666472323,0.000169365286326725,0.000110773336018245,0.000142827830390706,0.000101596633601971,0.000113751447133868,0.000125666609864797,0.000114948351832766,5.18483259652122e-05,0.000166924254334752,4.96058840539272e-05,0.000123280542530568,0.000147999003191743,2.20331320743981e-05,0.000107962692326803,4.18668652589916e-05,4.49245765026863e-05,9.53800921280152e-05,0.000106506845815911,8.74949603157662e-05,2.59548240650149e-05,9.80201100049035e-05,3.92127023100829e-05,0.000134054210201442,0.000195804044294054,5.1099097640351e-05,8.75021070505607e-05,2.38772067821065e-05,5.42848043391383e-05,6.20348156556555e-05,0.000173854004769334,0.000371306663696292,0.000427211704416199,0.000109027332682521,0.000184982909469756,9.37232622323738e-05,0.000188636446513797,0.000261125257118756,0.000105251630954834,0.000119873822804876,0.000151384710550047,9.57680708012499e-05,0.000185316212956879,0.000108148586828026,2.30079828182249e-05,0.000129777760272484,0.000122974722249337,0.000132807988799139,9.89356943573581e-05,6.62083911544853e-05,5.32918828309943e-05,0.000169108717725191,4.98825347307043e-05,0.000141947688417912,0.000174860485590981,0.000383097745850197,0.000343629189838263,0.00153801735801677,0.00103548528711828,0.00257689249510424,0.0015854287208338,0.000627800985470617,0.000442087309638705,0.000841140101620763,0.00144127624667239,0.000372119992693395,0.000675139680420075,0.000317076783193241,0.000385814784187939,0.000427107347287735,0.000387712867443998,0.000214939425537098,6.06368735663612e-05,6.65752832952329e-05,0.000108901999074237,4.67408504191358e-05,2.11971597102985e-05,7.60989001531205e-05,0.000154998101124761,6.58993736526173e-05,0.000118573619303619,6.63239001919186e-05,0.000172226141323751,4.39256914597674e-05,0.000109225960696345,0.000136401268115291,2.06326907912877e-05,0.000163810287019812,0.000120369425171862,0.000225472651371562,6.56528200717926e-05,0.000207138883941167,0.000288785204364392,9.73181666110025e-05,0.000108564946094595,6.97379384885446e-05,9.00903036247579e-05,0.000117795069765631,0.000253336467076667,0.000209605133007753,0.00010602777252024,6.00293679167987e-05,0.000106434523414832,0.000139672043692685,0.000146101978924334,0.000129236281899623,0.000114344907063874,0.000135122674339056,0.000172988066375541,0.000112525043505009,0.000140479258509806,5.74536144733072e-05,3.67789939139209e-05,9.13996519892659e-05,0.000103093906356672,0.000143943370608823,5.52572109795505e-05,0.000115582698164787,8.76533371282446e-05,5.83699031410199e-05,4.5054030421264e-05,0.00013895979326397,0.000113306339037839,0.000287329964918617,0.000203589509615231,0.000931431394357705,0.00132250708079703,0.00850245241216427,0.0151298742283723,0.021862736534333,0.0113146713645591,0.00806105956061718,0.00572871989703176,0.00411720227844514,0.00290538429107098,0.00163535994836038,0.00243830368545226,0.00211045817321715,0.000522648946996088,0.00088015026719102,0.00122309662295499,0.000320774166305692,0.000469306170505703,0.000147655644576131,6.63958095701407e-05,0.000309103365212345,9.09810599813148e-05,0.000191911387377774,0.000232135963974312,0.000174753870846221,0.000195229850424664,0.00013830810105382,0.000195530825405038,0.000120252138176051,0.000168375715987325,0.000165265908251536,0.000238337340201793
0.00535782451425552,0.00688925081215682,0.00683857725658805,0.00676524119765111,0.00365930154558191,0.00369778613967772,0.00495392060513535,0.00675995586674651,0.00764433964169206,0.00518425463552498,0.00148495504127163,0.00378944994263885,0.00894406227374431,0.0169794522989879,0.0275162136270278,0.024161619433602,0.0229850196770542,0.0228469523098422,0.0223020279020622,0.0312306399639549,0.0244617479541623,0.0118227779102139,0.0159720167926006,0.0410090246616794,0.0490628780660047,0.0495171721300729,0.0494338469517926,0.042656028633205,0.0343919361946734,0.0185591470568752,0.0189025282031667,0.0266424847106466,0.0358876826932932,0.0531601722960999,0.0571274163354714,0.0506753766133555,0.0690920169487902,0.0992858034615839,0.112700657214412,0.107020598321353,0.0855215300618544,0.0392506808886463,0.0352713808172544,0.0321203860231362,0.045850125506743,0.0783300978543244,0.106720225286272,0.169705353977371,0.189042041579001,0.160515657574105,0.0836497922649224,0.0452594987940024,0.0622549938849133,0.0485154291960771,0.0241120448682046,0.068905030533089,0.0282323672770354,0.0155103479331211,0.0129894767354509,0.00399226496754997,0.00803235890148817,0.00738431621892418,0.00992429447822787,0.0112787488197579,0.00809731073853407,0.0534905450374503,0.1998147579964,0.300617622108189,0.301668426468017,0.164408042192656,0.0634761940399285,0.0706210517852571,0.0920846264032519,0.0710733966558439,0.0582972501630375,0.0298304711003365,0.0264908782841346,0.0335663460400169,0.0590817822243632,0.0714223060323944,0.05850469060025,0.045691147843756,0.0260115749326085,0.0257765971240918,0.019580472177742,0.0153175855153591,0.019104025248259,0.00542976651937613,0.0137435886721985,0.0641028858369781,0.166118298981249,0.151412483193076,0.165575771099022,0.123969762157872,0.0831387225031633,0.0260499454865486,0.0426994566811079,0.0561351400340137,0.0751413855642313,0.0503052863720769,0.0450597482090457,0.0550933575189825,0.0679938883845249,0.0718926099397321,0.0446164988658341,0.0293563542434577,0.0150559667667688,0.0110218928273197,0.0281692662899094,0.0284387419856224,0.0102247758534661,0.0350533906672667,0.0740624711750185,0.0489449570953299,0.00800139549493481,0.0201121706026,0.0189156350375236,0.0191051762643639,0.0389967073722639,0.0630555161752364,0.0274969266065128,0.0307902186775015,0.0276233385666224,0.038729748569275,0.0256829448301319,0.0384021366209392,0.0675414542443505,0.0447543471651582,0.0103661295389947,0.0210517524724408,0.0135129748105708,0.00556125315692107,0.0540799241919362,0.0616967386251971,0.0597402625159262,0.029537380718991,0.0591212389225531,0.0283180556934976,0.0163415729639246,0.0255570492812902,0.0230992140119249,0.0179871021483835,0.0339597588041526,0.0505327617657829,0.162792690433159,0.205932791142446,0.184929929031362,0.0307217859844462,0.237015387234231,0.435232965211423,0.643125590574741,0.791528303552027,0.597249137891833,0.600848358771314,0.666266668898076,0.49436446332034,0.160993532701666,0.17307299288743
0.00349546879935449,0.00675445328032466,0.00498051446880626,0.0016167538107649,0.000923442036918892,0.00398585177624719,0.00343763417264933,0.00101105414702887,0.00129171293989733,0.0031580415666519,0.00147870649881693,0.00167140001233734,0.00156758986677562,0.00754495710830564,0.019040897737777,0.0353669148091334,0.0481457141998522,0.0465496965175643,0.0633551673005278,0.0787185169933804,0.0674123633438378,0.034645110993691,0.0151414178362593,0.0152184221533741,0.0386382000117742,0.0656898802148498,0.0628143074356282,0.0582905745712581,0.0554725191974724,0.0506252671652872,0.0473183919733027,0.045837345837633,0.044784028802719,0.0361182267271619,0.0349929324618747,0.0287212089570224,0.0105765445261955,0.0245269229649914,0.037979926804686,0.0484592457634392,0.0440367517602341,0.0349921332445014,0.0214372584312812,0.0202612403750194,0.0243933245552675,0.042672509086724,0.0390313101801007,0.0237408237707956,0.0263156520953008,0.0395545793747484,0.0436072046059505,0.0386936620307069,0.036851545383228,0.0486722628901937,0.0218047912715413,0.0611392919092247,0.102586938036597,0.0636715738501589,0.0434373555755736,0.0308396454468283,0.018495424922498,0.0106699389567358,0.00390533370729281,0.0138674809434228,0.0188288971014629,0.0326926813981277,0.0371797783864066,0.106239145062898,0.0592759249028943,0.0816173924592588,0.10050342766541,0.130322321577605,0.065532701064698,0.0873354089029991,0.0683075061460705,0.0461277858832076,0.0421562484600221,0.0579404992925865,0.0569658449722563,0.0494419008782657,0.0501919274911577,0.0480911968514447,0.0341154423528559,0.0328551588671329,0.0416195652586793,0.0517581356680259,0.0551639266943815,0.0510206982227034,0.055522036798887,0.0997934365202216,0.132639186852726,0.0465964378851609,0.206366936504463,0.170333572858716,0.08459608084482,0.0406877077787082,0.0269969588974101,0.0194944419192986,0.0566837660137478,0.0540266062491446,0.0260697524955913,0.00136106457563916,0.0230652315476821,0.0331232998849993,0.034519694675716,0.0409245592881171,0.0453937201189552,0.0486423320720011,0.0645258063320405,0.0866910656562985,0.085862315058799,0.122131194447558,0.163990543451253,0.180851743587931,0.0939189604169231,0.0392233726701686,0.0759206295210174,0.0330116817995653,0.0669977304397602,0.107376876974135,0.0627874683770869,0.0299578799952745,0.0646019806009024,0.0692985586567386,0.0252303766549261,0.0158240842337763,0.0362767404281157,0.0180787240059857,0.0340778945105703,0.0196253071906398,0.00581863398259774,0.0117825356521422,0.0356384435994718,0.0287655326080467,0.039043319127992,0.0850702337181925,0.136194239634847,0.121554563792952,0.09915575120236,0.0523360530668647,0.0514550578836623,0.0480696075792581,0.0282879324839262,0.0668350333694492,0.131181898666663,0.320264669375866,0.153732426275807,0.132708823340285,0.226258011120171,0.0829299136991439,0.373695842367165,0.313134959884302,0.437928205518321,0.1757732386906,0.12846668912977,0.0818838108863985,0.0778237154441304,0.0959645221244549
0.000397036807032496,0.00103180248280473,0.000452043005899728,0.00097848449457501,0.000725654895945024,0.00166400236871512,0.00136464359049537,0.00056220090875585,0.000173290301397192,0.000207852117933051,0.000392189763455453,0.000399265307063124,0.000947686085978773,0.00206652910860512,0.00338570819329979,0.00677329630767902,0.0042572684675142,0.0030423217220522,0.00395590749884658,0.00607764297008121,0.00876519107080995,0.0108927214736755,0.0100146540120348,0.00942890043652522,0.00954562455023898,0.0123824032038564,0.0119783743330346,0.0103902034357488,0.014354016283074,0.00899733984274434,0.0132821769459335,0.0115066445271046,0.0113067615485678,0.0075221365859067,0.00696392893943179,0.00612417510489642,0.0144293510989107,0.0147432797867047,0.0190780999081141,0.00787232013989132,0.00823830106549242,0.00987900351160658,0.00717804805006044,0.00637363540315554,0.00435691281675157,0.00474976899674235,0.0105186415253451,0.0184948820140137,0.0079651771793163,0.00824268010823891,0.0157726780867266,0.0188895346016616,0.0167785185702907,0.0081237575472478,0.00929655106554906,0.0166939640923532,0.00366859986495304,0.00192189271811423,0.00275957715741322,0.00194816118752107,0.000992412026906957,0.000573982890183987,0.00112215913497005,0.00117852312336521,0.00196542216809233,0.00162646282808676,0.00578084046584722,0.0303234158485789,0.0142050169716365,0.0169943771793017,0.00880188644931688,0.00938230649261615,0.0138066053666595,0.0109889838689089,0.0184031269801395,0.0131626740723251,0.0147150526050757,0.00822808733912085,0.00570507762214913,0.00555715986396452,0.00577182160207734,0.00401612870707786,0.00391784852087733,0.00348947836594276,0.00478849380314174,0.00318326652116156,0.00885183453090094,0.00116344101757727,0.00222067611809782,0.00730992482654629,0.0103789096178817,0.00574809163149984,0.00733109533329709,0.00952254251489386,0.0116708539703464,0.00915173482227868,0.0121032269447469,0.00999286766218693,0.00671014699462895,0.00800524707585836,0.00903058638964857,0.00449665778564879,0.00511456222944681,0.00342705325828024,0.00270955084681861,0.00256506279236684,0.00548897665477431,0.00499444603926893,0.00467942553314981,0.0076224762492655,0.0204070473958404,0.0054919344970966,0.00738709144701616,0.00647832252379629,0.00340942401984141,0.00412599546634023,0.00289905760111435,0.00760672776438028,0.00756724441394493,0.00279007030765574,0.0021729667201472,0.00220608325171937,0.00175562336405743,0.00188126537341938,0.000991392698931599,0.00128642384333018,0.000929075650558224,0.000997671704084796,0.000805040823817615,0.000662473307787848,0.00103492093551647,0.00151903891687724,0.00287794434015742,0.00186295461149635,0.00190290293700234,0.00383905931741916,0.00575896372222127,0.0147896307825774,0.00514607714231001,0.0059587632417184,0.00347914039438391,0.00304371445294243,0.000871655806461854,0.00320028192798144,0.00484638187305931,0.00760002489895681,0.00498385430101936,0.00809752450265677,0.00374576908676977,0.00595682894797216,0.00482752343055823,0.00831615679404264,0.00405621814148382,0.019917753264995,0.00583132462669706,0.0114748732086256,0.00139931750012766,0.00601599097081709
0.000109903539758201,0.000520515139974628,0.000135955663480488,9.83473458829808e-05,6.7873728996508e-05,0.000158546397101179,0.000554501047445838,0.00010817599270627,5.3942408842667e-05,0.000133981010994061,0.000132540479163269,0.000383610944276091,0.00124857107619298,0.000871729293709204,0.00391401054501059,0.0045239797884277,0.00390403802860274,0.00249451451884078,0.00757352984385015,0.00733464785715143,0.00828275823735738,0.00847112332449124,0.00916503932653887,0.0101232325921359,0.0195084675613055,0.0396132954091276,0.0138058372727383,0.01409946377919,0.0214932464280249,0.0175354169110809,0.0245029615796033,0.0362386177270616,0.0329414355080691,0.00837971542815595,0.0112169744998972,0.00801034258683177,0.0287162763373011,0.0400403134015074,0.0357523500128543,0.00979835814218646,0.00768831770792882,0.0119028930818255,0.0353668374737879,0.020432910649988,0.00932245672451385,0.00275087154358302,0.00955941812280138,0.0110138648724812,0.0123400949814683,0.00860820069056205,0.009370019757606,0.0119378175320204,0.0138257054444383,0.0126796729726628,0.00375906367827003,0.00524283622951886,0.00165879698399439,0.00176211981355918,0.00144037666671114,0.00118406998830797,0.000933793113973592,0.000937093541820193,0.000324704941282003,0.00130444666632779,0.000790764803348514,0.00298261671981875,0.0110824420080376,0.0282611978233968,0.0504760704012273,0.0222733853691309,0.0207586282343165,0.0102811821213744,0.0112021900146558,0.0172456105013508,0.0166245277738389,0.0328479147904089,0.0385599227025954,0.0196885718434225,0.0271929923390824,0.0193921799351745,0.0182108697399597,0.0142602840338607,0.00690976163424385,0.00211345775067198,0.00147610400767092,0.00208246385181913,0.00143864686469652,0.00179901238401108,0.0015617899159313,0.0135398743390246,0.00495125004516544,0.00950335207868141,0.0120814956150632,0.034930447699622,0.0236002299672904,0.0180173331507401,0.0189380609345906,0.0178227005663737,0.0171818159751582,0.0216094442336448,0.0344035266073929,0.0272276590844106,0.0269061033566776,0.0144900289882242,0.0159184627883379,0.00655921035149829,0.00363695234511978,0.00510118366592221,0.00734810318330409,0.0121641527604243,0.0118030095026259,0.00743989919515182,0.00651744569529976,0.00419374260376008,0.0164507026310492,0.00384798088419409,0.0120604648189856,0.0263156418495827,0.0178882280749263,0.00282325563019763,0.00424421821811164,0.00615568487835195,0.000589936791534294,0.00258634026340464,0.00222163925884857,0.0018911884494648,0.000908375456622634,0.00151240079690187,0.000355090753715365,0.000301144652214025,0.000649459223865634,0.00140761435172256,0.00219891668980653,0.0044327098398261,0.00911492965748591,0.0326926746899618,0.0137145250880641,0.00933749862560355,0.0146084658215134,0.0116819245864465,0.00744506119845789,0.00719633847745862,0.00761995453706532,0.00252949631026026,0.00165207965001023,0.00259554124073259,0.00281667500770701,0.00118744599464765,0.00272609174945239,0.00202014378143266,0.0227048714758294,0.00915703314682647,0.0106028157573839,0.004342245215619,0.0043572667005144,0.00432997804492892,0.000492038502376323,0.00512405788439652
0.000152990211992077,7.33080660023039e-05,5.54796068225056e-05,7.87954285296979e-05,0.000100559293937373,7.87902130852774e-05,0.000325911083328088,4.69617265185095e-05,7.46206470400079e-05,9.91213825086131e-05,0.000293589555410689,0.00108730371576286,0.000339300802865322,0.00386737927652412,0.00574801921268111,0.00931808623860124,0.00942246841814437,0.00374620986363932,0.00671264180515181,0.00660335540617005,0.0102945284682142,0.00998050412079016,0.0147352716631652,0.00917015645019227,0.0269140064628185,0.0304045217657746,0.0123943890069641,0.0114025243757292,0.0231089591125021,0.0189404807629951,0.00771525827883521,0.00860831769794978,0.01916467304565,0.0240640619619079,0.0126069823000326,0.0165262724700468,0.0326090067048026,0.0394815828850013,0.0137377885756368,0.0153962374418117,0.0331787375503365,0.0106942577245171,0.0075079991852154,0.00885433936820548,0.00369151425649098,0.00769294478740023,0.00784779665275861,0.00593613768980359,0.00373317766421076,0.00972305311204201,0.0117254859670394,0.00939037241595882,0.00436408262810649,0.00529591692151535,0.00423826449735739,0.00286217430024537,0.00203674438046887,0.00202209549181816,0.00105645803339865,0.00213399791784102,0.0012850474506862,0.000173651070142026,0.000339700091564435,0.000466777295037349,0.000627854935052201,0.00123338629355728,0.0140762222319784,0.0128465831363461,0.101135685900323,0.01655000925179,0.0133973025736735,0.0119473115069467,0.0447452110128159,0.00992132732170132,0.0282854069982054,0.0134548328028388,0.0112060184843977,0.00567765834908294,0.00932091880198331,0.0109809919207807,0.00354690113353627,0.012190998585363,0.0038394056196698,0.00156223828106391,0.00208587272916397,0.00268723615540142,0.00148668451333995,0.00137104969137785,0.000829776046433557,0.00336681641512988,0.00270751174553522,0.00701254625723968,0.0204971217311734,0.0119504532496941,0.0187577749780557,0.00620518278365616,0.0146659810255917,0.0502107929022472,0.0249699715253345,0.0273153534939987,0.0184379248882678,0.0227270773207015,0.0293957737413191,0.0144101386983048,0.0136966668521358,0.00581658814799625,0.0164469242093515,0.00768940001675048,0.0056720819561431,0.0088384041628115,0.016582499457293,0.00487832744110967,0.00619263351218863,0.00426897545964293,0.00338355982638964,0.00459175953642642,0.00418755157961603,0.00226013679450606,0.00430318384998422,0.00237432726128221,0.00115838866627464,0.00115671574004449,0.000705598028145312,0.000670980169630512,0.000521872935281658,0.000411822342368403,0.0001369933865969,0.000175122459278379,0.000228023654084132,0.000473775422946886,0.000377720495034833,0.000658888293428798,0.00172273661575703,0.00328809653352,0.00491884393027769,0.00509122388606998,0.0150152253180971,0.0109182311875664,0.0062215001981156,0.00321523579715235,0.00507353398064092,0.0139074279895687,0.00468631915661685,0.00289553643588179,0.00265535412993729,0.00402325496263107,0.00268024647505278,0.00211804768664537,0.00622529754990979,0.00207754502264592,0.0154162682447439,0.00411374512615789,0.0182269083734479,0.00947255611799709,0.00233609283085371,0.00235400445103035,0.00283446022854958,0.00424566173835926
8.98720913712689e-05,7.06096153735657e-05,2.66796076574572e-05,0.000195130260299741,6.47801706014279e-05,0.000170066423162305,8.58283920310731e-05,0.000122863229636226,0.000282305091493818,8.58283433208343e-05,8.5587606240754e-05,0.000502144154224266,0.000270408705287168,0.00287082315234201,0.0085326117887681,0.0118703247045736,0.0209976073896183,0.0174238687414536,0.00852502685057108,0.0315084713333265,0.0165340359897675,0.00994078707178308,0.00779608321733433,0.00815301763209058,0.011717873196003,0.0216108765022931,0.0526973316503331,0.0175337174228934,0.0247718669417013,0.0251049446916742,0.0318420706494371,0.0341759840269783,0.0241638375090277,0.0188063200755203,0.0148480302530002,0.0272049654101893,0.0158618510993673,0.023081574373784,0.0245416933315205,0.0323193954020911,0.0234132872738996,0.0142059066798585,0.0110434933217885,0.0031030276032745,0.00436806202453055,0.010484553863576,0.00901517026324712,0.00868345702271426,0.00583746960110026,0.00361313122141131,0.00956919937033445,0.00908731493154952,0.00384398991391097,0.00120492720576072,0.00163879563746601,0.000727150530819683,0.00213589949634557,0.00332139384104095,0.00185365704728098,0.000631007777034006,0.000924106092987164,0.000196092412861275,0.000213516259521474,0.0005229859851819,0.000368301138966699,0.00360648062086451,0.0126020612643031,0.0098976609909499,0.0565938071598827,0.030515209134931,0.01752467184682,0.0168088801275072,0.0218975946607959,0.0122578550153445,0.0180347179411258,0.0218042754771702,0.0232611005778964,0.0251455338788503,0.00897302249858034,0.0071135259289945,0.00865709652881303,0.00299929323130355,0.00433387760280573,0.00554371343899034,0.00121810790176103,0.00139899853690651,0.000946615727829329,0.00187880065157616,0.00165078327509515,0.00359952189722908,0.00602405095229921,0.00606307853858453,0.0294950448857604,0.030749048685526,0.0280416372348142,0.0197501928207401,0.016451257693601,0.0201324449269192,0.0200430364898891,0.0149332616429371,0.0346642558946776,0.0379824914878813,0.0233428792086403,0.0167935042091352,0.0117488415431829,0.00557251972375749,0.0079084634746394,0.00348449346229314,0.00599912169692785,0.0055469586129458,0.00164838187395492,0.0107596569448928,0.00994100867107271,0.00346899143481407,0.00439347939895005,0.0062801765195297,0.00638992494717228,0.00234450241356835,0.00214725588541637,0.00241583288898675,0.00198100553974438,0.00137054077549904,0.000499453484487544,0.00062528901897282,0.000622200240668429,0.000205402543926787,0.000162006501280429,0.000338837596863781,0.000294725963257204,0.000173835241270374,0.000812964519232391,0.000582915831730329,0.00308881619797516,0.00196224400752469,0.00265587694693003,0.00173687463625409,0.00305690629011978,0.00428226983751913,0.00278510533001959,0.00629472962661244,0.0104715555247483,0.00472574276864155,0.00544460287510725,0.00146534231512977,0.00424453189922548,0.00146254167600871,0.000700630284792473,0.00150802777485987,0.000987486024716014,0.00248973966691177,0.0100324814232133,0.00130983757160846,0.0056572411728401,0.0146364871651277,0.00339834374298476,0.00287483237131578,0.0013734127032075,0.00146617596822384
4.26865219227926e-05,0.000107192311390708,8.06304965391087e-05,0.000127865786520243,7.87618555777227e-05,6.00239741187304e-05,8.99448319279847e-05,0.000107363788291194,2.54572278758591e-05,7.98094212455392e-05,0.000467795691899294,0.000369455192433384,0.000553825694628492,0.00212025047493283,0.00871599669919472,0.0078676343231728,0.00860003589067675,0.00997107055365912,0.00767812615961356,0.00982057681768478,0.0084852274781536,0.00557713988613256,0.00431912172478106,0.00505490072195009,0.0101401676825337,0.0113489255144437,0.0128523512558875,0.0137366778127252,0.017433111736326,0.0539172052893876,0.112747380983373,0.145391726596265,0.100883689770466,0.0834754220462055,0.0595676446593141,0.0260084391120518,0.0585660528452024,0.0406425551301578,0.0508379986365936,0.0394945804928909,0.0305186219464178,0.0164789975098756,0.0144176570248616,0.00980494144343627,0.00950018959050692,0.00463470855445105,0.00235722727530873,0.00805049885060994,0.00353323544713284,0.00378273462311572,0.00866755429504372,0.00394495293697752,0.00371763343783279,0.00163637093304768,0.00145197170336329,0.00167915754727268,0.000800397893906579,0.000656421355421708,0.000848765815002987,0.000696934745079339,0.000162702414412158,0.00035924318720908,0.000363709687876059,0.000599469323482072,0.00024350619021785,0.000549156546825844,0.00817582038978742,0.0260407910740105,0.0153727664497808,0.0687589968226723,0.0363401111717929,0.0344545985751975,0.035144804882058,0.0266035289425532,0.0461353620277376,0.0495693358281936,0.0735261383821549,0.0732042000593395,0.0195923829205028,0.0106023779223306,0.0170159088316013,0.00959293065797946,0.00452196953758684,0.00536267002114032,0.00624104835602672,0.0059529434563621,0.00372225370355028,0.00303629003726568,0.00294709637824846,0.00377433678254098,0.00420461106520437,0.00442911983808037,0.0148004141930088,0.0520901692991573,0.0482863865276816,0.0524978176587927,0.0532871995694165,0.0510013629939914,0.0495165347218274,0.047461685836266,0.0449113302618062,0.0438228651582408,0.0161239149038396,0.0607313571490457,0.0359300537114323,0.0196309964149988,0.0229452208015185,0.0345311061783829,0.00816602170379103,0.0390331153236913,0.0261266620957966,0.00520431705601042,0.0029448093318334,0.00440421596038403,0.00228800746999807,0.00123830999970876,0.00194917317189556,0.00957893982792761,0.0134638770982521,0.00503182693440161,0.00112324676365814,0.000503612677915644,0.000228437072256073,0.000402847208242834,0.000579163749074197,0.000304639331886013,0.000243304728419614,0.000109348099383428,0.000164613961786851,0.000292251665108554,0.000143360680740837,0.000121614168856284,0.000643051382675967,0.00157103431213101,0.00260465946207902,0.00221789665651203,0.00216557811533294,0.003406492488939,0.00179552911537199,0.00234875390398604,0.00391858667647786,0.00529865240961343,0.00396867281448765,0.00104935095065904,0.00148701578450007,0.00159348862012044,0.000827308272969843,0.000910500487054138,0.000364748687831862,0.00116910373804302,0.00150473531073813,0.00088996667653809,0.00343826306013803,0.00275874636826825,0.00246483485502443,0.00258629746673306,0.00365944346926013,0.000590066186471985
9.62308947444909e-05,0.000151121692875387,8.52627470295175e-05,0.000135594592812387,0.000159614277564752,0.000133954183330889,5.16395310341699e-05,0.000120722713558279,0.000151939771440084,0.000169650042645625,0.000225201174360733,0.000127573687181036,0.000145571674053895,0.00398557393480048,0.00939250759797011,0.015183156593247,0.0296255986419303,0.0321541346676029,0.00369131595771122,0.010125991223772,0.00607219620746878,0.0100084457983292,0.00690433202927278,0.00563133381669816,0.015018164546021,0.00645837057387414,0.00452483813741866,0.0124419129317992,0.0169844908043189,0.0226222157465761,0.0799917907901079,0.0598205251080251,0.0106704058858573,0.0245195440196896,0.0325835698196083,0.0150223170094618,0.0173958220562291,0.0180890459103907,0.0219640468079457,0.0152705851895449,0.0130927285227883,0.0355171246538922,0.00852802175045302,0.0052191474403442,0.0111906607579158,0.0111728412818974,0.00920937472942149,0.00450855971279599,0.00315106742614611,0.00184105969032528,0.00914513853818305,0.00307334839467274,0.00125579239455225,0.00350691899188105,0.00229987711900744,0.000215630213632528,0.00115622705701706,0.001513770819229,0.000337829882765511,0.000256551809900977,0.000220520688928557,0.000262458957884015,0.000279492949878387,0.000437880629625049,0.000255835228976274,0.00129920023768297,0.010928179705864,0.0206603715722957,0.0307298386699273,0.0304929015543863,0.0265557552399042,0.0510386297405289,0.0222413526112474,0.0269460925433346,0.0372370838945244,0.0587251088665963,0.0339088052008397,0.0158876746695547,0.0146498762494951,0.0105977635584002,0.00856333088402089,0.00853527298707832,0.00646630959671691,0.00415123326806379,0.00843043586688095,0.00466242614055924,0.0010864103521562,0.00194688613329084,0.00283625164751345,0.00371332775934698,0.00422344902305482,0.0127960926002693,0.0113166301034311,0.025545294405457,0.0418922124674235,0.017194587388609,0.0111138956370694,0.0434766503694773,0.0905064187256961,0.0858197019619737,0.0732662530717586,0.010943790483933,0.0210714671095735,0.0130234280273676,0.00938425669783049,0.00562966563090938,0.00271698782493863,0.0113736606822697,0.0117033206915698,0.0066479489684731,0.00708139410049264,0.00560902294483017,0.00590845349446432,0.00628487935384334,0.00653534112552745,0.00113323827132882,0.00328249730721356,0.00138050976435874,0.00416348168313459,0.00193096515573464,0.00115506572240412,0.00231713781050791,0.000289262899356319,0.000366647235910677,0.000453286966710112,0.000643776605996076,0.000658228676065703,0.000286511144176995,0.000145040005208418,0.000120273311169883,0.000175751731491408,0.000128290957681238,0.000755177394697849,0.000484519703346618,0.000186762399662045,0.00057265449236409,0.000833989521673397,0.00170679532055801,0.00151054015798649,0.00133992312194134,0.00277323601654446,0.00209682136501365,0.00120183677208853,0.000546481959429345,0.00118740803187901,0.000501953465535142,0.000983015294900258,0.000120297993224098,0.000624091132204405,0.0014840682168851,0.00220356355000903,0.000836880574241303,0.00277093535121121,0.00217078025899875,0.00338981840008384,0.00361159084407685,0.00266549969133038,0.00145875464243525
0.000110252236013503,0.000345721640339402,0.000371467002739874,0.000127761827419746,0.00021618487515928,0.000145594156698292,7.3214666868733e-05,7.93735979453026e-05,6.83309529374201e-05,0.000141967296728105,0.000154952437868516,9.34999050673812e-05,0.000221782179012569,0.000585433277297918,0.00118084587935515,0.00158743214465901,0.00145297786147651,0.00381431736785472,0.00250843474757901,0.0041783711344403,0.00190293577928219,0.0013902535402244,0.00253936541394152,0.00280576514555754,0.00523811038571029,0.00411052651239446,0.00534798961299754,0.00569019910887881,0.0133283070291143,0.0056817232916583,0.0109805182850991,0.012243535054105,0.0121416309325036,0.00718841777567939,0.00518132464759812,0.00255181890075001,0.00815386062465191,0.00810095418302184,0.0071449952359087,0.00316994610106939,0.00993656845346921,0.00365608966281738,0.00257128931412886,0.00267019740213672,0.00201623958887418,0.00278422582410803,0.00230226370974563,0.0124905331099095,0.00463883103740531,0.00347293580082441,0.00365128781952829,0.00516310261811031,0.00438032721107061,0.00273247853849947,0.00239930162162958,0.00137259548942091,0.000760290883581598,0.00146155844645295,0.000545670122588421,0.00069523155429696,0.000213948133211579,0.000139095989587195,0.000497242836430987,0.000627400402546946,0.000292042180379874,0.00144755525491587,0.0178153863399944,0.0116308497303772,0.0282928090739324,0.0204437421010112,0.0290696550815494,0.0266300162528206,0.0141080947572346,0.0340355754197948,0.0255768577995162,0.0236144962860724,0.00602469634960867,0.0100033782561438,0.0095897698729458,0.0168207626484128,0.029165307917979,0.0190338141036179,0.0182828662424588,0.0203165035919061,0.00969993469925086,0.00399307840256316,0.00180182187112626,0.00196346973181338,0.00250674940122651,0.00433177002772727,0.00715148456493705,0.0140138515527817,0.0263312606825788,0.0114704541608357,0.0122107653817381,0.0175308549219045,0.0197469377556502,0.00690849263190765,0.0310708528353491,0.0211634753034251,0.0218585428247163,0.025169011691474,0.0397610902478562,0.0249014764854705,0.0162802440930892,0.00471802891106766,0.0170962730328698,0.0101840518114107,0.00701140552359503,0.0125936451099745,0.0022370188132147,0.00536086297328453,0.00329045237896612,0.0024748852600979,0.00134316670406159,0.000988507637712156,0.00084887243981797,0.00133012743686996,0.00140759570448813,0.00140097480971058,0.00091868657777757,0.00109477672990794,0.000318285751829581,0.000548824156530475,0.00115389417323587,0.000221748067395338,0.000233369660784085,0.000122625352447618,0.000238679444527964,0.000504466525486459,0.000211313347171481,0.000531343824603263,0.000497468847883564,0.00125886605039181,0.00026393932125099,0.000503121826813037,0.00265078478297887,0.00286635132271796,0.00235643472301067,0.00188836653186895,0.00187864637101265,0.00225466330260609,0.00264334302720787,0.000803307286535597,0.000933822011395827,0.00144992515463676,0.000811240003536221,0.000915544171667562,0.000573413959364103,0.00110317871711073,0.00181921071144825,0.00108523616445717,0.00204098455738812,0.000606778121965459,0.00173114926674093,0.00153166500781361,0.00079016195168146,0.000426719981712354
9.97413584577191e-05,0.000193860153145048,0.000225412182291419,0.000192229041671199,0.000214399547572149,0.000401557379350483,0.000108538617661013,0.000273102975567313,0.000210021575496835,6.45476948540853e-05,0.000300635714482794,0.00013210310337267,0.000243431168275164,0.000326952010290502,0.00176143315352274,0.00249825234157258,0.00212555166509605,0.000564449072096102,0.000775135712998626,0.00133678219184734,0.00109220559983286,0.000443648447049938,0.000287749450110017,0.000181551663176988,0.000299200154840526,0.000521924183508797,0.00171271410588414,0.00191422964551445,0.00225218261999502,0.00317990463552091,0.00709082544468786,0.0107247726018506,0.0110862641076928,0.00900388895706008,0.0119829068251253,0.00264462637158831,0.00221288134602963,0.00291520739971211,0.00424899638465535,0.000774191436684515,0.00146365048149193,0.00098856629231518,0.00112005434450789,0.00373514915671789,0.00057175875636423,0.00144641358069101,0.00226483592733614,0.00119823490636803,0.00150912998339645,0.00456101971371979,0.0058722113695624,0.0115860553151109,0.00947423239919376,0.00669045785958636,0.0023370937526542,0.000658138337407044,0.00123094434766617,0.00447785338480688,0.00130668448343989,0.00103126512979448,0.000259003590410199,0.000338663391151315,0.000346101329793712,0.000582724741189917,0.000718018491659209,0.00160972985761735,0.00403913743987703,0.00850331319679058,0.0114667739514885,0.00822652367478401,0.0232977899065298,0.00532779986546638,0.004892237906655,0.00345933585843461,0.00627240551749249,0.0143582292961889,0.00415576853179735,0.00833983286246033,0.00552062051777092,0.0107471228771725,0.00563360434850594,0.00385939831097748,0.00371940940536873,0.00172822763686648,0.00112877462665459,0.00341409836354924,0.00304917790837208,0.000657066449591152,0.00158658612131973,0.00266455712977398,0.00174245854416954,0.00436447687064317,0.00743503084240893,0.00735031079900945,0.00577529440871491,0.00300948425142491,0.00521716544270304,0.00701838401641668,0.0165876510350163,0.0144176501065371,0.00797785575473834,0.0144800099838289,0.00644859378496988,0.0124794884649552,0.00881882179363087,0.00178228403518753,0.00169354727821776,0.00312747778381054,0.00238198681967407,0.00399420479424232,0.000916900419264141,0.00227945583847019,0.00283679404994344,0.00104278196748492,0.000631086666747117,0.000866806584705323,0.00209056637922355,0.000712874784140247,0.000820066361529489,0.000971832195064947,0.000700382590857564,0.000389674791408368,0.000358568401016084,0.000533401505520342,0.000340367264395898,0.000532078479099292,0.00023333840165834,0.000185849132146449,0.000196258921018248,0.000173482197460007,0.000360931564926719,0.000183344174224011,0.000418051093815194,0.000601707902177816,0.00240453945797951,0.000590202350511592,0.00226681293154678,0.00711009438492655,0.00184734860183802,0.00119299166369411,0.0010128175191882,0.0035545454935667,0.00127205799588652,0.0016898585232934,0.00122185950649946,0.000690072939935154,0.000723382934210888,0.000672603219081408,0.000536880236975527,0.00042540684380679,0.0012711087933404,0.00108459087511734,0.00371983986342209,0.00311438628183645,0.00271163569883437,0.00160271800923131,0.00217919403121782,0.000729033654958323
0.000299939895198392,0.000573329936150107,0.000372114573030957,0.000637861187717562,0.000424314080373069,0.000781415982529549,0.000707145395360293,0.000321270608832511,0.000115728348227907,5.61179620351219e-05,0.000205921350207966,0.000120324481829584,0.000382640261216788,0.000191532375991374,0.000398918667317355,0.000313141663537755,0.000535740695393237,0.000292504931581287,0.000377643695781236,0.000508575306395074,0.000363393631431766,0.000269576863237715,0.000509475126119737,0.0001057465744188,0.000330792356311205,0.000339269898070852,0.00029775460437986,0.000388235516776953,0.000725697827996768,0.000626547722576755,0.000279644364114464,0.001105238850975,0.00134952318869192,0.001026959901619,0.00321236655212875,0.00160729102008677,0.000162562376375826,0.00174370328638509,0.00090088002553419,0.000795615055834789,0.00180311357627621,0.00182889509827125,0.000159694146035871,0.000389503305880975,0.000435794475304208,0.000314344733236111,0.000685993660789178,0.00284074397696768,0.00291698371428306,0.00337256279839585,0.00651655113314961,0.0169589387892574,0.00393152871782192,0.00661173166503849,0.00199931574333209,0.00171942848535175,0.00156173066283168,0.00140886614556377,0.000252678617680772,0.000986757298310614,0.00115382745996072,0.000508859235023308,0.000622882551721419,0.000770478033073583,0.000733184575272672,0.000874300020048382,0.00343683326702287,0.00345090897429734,0.0112421993428892,0.015085851872453,0.012842295201444,0.00260840969794946,0.00318900831125725,0.00638454220061271,0.0031067537092409,0.00584832800438517,0.00274267349620313,0.00429844627672791,0.0091111207955589,0.00197385950629985,0.00108740372076013,0.000862228652091191,0.000951577648755626,0.00226686748272273,0.00168085342337454,0.000705077881854537,0.000342066830683931,0.000764847099024942,0.000714903702874788,0.00121937030391942,0.00113685522119069,0.00164830749500034,0.00569076731477304,0.00417941195688889,0.00720853210198133,0.00726276339215629,0.00343738914900281,0.00132649738868469,0.00421694423941182,0.00362654826734071,0.00304153314094328,0.00132108230857238,0.00119668626646533,0.000891794432523782,0.00195695368558124,0.00118406823513403,0.000385855608768365,0.000474401671277202,0.000489343754767529,0.00150180397514231,0.000641919654372065,0.0010510258848713,0.000283312979555119,0.000280453301007615,0.000423854393211029,0.000237922881402941,0.000591843740479902,0.000412709700002056,0.000386702167414355,0.000245166658205898,0.000370038862004352,0.000127533008304325,0.000359726177454583,0.000238464590094609,0.000295123718585462,0.000252052121886922,8.58628621904911e-05,8.90281423512932e-05,0.000150651245648628,0.000134193350163694,0.000226024316149496,0.000868488100842882,0.00136270699438238,0.000526112294028439,0.00042073094105488,0.000985638328526312,0.00119300905752377,0.0015622945354746,0.00277030064939801,0.00213575178288276,0.00155278497600726,0.00136440522343604,0.00152333847688041,0.00387280457874746,0.00209164573020916,0.0017070979472484,0.000711933729924178,0.000234414214063697,0.00062932443665523,0.000942005040937991,0.000923408976651328,0.000921488168357596,0.00196472401434581,0.0033580361551921,0.00349567444332717,0.00255534839021627,0.00139994792785591,0.00260959302935423
0.000124900276755001,0.000585719111721075,0.00021107295685689,0.00049263593260391,0.000386376210940129,0.000357276951879306,0.000295458208842753,0.000370137871040212,0.000202318986191365,0.000278825179242499,0.00026804872000926,0.000329711829742396,0.000446317438038713,0.000884097949590761,0.000288852485191515,0.000135515071330358,0.000514728608958031,0.000697412644335139,0.000516543231159109,0.000403979034168101,6.68476471596319e-05,0.000161754459123392,6.6688704142277e-05,0.000413719302664724,0.000706652017662088,0.00045858393368962,0.000584678971370691,9.54777567461694e-05,0.000160837245144341,0.000518182487741647,0.000447660745539441,0.000289292808748349,0.000468051041671101,0.000571189838625706,0.000606443777089155,0.0004035000721025,0.000191104050674776,0.000567849455395714,0.000101580938108615,0.000291529767319835,0.000641503263726767,0.000510935160542252,0.000402135060260506,0.000457551481233186,0.000423865171362344,0.00019841598716152,0.000187733402988855,0.000802786779069807,0.00241582361664199,0.00443201752754925,0.00300532302963376,0.00409462125395842,0.00559495138747217,0.00436076486767635,0.00228678341862508,0.00145054995531003,0.00123063970939989,0.000857776150125977,0.00122550686825746,0.000426389081489971,0.000356063676646712,0.000849018589311211,0.000691521240462158,0.000395394868850738,0.000337104614292574,0.0010365429317654,0.00121140974003542,0.00168906197930301,0.00275127792101094,0.00281159464523474,0.00190198702252934,0.00124659776010416,0.00146019298319323,0.000662508127125274,0.00177192979038544,0.000676995754836005,0.00108101926034969,0.000783847369293108,0.000396449972692889,0.000287951140894028,0.000710068669844575,0.000506555696153291,0.000208141396906826,0.000534106684908034,0.000343217950716041,0.000426997275367669,0.000957325158942544,0.00057110872205729,0.000436081646824133,0.00103445400655615,0.00073911710551879,0.000503046031888472,0.00122283119090878,0.000407499751177638,0.00188230623369239,0.00151917679239005,0.00126063938153539,0.000987020314449411,0.0010878116106669,0.000195044438932082,0.00132065991315907,0.000319993547109863,0.00072351056958629,0.000816821074486228,0.000569337045328494,0.000521042870899459,0.000645786847840423,0.000360137763590876,0.000554087297996018,0.000335273127390641,0.000315320092094277,0.000346340508418169,0.000223883167157343,0.000284507705669936,0.000501843135788439,0.000285404301804417,0.000544592066811705,0.000441545704800929,0.000233018795771759,0.00027174228482071,7.1870066791484e-05,0.000271764913222569,0.000169759719856266,0.000284292157506959,0.000264452405505164,0.000360098210309525,0.000541381411210844,0.000133810521272326,0.000311926990995074,4.26023408522399e-05,0.000212249882877832,0.00111271193579109,0.000247601387180705,0.000610431245352595,0.000598883412282567,0.000803263143425597,0.00137448770638014,0.00128377420569642,0.000469291446070484,0.0012438225863536,0.000384834101531233,0.00174774257843363,0.00172095353115215,0.00167311949780588,0.000810969682272451,0.000529807308225202,0.000602770884791383,0.000796483017625695,0.00152747983781607,0.000154616353821644,0.000545549741840015,0.000938263941465165,0.000958351543967023,0.00118126842128063,0.000862534067021692,0.00112137060637779,0.00171122538547525,0.00138781639342985
0.000367087184921301,0.000172103049308272,0.000530989538948147,0.000390339639067042,0.000368495130298241,0.000577428545344264,0.000261129890811418,0.000290795309574136,0.000522246428610404,0.000245854418050011,0.000269465159576231,0.000246421476928304,0.000187871229661518,0.000573882607555745,0.000258310446284146,0.000296690883388977,0.000197525794026359,0.000275536960532516,9.14635640897229e-05,0.00018575373610554,0.000230942243081345,0.000500368082970048,0.000347584484559471,0.000255904633846501,0.000364829090484546,0.000307023443542305,0.000385583960092087,0.000111732062786963,0.000192464842610835,0.000320719086988795,0.000389026400407042,0.000484691307793162,0.000657934729928144,0.000423088520010213,0.000446892349488988,0.000729705377706567,0.00103167091026523,0.000357202655288069,0.000527069083129684,0.00038117955417082,0.000378510690269446,0.0010498814477248,0.000580502454482953,0.00100958527458414,0.00040174827590755,0.00140286233082489,0.000352922151154638,0.000439072269748419,0.000986657864225041,0.000957451501055025,0.00346802012420438,0.00208085799930646,0.00783361913064343,0.00772815033126938,0.00444500462976026,0.00192321989982404,0.00153564264670638,0.00174118479753618,0.00179581567389058,0.000598627806459747,0.0013193201993586,0.000640435658627558,0.000360132699271535,0.000395931411474489,0.000726020643528344,0.000573772133584967,0.000381197596716584,0.00340838728118507,0.00109297305430873,0.00112369221758401,0.00092769162740797,0.00237649006867617,0.000443408446744416,0.00116986695526702,0.000207964731363499,0.000614943051414083,0.00138001597750534,0.0012810655720685,0.000450498818917344,0.000894772177989345,0.000344689221334873,0.000625879583586655,0.000818070688925623,0.000365471196470198,0.000189801050794325,0.000156518506624751,0.000230877793027772,0.00031261047356641,0.000175916305023026,0.000404261535322001,0.000668420561110805,0.00124884468447604,0.00194953868869816,0.00173046379406386,0.0010831282221814,0.00156857799121748,0.00151752569162121,0.00113573690653301,0.00118135359091357,0.00188306527581365,0.00182162208544267,0.0017867035792046,0.000335121012127332,0.000634274133576402,0.000251192236375755,0.000359372924200912,0.000386005919556823,0.000405294817971817,0.000627744691921468,0.000644405915161205,0.000435960159835155,0.000312438611181967,0.000341775656360331,0.000363449961179141,0.000192784877584052,0.000653152652695085,0.000304904811578994,0.000348941047686369,0.000272771713901919,0.000437081366794686,0.000342718046410757,0.00010790790651576,7.49907571993324e-05,0.000860880211109875,0.000375748494528661,0.000287665284154176,0.000361339574862797,0.00046534597197549,0.000302831616865811,0.000138069787932344,0.000460070408217053,0.000393252199005457,0.000289582023718437,0.000201396512051778,0.000121850026099141,0.000160061623820588,0.000333876967356099,0.00043693990944506,0.000933234296660534,0.000921725644357366,0.00117173811697549,0.000510730499076566,0.000548196503976031,0.00082772867196799,0.000271227629714427,0.000426468611705958,0.000504914768311727,0.000213714723035913,0.00049112112677834,0.00034659241751224,0.000348136074144187,0.000723319093904021,0.00161197198854433,0.000599246099172172,0.000402476331817231,0.000698270002195795,0.000448087198390921,0.000235085197009194
0.000425569241743897,0.000482898726598243,0.000797845913217681,0.000304561644130058,0.000189298368151766,0.000271510734866448,0.000180666655811729,0.000143544932698221,0.000281767937984165,0.000379597731281967,0.000101530632113273,0.000319542452104438,0.000180708994669864,0.00029764343726071,0.000455429653420292,8.03224879510345e-05,0.000231764054166269,0.000248285688734945,0.000426829465731473,0.000192248538137057,0.000327048804019897,0.000104776253918609,0.000143735955352916,0.000389367274125611,0.000403232158400445,0.000376399494181399,0.000584110305490803,0.00034244498448011,0.000577354890445077,0.000385617988020036,0.0012079524619603,0.00494721893406249,0.00119399821769228,0.00186185845275649,0.0031853697309478,0.00286596766827694,0.00164042661530113,0.00301104226273521,0.00019753128067484,0.000786080765485423,0.000858907299670509,0.000408509986457298,0.00107772245175897,0.00186428469470911,0.000384806800137093,0.000595266616138627,0.000517350384522903,0.000725253904829935,0.00176539823436335,0.00158175342988,0.00338560546305547,0.0167627449386323,0.012616496371653,0.00283956346830161,0.00124084132913307,0.00143961985781668,0.00132932206949111,0.00298873912426596,0.00203988384337388,0.00137018951845996,0.00145032986486505,0.000549689122548903,0.000157193251414979,0.000845124477766088,0.00075187928893195,0.000737557730741946,0.00346831420280787,0.00943528010216527,0.00598827231478792,0.00518291402350878,0.00296055471593753,0.00505043647197329,0.00277709531420693,0.00421701190871589,0.00211510382748048,0.00367518347232921,0.00560983225325188,0.00445139956620649,0.00147679549695194,0.000903939255743395,0.0010233956676958,0.00168600999836095,0.00116793569944298,0.000444150528692992,0.000299605482100338,0.000370272323850339,0.000400850334188552,0.000695207132190713,0.00101164582518453,0.00167533985229715,0.00161354824666415,0.00372956202262485,0.00158273335463871,0.00279286423469177,0.00357612159241066,0.00406660548041292,0.00241182676522951,0.00738322299471214,0.00804578002840673,0.00812827009896892,0.00360442567527895,0.00182741305427103,0.0036492977369786,0.00228321479423982,0.00210677936148088,0.000448902383318679,0.00150641201467293,0.000351257620205223,0.000752484217171968,0.000622222343455229,0.000334823951252425,0.000751904207629895,0.000522222394017321,0.000156630495660559,8.12218685681413e-05,0.000136988531155622,0.00040060745788107,0.000183857673571929,0.000190127570451183,0.000252257650096574,0.000141169467507225,0.000185199160799673,5.88924922001912e-05,0.000173510673269541,0.000415235008538743,0.000142574339937144,0.000252268916974072,0.000201508546242487,0.000352293280073889,0.000109502897454719,0.00056164082808795,0.000246269512313752,0.000191265577223215,0.000254630327112092,0.000406197788042632,0.000629492801009794,0.000269152332368625,0.000275556114717594,0.000641132369701911,0.000931540880227992,0.00140900115435574,0.00154025860127508,0.000632481845523161,0.00112945735787544,0.000497533664083284,0.000455125593082621,0.000304151842781802,0.000990330342157286,0.00095974549714873,0.000911562317338534,0.000596521988347019,0.00133468652658179,0.000793648818884739,0.00128446210104705,0.0017205276505651,0.000483790679025842,0.000158367386843262,0.000881068725680947
0.000668055682833851,0.000146281075116249,0.000498060000855018,0.000582564675673903,0.000232209525752138,0.00042201227679177,0.000178235845618466,0.000502550102148497,0.000485930904297724,0.000281936605587611,0.000672989064555461,0.000513231096495661,0.000487012191254591,0.00102370032343261,0.000250094790339503,0.000384306477355632,0.00167836960317336,0.000616632611902531,0.000618529400182678,0.000681446122991325,0.000605455471556338,0.000800380002217762,0.00139372991431543,0.000970728225612087,0.000570240429931311,0.00217056031354541,0.00289601496740742,0.00267687533395124,0.00600765912966728,0.011600774224992,0.00673292421931091,0.0165335572305465,0.00309211697601506,0.0217731283506659,0.0103898306690664,0.00460490615727179,0.00682039685617619,0.0168889272509013,0.0082938263888133,0.00457818026172214,0.00107156941420957,0.00101405099630102,0.00176140239625157,0.00105712618639278,0.000264988300962843,0.000651030099481842,0.000144571521836165,0.000542885177489986,0.00070743252124138,0.00063804289141234,0.00115652662697108,0.00138988450836585,0.00303103863465549,0.00108162829239645,0.00126039292748801,0.000552702305814434,0.00160760519586415,0.000761081443701983,0.000725005257662016,0.000293126493589594,0.000742398945566126,0.000579277024894027,0.000415164924938112,0.000987839661203509,0.00117800942796001,0.00292700728212035,0.00448024862175812,0.0079996601811315,0.0227296251308597,0.0172546463809038,0.0499430577422746,0.0184660611005347,0.0054292591379977,0.00834305754288869,0.009553263485148,0.00485281146589364,0.0112643843344033,0.0175341531828492,0.0152251610469539,0.00915994348359742,0.0112970296721634,0.00513752883042603,0.0107505891937914,0.00415522178250909,0.00229833276136852,0.00173463928165137,0.002432668326784,0.00118262322064772,0.00429460954767439,0.00210510726921351,0.00321931936313436,0.0150324649822474,0.00914827455801684,0.0122573986345371,0.0105383652286124,0.0185211628330401,0.0202707448469944,0.011638532272385,0.00497654314741332,0.00991836696418374,0.00699253705172941,0.0112709837636162,0.00401015551167858,0.00814301414091206,0.00333816297803761,0.00316716966155673,0.00334581218412767,0.000843456291148765,0.00262237984066173,0.000185116425573572,0.000928720685804524,0.000566814729467402,0.000734924140949118,0.000268796058877266,0.000401140939788567,0.000251704045503236,0.000487229265667211,0.000347194994086839,0.000317125312794978,0.000276005555254977,9.99343148332819e-05,0.000443673782480779,0.000315620611298978,6.13744123597418e-05,0.000317436680386044,0.000329202243151347,0.000454244885619167,0.00037585822755161,0.000448500179689396,0.000525291515288021,0.000514872497118399,0.000590184324071081,0.00119392095694571,0.000215189969094431,0.000734956920274132,0.00042313109074227,0.000148949431156303,0.000274422746265071,0.000500841057021163,0.000889272568636662,0.00174039781803863,0.00129444254559932,0.00176509289716856,0.000748028493165947,0.000813163506298103,0.00016998871356155,0.000700025537661912,0.00154368940396455,0.000486237975331715,0.00222159875869772,0.000820034647847619,0.00231074853912041,0.00156153871835024,0.00329409747925849,0.00152264346754644,0.000601091202508459,0.00079957610775575,0.00083120340997639
0.000462063011912453,0.000610203845419024,0.000487081270096285,0.000272386172717668,0.000710018962289176,0.000371102191997277,0.00102913191602758,0.000862337201510888,0.00101966850731596,0.000688587186457763,0.000321636509413983,0.000393146656875609,0.000591809070003362,0.00116829745112109,0.00167671399398818,0.00236693335481747,0.001637521942271,0.00687027053796271,0.00151732487063136,0.00359979588130078,0.00623647114987088,0.00244441427591175,0.00281031482101615,0.00176903043068728,0.00186308650994364,0.00729164339236921,0.00296989421372485,0.00180663854250669,0.00584238677297644,0.00565556741689873,0.0028320723034314,0.0110569679963673,0.0100570356114253,0.0096518924785693,0.00694138646953115,0.00466735817688958,0.00315995691692909,0.00191301218552956,0.0058332563751828,0.00447498716930735,0.00289363656771375,0.00236229195875698,0.00153396432688092,0.000556297864492921,0.00273933257213441,0.000580634820875109,0.00104516692993973,0.00153678678161076,0.00173058850198747,0.00209293883478957,0.000331530555699427,0.00122339559723865,0.00139192221436216,0.000700496563280261,0.00124401746189366,0.000479306943865411,0.000760713019095841,0.000907285072752502,0.0007226107520033,0.000430693949654727,0.000433324691264399,0.000738349909175827,0.000407850714777908,0.00116756535556616,0.00152067505660428,0.00395818933759247,0.0086544238861192,0.0040786309358743,0.00681248164288852,0.0177478265644092,0.0053404057619145,0.00424399129119902,0.00160529809891814,0.00521307237699147,0.000983225173613986,0.0052084942682323,0.0090792043488238,0.00354609915119238,0.0038342547596592,0.0048042909312108,0.000909322503052461,0.00177948369496638,0.0021911120570761,0.000501222450972639,0.000735959969738461,0.000407301414493817,0.000512526218019882,0.000415366557867611,0.0051354929707176,0.00435926674847691,0.00904387232090802,0.0095164568104821,0.00830879689267872,0.00691177087699301,0.00400352174165185,0.00416897522715772,0.000784898874275693,0.00411867784956047,0.00138547576080079,0.00462895119407864,0.00370080855314694,0.000275363046015148,0.000583879381868517,0.0019951783714599,0.00118633681417163,0.00146282980165077,0.00118814137158963,0.000910258155207095,0.001335435032267,0.000674331783909713,0.00142432188879427,0.00105743609713046,0.000790762981444751,0.000818963651896714,0.00102895065537815,0.000839607441058255,0.000850968545939831,0.000424624742292466,0.00046768116005557,0.000134593668090947,0.000626198012814854,0.00102862514814557,0.000896262104457777,0.000325230685325517,0.000411580361530275,0.000227096370557718,0.000142245698038084,0.000362632048402148,0.000851963315713227,0.000628843878408958,0.000556362076300458,0.00112071054060583,0.000400258824606053,0.000383041658184449,0.000772658522582294,0.00075991423742148,0.000506899580565183,0.00049148363230073,0.000221779358943605,0.000567565802659965,0.00163433793903509,0.00108578568435968,0.000786223644642763,0.000808607982639985,0.000700433083368781,0.000553923929879383,0.00055805293978545,0.000628457765098047,0.0002485382481247,0.0017642512468938,0.00121178259162966,0.000661904961258588,0.003420928143921,0.00198556010526983,0.00211320305958185,0.00147574475703714,0.00141033572435153,0.000951335854650806
0.00150022887204933,0.000328689159257834,0.000703769647690417,0.000452115194106693,0.000358646247524581,0.00115907306787297,0.00106969664162396,0.0012724892703128,0.000567910985962619,0.000517670130621559,0.000230433342992677,0.000277332016565328,0.000662299505972734,0.00179458112043344,0.00126966560485776,0.00283490487096573,0.00180814295048982,0.00189370962412719,0.0024557458688715,0.00339688274963507,0.00281211780247091,0.00412029869197085,0.00231928902068513,0.00449169456296506,0.00218125863742305,0.00159318606059569,0.00272326402320765,0.00385684182728818,0.0084003809026861,0.00828923005118976,0.0049771936527646,0.00385831971966182,0.00478219131110326,0.00391244444352852,0.00537051941562976,0.00394150944652945,0.00403989422010691,0.00333144653065632,0.00369156490410653,0.00320165056942717,0.000903921751771166,0.00131180537958759,0.00205530410979684,0.00129604045248127,0.00102612861223048,0.000913344298077519,0.000285290941668197,0.000901304630438886,0.00178990531683897,0.000505946653039506,0.000901659969639326,0.00259680970359875,0.000618046664887096,0.00127264236587805,0.00172702939728744,0.000249347824571118,0.00119507623943774,0.00151510803445158,0.00154057950658805,0.000506064586631557,0.000832539960782685,0.00102164557913467,0.000352633081029194,0.000773456886152533,0.00128003984300073,0.00228634360581779,0.00504907152057021,0.00868988308007471,0.00443205420953487,0.0120001777593125,0.00483698134019771,0.0133017137375926,0.00204887247761454,0.00619680281717016,0.00384218248917411,0.00152414305537414,0.00405606094091141,0.00205404994297055,0.00171041514970565,0.00108302575172664,0.00179159775157379,0.00162632561572192,0.00209682493440007,0.000303620413511094,0.000469526881547883,0.000899104619261003,0.000399099872286127,0.000697885344176311,0.00346715727146757,0.00318144902876777,0.00271979500134906,0.00567277693273046,0.00441079060581192,0.00777359294006282,0.00248060738972006,0.00186409156326505,0.00241825170712265,0.00187482991156383,0.00383068107796824,0.00181896598790522,0.00110539824295973,0.00107565034184581,0.00197508519096438,0.00103685885774387,0.000876656540505968,0.000391540408556877,0.000494129864901099,0.000311040900189612,0.00122903916183587,0.00203148337873146,0.000932216259030653,0.0013475670384746,0.00126412695651816,0.000819086659884495,0.000697027179235546,0.000807063313134563,0.0006220787854471,0.000366412739279381,0.000421651087323638,0.000524134639217953,0.000218662559398996,0.000814020285379711,0.000243477228379378,0.000421115459269973,0.000479251216080612,0.000803570338637342,0.000480926365955562,0.000885351253878496,0.000518594362011929,0.000764850347734389,0.00089175224634194,0.000920363356816829,0.000650879748846996,0.000267175948313783,0.000629810388487429,0.00095218775426247,0.000156310627083599,0.000734039477352092,0.000325250615596159,0.000638902548996998,0.00164323003611897,0.00134093999570885,0.00164181691383846,0.00136303112308935,0.00076730427772067,0.000831903730120085,0.000476314480946065,0.00104874424982593,6.31084357565106e-05,0.00114636284585933,0.000650715909484426,0.000540656143566021,0.00110398717334779,0.00153770313383258,0.000297994413272707,0.00113646372089734,0.000501994955873466,0.00137818332267026
0.000863152475069177,0.000672176227563654,0.000276037687345403,0.000535829326335746,0.000297784465062488,0.00114330930175151,0.00071735721836189,0.000756949132774738,0.000568837155902276,0.000359627423338154,0.000312435712509174,0.000477039193645992,0.00072461206564992,0.00210599649797607,0.00297576827201544,0.00466765307087965,0.00127230608050719,0.00506665728487878,0.001642415749738,0.00564575751334235,0.00345394447445347,0.00194396126253234,0.00287182844054066,0.000778059014699852,0.00125945454402758,0.00187892594168896,0.00184520367281735,0.00918956609493394,0.00702215057889627,0.0101618965169813,0.0299696206485199,0.0191472975695307,0.0100593498699029,0.00536719200829122,0.00836699614933261,0.00446900298577981,0.00661467958702588,0.00376860373673269,0.00224994138573669,0.00177366115690213,0.000736110490825208,0.00179585225427736,0.00130978741625733,0.00163750865545804,0.000665051634879644,0.000668554295224798,0.000594649959348377,0.000548757162637812,0.000905312063058891,0.000322574635325861,0.000531202774811819,0.000625467185606187,0.00027573210355678,0.000736255505096474,0.000278015902527228,0.00127146976253875,0.00222178791746101,0.00109358292419102,0.00122801092430612,0.000829089411762371,0.0016494503955121,9.23825025345605e-05,0.000457707267673802,0.00114359113569524,0.000798690687978547,0.00121612339954214,0.00168162722042052,0.00139839018265495,0.000741923667548344,0.00250386159992074,0.00536405433438933,0.00497460513758744,0.00521753987911255,0.00784378136861593,0.00357439642795964,0.00330363972221523,0.00317079286389616,0.00497740069734961,0.000365779784155904,0.000811860422428618,0.00119995612818537,0.000496653056623203,0.00137625301008122,0.000676048898537703,0.000407177440632608,0.000642304367329375,0.00112250228330459,0.000481721506141889,0.00302759604742707,0.00551176279960601,0.00153680527540228,0.00187822337074141,0.00246903687687253,0.00310142215635534,0.00278904179604566,0.00328431219036027,0.00345618131581631,0.00132118465973676,0.0040438646871658,0.00136492014038494,0.00166084342037506,0.00235909009258995,0.000985623703353793,0.000400812117282221,0.000439558998917397,0.000137348238687035,0.000680175464606284,0.00116895816371228,0.00148839369411536,0.00114337541205924,0.00100396229277581,0.00101460870887802,0.000691405360503833,0.00107508735804953,0.00108320780470928,0.000458847489054386,0.000208680844149386,0.000770339706041933,0.000499646317860671,0.000203714379028546,0.000247078487452037,0.000634224920985158,0.000357752062116645,0.000396903970951881,0.000918708700429875,0.000582933541817725,0.000294054406676985,0.000261928213716649,0.000432287091344205,0.00047681194357041,0.00105397578385829,0.0011868308456667,0.000469265592510183,0.000155035181812071,0.00020820851718646,0.000543376837615398,0.000970546622619306,0.000681093351360952,0.000520614731509762,0.00127039803441113,0.000515037254677349,0.000492134593131582,0.000248467486215518,0.000745970319860652,0.000547923014203941,0.00042014691072266,0.000539574100601634,0.000455975314050854,0.000129379958910642,0.000503225066367782,0.000335969959378984,0.000916902097363174,0.000768879237101051,0.000691081186730849,0.000207942600637221,0.000817787691635005,0.000733903326089376,0.000972143094618261
0.000237855341574066,0.00116634806104015,8.98914830794238e-05,0.000211006194518188,0.000614266236272103,0.00119738371714528,0.000271415454982549,3.95412503412011e-05,0.000433426133430483,0.000145278213987735,9.54333135737252e-05,0.000204126135429576,0.00061844520741099,0.000451651059152033,0.00107772197673734,0.00231880248655731,0.00418131990724026,0.00171172374712486,0.00528298088878252,0.00117456543921314,0.00243777799670539,0.00197430130794022,0.000787978103782265,0.00150946227706103,0.0013440135914224,0.00208773138622547,0.0050609332478438,0.00605567669306965,0.00727485931768821,0.00271708039694876,0.00637865012713168,0.00235740328375219,0.0021227328455009,0.00226609825762794,0.00342785564727783,0.00138192408313542,0.00303281748273437,0.000148439743231579,0.000638365013589839,0.000822889955202411,0.000359566162520084,0.000498501566583249,0.00025268556155601,0.000895229112952371,0.000254563208364981,0.000338929604780372,0.00026436723040393,0.000429710175756947,0.000100438199500018,0.000219737788556069,0.000333359816488704,0.000738318125385181,0.000288012720890161,0.000404038150331273,0.000386267144277159,0.000563742176546494,0.000837109923707422,0.000636101506903384,0.000430389297108284,0.000236713420212322,0.000199357163483582,0.00066864887997659,0.000448972539494522,0.00271384482955741,0.00261641529052298,0.00516568031510866,0.00826902920878563,0.00480877898690077,0.0130236312849264,0.00755322779289709,0.00901866756802005,0.00628693813909439,0.00444994124551167,0.00449672095197516,0.00117794894019643,0.00428318343282804,0.0017359765226176,0.00102969022278395,0.000672887114480129,0.000681845411347382,0.000340951113922333,0.000324783592436067,0.000616900289888031,0.000329322791181668,0.000755217530118357,0.00035641957277675,0.000589084326339657,0.000848563329977177,0.00378046079554488,0.00391995511820508,0.00234546114038358,0.00168838886233621,0.00151970500426212,0.0049788065022628,0.00315659227477669,0.00257550642716952,0.0021254295752416,0.00199999130478811,0.000530883040234907,0.00117246888517973,0.00170625617068694,0.000318046001184338,0.000538123422933065,0.00020088089098828,0.00056573291148723,0.000553434328063039,0.000248420841034264,0.000103009585284432,0.000396867073418022,0.000646451786606056,0.000131249520410542,0.000624160469257732,0.000359748800469809,0.000571166201224043,0.000258468771399309,0.000252087919705401,0.000235803545346,0.000267000380064973,0.000424771269951481,0.000479463103552495,0.000750919442510979,0.000122425680741873,0.000576824794188371,0.000272934125212634,0.000196938503914256,0.000535029095066029,0.00012391635907042,0.000473394596405826,0.000550360477089521,0.00070888418099792,0.00135911388527022,0.00115777854395424,0.000646151124101159,0.00060629253984611,0.00061257319133887,0.000375984928694136,0.000357434837533526,0.000335990956164487,0.00014644059753039,0.000898909129658172,0.000562746784220229,0.0008168503589292,0.00086822416812194,0.000268635534504527,5.14182006075997e-05,0.000282055036786774,0.000147618969754496,0.000532254906913511,0.000186142349946752,0.000600701034414127,0.000856078999303751,0.000703884021713627,0.00310675461620893,0.00137177539995002,0.00117996047266838,0.000955847497941195,0.000759798652119894,0.00110744184778706
0.000602306279863595,0.000468997503064773,0.000143838975703447,0.000333234455183664,5.51461317208037e-05,0.000397710705413287,0.00021958156929262,9.12152822751341e-05,0.000429369734921937,0.000247691776618523,0.000124588622991875,0.0002160529740316,0.000276442660343127,0.00045518680182032,0.000464056404585609,0.00180669136842007,0.00269738945348743,0.00235954342049306,0.00115926795709929,0.00103650914552435,0.000554339667785802,0.000381926600412082,0.000635194825871602,0.000613341801749265,0.000273266535940889,0.00177368864226641,0.00206075556273943,0.0034898783280832,0.00396518916106857,0.00130280372618339,0.00248988775707758,0.00202968313748905,0.000767154236057736,0.00273296057794873,0.00123531206903299,0.000775837064577624,0.00119493499318875,0.00121536621946886,0.000196192381068824,0.000756228904056488,0.000776505257284841,0.000387292994987874,0.000296487085629862,0.000459475664836809,0.000305184248097195,0.000268917491471937,4.95278413054624e-05,0.000194362985768576,0.000314969634390214,0.000202403528257037,0.000422076324718852,0.000588276158162244,0.000479300502125081,0.000295595427002355,0.000270081832815272,0.00045591167200695,0.000640932009964174,0.000822272549102438,0.000940353427218365,0.000705752648736172,0.00109548243542767,0.000680060253659345,0.000856852549065052,0.00544815318399482,0.00503451284422567,0.0153482887639458,0.0118715869118361,0.00937818821363567,0.0195777251310605,0.0131079905118588,0.00577504160999277,0.00570821102244417,0.00284043870324203,0.00761679641584977,0.00490625269704086,0.00697595380707534,0.00522401424990012,0.00224727630154723,0.00376551418899704,0.00172909250900509,0.000718739721708989,0.000498681317488282,0.00160983489441855,0.000472999589108083,0.000348886829372926,0.000240343696427296,0.000482751330472341,0.000775339705411966,0.00139543926475689,0.00298983993059886,0.00325260979473205,0.00204828911315226,0.00312621364601132,0.00498322899325911,0.00500998493940694,0.00385819244898166,0.00107192201621724,0.0054053292336198,0.00367733835383521,0.00248215091874679,0.00492983854469743,0.00185399396076937,0.000459278503986954,0.000806025761198919,0.000276145222074756,0.000264463522496068,0.000518745140253916,0.000163719085607285,0.000168589621945403,0.000132145584541489,9.13839615965685e-05,0.000400292506717327,0.000270304491200204,0.000270951545477119,0.0001980351041365,0.000167493930892662,0.000205615920423146,0.000145673873522761,0.000446540993969151,8.76955941541246e-05,0.000239150907809676,0.000104290729900481,0.00020949276114976,0.000253209443557568,0.00040415879013479,0.000328934518302461,0.000185555291046669,0.000594071166385271,0.000844407589631001,0.000901601743563968,0.00266460489929197,0.000560275464950414,0.000137436292960509,0.00046964549044174,0.000634513539723536,0.000321721089522917,0.000564090598529636,0.000130858965804403,0.000267290387613464,0.00099061756311677,0.000414113920345734,0.000613549014037651,0.00043390565208533,0.000584095753124298,0.000380873586169013,0.000563457552447613,0.00136660086435596,0.000356395435858588,0.000687874036754307,0.000924236090418275,0.000919109229970808,0.00356634312964103,0.00564496797656502,0.00472228331035275,0.00315521244335173,0.00235223908862053,0.00237832276909525,0.00171139954743798
0.000982180548518099,0.000184730583649583,8.41122935718977e-05,0.000316553815258192,0.000249401892310116,0.000550036387132522,0.000198244186348748,0.000106011188201749,0.000210602394928485,0.000131852967279052,0.000265392476918304,0.000219678183111923,0.000364025483143046,0.00098060187721272,0.00535094367920312,0.00776269265129413,0.00261072456701806,0.0101001383279172,0.00861095425964685,0.0122239792835245,0.00528932370352297,0.00546183308571624,0.00515052067192077,0.00627732568117393,0.00425569634379433,0.00548264136636388,0.0108860430384737,0.00577727354763482,0.00956708453399719,0.0157344559934373,0.00684196430742494,0.00392496349992831,0.00289396836150316,0.006195942539458,0.00313165708125213,0.00227736088473047,0.00738524409373164,0.00100877518836579,0.000704709513972985,0.000815157635918822,0.000981788061877491,0.000356053391852538,0.000414239534139857,0.0003697347978385,0.000278270335994375,0.00013501168455979,0.000172563404289291,0.000188627082401873,0.000228994581094152,0.000712525841505933,0.00104629914231291,0.00165716163836174,0.000275498542727329,0.000487986292979173,0.000712739317971569,0.000619775962667645,0.000572390448848185,0.00076912361347761,0.00113732374445,0.000909431036730844,0.00162049366641489,0.00124119042616017,0.00102585917041074,0.00861621146063341,0.00459944402134962,0.00631150933734422,0.00693100149929591,0.00980041533275122,0.0045833781983615,0.00849423492776196,0.00275430112918562,0.00460366643347828,0.00666526058321596,0.00645203630793519,0.0111605152667676,0.00519300997355717,0.0125338297365182,0.00390397438154978,0.00141670070402526,0.00356862998083615,0.00285379442556918,0.00295846769712708,0.0014300355578653,0.000900946448506901,0.000914132115788346,0.000688154692692666,0.000400391679712592,0.00015449212143355,0.000208895597793775,0.000591536233309916,0.000496016089046389,0.000633084809365451,0.000802176104774691,0.00253432457529796,0.0019158150382151,0.00412704870855419,0.0020112079743594,0.0041900796359756,0.00165714986971623,0.00142331319460452,0.00180308201068593,0.000828895068244039,0.00174834481956642,0.00171503144862351,0.00131113107997211,0.000174888686546137,0.000278313384773477,0.000202729594109452,0.000168429955784284,0.000351120058965007,0.000559224308098939,0.000445389973482549,0.000117332615150599,0.000337142601534448,0.000152409270911676,0.000228126252253487,0.000173011508249272,0.000253309947025789,0.000192857342743573,0.000286750588738988,0.000309930843279705,0.000130933979876502,0.000284815513896832,0.000145839637983339,0.000137818121479875,0.000155496058955307,0.000191367428139241,0.00329353354728008,0.00279556083538144,0.00261230702601374,0.00411751708700209,0.00249499353761637,0.00368344455181819,0.00114981200006333,0.00220747517097363,0.000764559680912101,0.001642172201734,0.0012577132850263,0.00115146082851122,0.00248274833340177,0.00182977256150534,0.00160941617866407,0.00293179143347574,0.000559979496264617,0.00100706129128809,0.00137265335741436,0.000877700797454852,0.000356509880357063,0.00150022447118934,0.00217388455093424,0.00400255670446333,0.0012426050610967,0.00347501809536972,0.000618585686583446,0.00357853802472912,0.00129218426967373,0.00212529855014999,0.000236948458779249
0.00067429933059138,0.00046326106508734,0.00015798713645116,0.00027181904424066,0.000598782837659407,0.000466426289322431,0.00017689942030353,0.00032888383055906,0.00033880062281111,7.96709752473497e-05,9.42522852132214e-05,0.000270965832983277,0.000239316321403773,0.00140878111916479,0.00348011758056563,0.00866118978649919,0.00748153088151464,0.00524988487342178,0.00121291277995667,0.00310354587698436,0.000427222438565832,0.00159464305312524,0.00141043522129749,0.00205911474364175,0.00235561492467166,0.00375647864556294,0.00499857252554696,0.0064275615324895,0.00865965596327902,0.00734384630962266,0.00775988199958603,0.001732185097539,0.00250626279892532,0.00195210526563782,0.00127823353055529,0.00196569743586294,0.00136711116349794,0.000299638054211954,0.000726690445892123,0.000470295937513646,0.000110675542572693,0.000543486189649065,0.000254861110157953,0.000283744942051808,0.000309629640441531,0.000270087490732059,0.000285976669500476,0.000117738871923505,0.000154320813201913,0.000415274359962014,0.00102725146992178,0.000795471184673129,0.000364837990052043,0.000624405810223572,0.000409077945523483,0.000387159410120612,0.000578735079104581,0.00232283322254328,0.00321475571037342,0.00333254744382655,0.000873407006419532,0.00164483736166667,0.00110239130908126,0.00428429984524739,0.00563542818006156,0.00566266241527576,0.00463291833200888,0.00226230931466204,0.00545307078476377,0.00210290697974036,0.00272783118472606,0.00208254121397042,0.00573756201748239,0.00220731624980811,0.00314036587342715,0.00417077658095391,0.00250492638590682,0.00232610551397809,0.00130473887562839,0.000358217726846281,0.000501267250756057,0.000295455498733723,0.000417889420818769,0.00058914297607523,9.00535041899523e-05,0.000171247637095481,0.000225784742279137,0.000235713441880053,0.000174269674963897,9.08912212456759e-05,0.000303198181457078,0.000169266254763461,0.000353812692524399,0.000207672061093995,0.000482404389913672,0.00100824215704412,0.00110323104352409,0.00106388990418545,0.00137995772229265,0.000968438480091374,0.000462843635337828,0.000510429633864422,0.000771473531362839,0.000293496630679704,0.000576503544389505,0.000104370005294896,0.000412932337972144,0.00024776878113059,8.46013437709992e-05,0.000259767274052614,0.000197915957143876,0.000134612391278952,0.000415097149238205,0.0001239879409622,0.000329562015708933,0.000284545256081219,4.60261354547401e-05,0.000179880893727132,0.00020926308692023,0.00024726521328557,4.57026648387221e-05,0.000139974262888713,0.000128544088528081,0.000306426439494914,0.000214459102546246,0.00056326701091341,0.00149243609306858,0.00624676796301282,0.00436645883673627,0.00441941010276712,0.00508582844149899,0.00923391929918042,0.00423107714978016,0.0063632695198775,0.00053486018104801,0.00168334328305089,0.00121646720882001,0.000286121357212329,0.00104365038054797,0.000661069434318468,0.000889640573609249,0.000911791881832881,0.00117996278449038,0.000586781577183701,0.000588114150296659,0.000572174925762638,0.000296630888554588,0.000769503827056795,0.000846739269828984,0.00151953294511619,0.000631407922969787,0.00104736181514745,0.00130194045045019,0.000745610456316822,0.000949261021902735,0.000655394309485181,0.000671253495609426,0.000555859725523928
0.000107305864120294,0.000311804148817126,3.69858481812337e-05,0.000367929233857983,0.000191266381502392,0.000113203120866353,2.71625236932004e-05,0.000257207526831108,0.000180429064953194,0.000221954292882399,0.000253499096912294,0.000359968963396216,0.000288767945022597,0.000280940035519802,0.000912145122129707,0.00139777845697354,0.00111347668217673,0.00100921514101007,0.00086332900431281,0.00114362015008551,0.00239921091861711,0.00166475276411267,0.0021563007893211,0.00109038284218744,0.00113046948118141,0.00255649844904325,0.00342423903631882,0.002963419474977,0.00356542531991336,0.00331128757084265,0.00181003557423421,0.0032850145151725,0.00190093953961054,0.00107523929038902,0.00121140717392382,0.000836337057977252,0.000288077270098802,0.000420814634038898,0.000310960131445542,0.00021687311865326,0.000270167908100838,0.000211949267751131,0.000202125038862745,0.000411349223795763,0.000150287092206444,0.000440513781423556,0.000209413481150167,0.000114907563215219,9.10459485549427e-05,0.000139859797465117,0.000319969544709934,0.000312836653354084,0.000246896477094295,0.000453209204456307,0.000269977477577974,0.000297431566665214,8.49662882991261e-05,0.00102347171727821,0.000984105034789069,0.00102489176150793,0.000858161558835693,0.000461325894550305,0.000992582474174403,0.001280064707907,0.00377884001517892,0.0015346077955363,0.00163582197161027,0.000604666988561334,0.00223868939325191,0.000809390739117066,0.00126816383885632,0.000312014183607962,0.000891021812411932,0.000102536497361327,0.000527317772037824,0.000507625866408092,0.000312865534518925,0.000292714087382448,0.000550197375081871,0.000329782404369468,0.000268539290943363,0.000214826542052873,0.000223084599955452,0.000260091124856513,0.000281617317111281,0.000260170397120766,0.000113253064687722,0.000154031465202512,0.000320488399478753,0.000499113366436103,0.000293215049847976,0.000215859508268236,0.000433549002705513,0.000289243775714762,0.000215796656517158,0.00023328159595975,0.000256686233658191,0.000172393845173339,0.000249997503765256,0.000221548127036624,0.000456689247549349,0.000219017375459521,0.000255597736581275,0.00021461684505042,0.000329517891217723,0.00021209387607227,9.06911792495233e-05,0.00012509484561064,0.000312730420153642,4.26352475567084e-05,0.00011727876660159,0.000127131163586277,0.000144103417017224,0.000273830250773463,0.00016494806753736,0.000127992605159207,0.000194545454212095,0.000168651129257108,0.000167651758353535,0.000522315553626695,0.000287566795227447,0.000203892963625772,9.43796942227046e-05,0.000513329389113844,0.000337115205715208,0.000316792581044577,0.000631421731660089,0.00332629920375383,0.00758487069299028,0.00625729796926291,0.0123370054776227,0.0187261613579546,0.0105829097090702,0.00876985940174274,0.00876292175616334,0.00185438810409691,0.00299355566743937,0.00165364773015228,0.00400259871465574,0.00201781489584531,0.000697081873890451,0.00236231691600057,0.00055906891825227,0.000293543606341785,0.000163356879656565,0.000137850437779495,0.000199138326249893,0.000295088615320212,0.000450657682359468,0.00025734701789356,0.000295310427621426,0.000216229650440323,0.000361342842774278,0.000309013157364132,0.000335624694380109,0.000269920077352847,0.000318089704680895,0.000258916982063796
0.00039656386829948,0.000426823681617323,0.000258400975520106,0.00012942206066281,0.000358361349672616,0.000259592749749467,7.69267471119365e-05,0.000182947984600856,0.00010724207873453,0.000139784415479062,6.38892527213732e-05,0.000150897114922552,7.42998239552369e-05,0.000145270495433197,0.000214957722404958,0.000306742931830953,0.000140320862330424,0.000154453629885199,0.000235842430785577,0.000211198477171536,0.000233817660397324,0.00021389989363427,5.82184390532987e-05,0.000376895029409243,0.000130424286527693,0.000348568430830813,0.000333708402223698,0.000453789244706338,0.000505854923734993,0.000910854753366828,0.000535394773366314,0.000782978798633498,0.000435498702821415,0.00013289084530595,0.000179951482020128,0.000483687618676907,8.2681781582061e-05,6.66728848521452e-05,0.000134689938449814,5.68142797461034e-05,0.000130703396072363,0.000110440681210631,0.000129395218419361,0.00024240591196717,0.000266965223837359,3.49466600862309e-05,6.92226874112808e-05,5.76240326574162e-05,9.41260594517808e-05,0.000162148820232558,8.44639047845314e-05,0.000224415446259633,0.000153411616733278,0.00021418337256364,0.000140623494453815,3.86176919162181e-05,0.00029310277039623,0.000321128724882786,0.000496498679165741,0.000322477438767273,0.000575308388983535,0.000462242886451318,0.000169973824032871,0.00195846736968552,0.00517225553893671,0.000933919874501185,0.00132753266617247,0.00116987197247016,0.00194207459960786,0.000494409797594785,0.000721384273669128,0.000575681111391979,0.000866591899837423,0.000236969199507133,0.00035774337211135,0.000157649812787948,0.000237640633331338,6.74079493701346e-05,0.00012663352413632,0.000175544572640613,0.000175982154335043,7.06564106471137e-05,0.000126961579725634,0.000145035855272147,0.000299737572703772,0.000157037957371015,6.2490545791253e-05,0.000212858416160024,0.000233924483803444,0.000387823118424407,0.000359537945350751,0.000195415964926965,0.000178454007973555,0.000272345994854194,0.000101331128036864,8.17054802618319e-05,8.59997393198419e-05,0.000389023472366603,0.000396467816829887,0.000448101049681598,0.000196679649334122,2.36018541239716e-05,0.000203090220531313,0.000283070965762853,0.00019064584946416,0.000172793526485381,0.000384975986291463,6.93888800683757e-05,0.00026127817173364,0.000117530841110093,5.44770886876284e-05,0.00012307794281541,0.000101456294698692,0.00023432039137452,0.000155239828174715,3.72560063367647e-05,0.000155630512785491,0.000181288822440303,0.000161251392797607,0.000233987313589127,0.000218568347236076,0.000119052842578523,0.00021255208754011,0.000170538006514175,0.000302418483841659,0.000397846557582371,0.00159517900905674,0.00169792004662875,0.0190576764321623,0.0112655365877824,0.00480632661290612,0.0154634709573516,0.0150477756154523,0.00702436466334999,0.00554718437238172,0.00264659640651134,0.00300554198750524,0.00115581076812531,0.00106688281434306,0.00115605896066911,0.00125928917076133,0.0014309262286169,0.000600619847008366,0.000131348702040624,0.00036276506567266,0.000337733107438802,0.000201288695774764,4.43299426744936e-05,0.000202741635040201,0.000323636215422723,0.000123123013193551,0.000126611745214378,0.000159182231830331,0.000144782154800772,7.83113922395709e-05,0.000184448328799058,0.000269023757967181,8.57986463408544e-05
7.55371525244601e-05,0.000201988398696225,0.000279264133325005,0.000115779519808166,0.000109155178294686,8.16558839052921e-05,8.56005793557677e-05,0.00012262665919414,4.08018149480623e-05,4.84276749637767e-05,8.92482974795099e-05,5.79268575758233e-05,0.000109273557915492,0.000137935533488466,3.89499875022986e-05,3.88767976514032e-05,6.14404877998144e-05,2.99900043448901e-05,2.59844547831366e-05,4.83335546507387e-05,8.72321896654137e-05,2.42684644799795e-05,0.000108738073655706,7.21611608968358e-05,0.000101959871831072,0.000185839232075727,6.5304550091221e-05,5.39247955479045e-05,3.75979011995905e-05,3.03668897828134e-05,8.36989033999779e-05,0.000233046560807392,0.000196001115235496,0.000172817319759719,0.00011096232070389,8.49921001590672e-05,5.64594879919174e-05,0.000141761401847468,0.000135850787204933,5.18441624088254e-05,9.3017595324426e-05,5.37490602359422e-05,7.71007380559612e-05,0.000109311825637352,5.00911058908389e-05,4.57630154243261e-05,7.70590791613463e-05,6.57528970040221e-05,9.16083453164359e-05,0.000127360560850656,9.37454723836364e-05,2.94256547327657e-05,0.000106436717974526,5.54014149047468e-05,0.000138991059756246,0.000100604003824745,0.000141575008978593,0.000252320218205345,0.00124987812549484,0.000383327865615483,0.00162708870385551,0.000499685174773361,0.000528433150066879,0.000182290269958789,0.000624260274879682,0.00101790854422494,0.000258202274774827,0.000182721602801296,0.000267008028797638,0.000179025081538737,0.000264981846626573,0.000388666490367964,0.000270046884295291,5.57682861346631e-05,8.98660777281282e-05,9.75411486294493e-05,3.14668218171104e-05,5.26265406628763e-05,5.73641137888597e-05,8.60401281695925e-05,2.87436663757074e-05,8.47267401197731e-05,5.66849012456668e-05,6.07478661556617e-05,7.11861158520386e-05,5.61237251694339e-05,9.7881047975582e-05,3.97114766904764e-05,5.51450688793075e-05,6.15433447665532e-05,0.00011098993926723,3.54778337761491e-05,0.000111464572623052,0.000190064096183107,0.000121837926812313,0.000119479004707732,0.000103880880567173,0.00010920862153581,0.000102759425222692,0.000192823198682953,8.48877894667648e-05,3.39681708297177e-05,2.56926183787365e-05,0.000131288505578118,4.61640686164952e-05,0.000102004084635236,6.16133100098586e-05,3.61123806066325e-05,8.94538446030777e-05,0.000111166266632761,8.5348701987354e-05,8.58841815431573e-05,1.24624792744887e-05,1.53693428803583e-05,9.83702503339623e-05,6.85017978153024e-05,0.000144064438782208,8.18289382587128e-05,8.84758871389528e-05,9.63522554044778e-05,3.18977506465085e-05,6.26508002986056e-05,0.00013011700195245,0.000117171192733093,0.000181113993968891,0.00024541576763775,0.000333025712390834,0.000538460379902588,0.0070354773696562,0.00786692550224956,0.0171090276147872,0.00293527807899803,0.00223138269482305,0.00337535786181287,0.00486093876787508,0.00228075027287913,0.00138712684249461,0.000748471111859013,0.00125166850229373,0.000379298462076785,0.00106951077571613,0.000682654391548931,0.000126598770311058,0.000286728895579127,0.000149008447985741,0.000106842964858673,0.000217664219926441,6.37507181393013e-05,0.000151260865900953,0.000119000079267276,9.56764326439464e-05,0.000142489394012884,6.74532068042985e-05,0.000160054036098495,0.000119234813867224,0.000102383221312424,0.000117324161802126,8.84520520214703e-05
0.00551318654277674,0.00271262713298377,0.00394867202196273,0.00332194197821336,0.00175461804064618,0.00191097189564494,0.00158650411131076,0.00317987454791014,0.00363987352256304,0.00239180899079851,0.000515502747194999,0.000961688592451292,0.00501224221001386,0.0079659551388008,0.0169603082741324,0.015853640864349,0.0147960196854362,0.0181347024247586,0.0270552928585238,0.0334395078118918,0.0254653026665797,0.0157851311942229,0.0139679679701349,0.0202297097274924,0.0225916333665133,0.0215070083433258,0.0309412357956904,0.0390191811270638,0.035223688415202,0.023843951825752,0.0209535339433843,0.0202881445536295,0.013870294050158,0.0178500527727877,0.0250261760028806,0.0164193819613705,0.0245130302205943,0.0568123059192908,0.0514614720886285,0.0527638574023507,0.0535346099214711,0.0209666570915878,0.0186007731670118,0.0141568222043701,0.0122655450465375,0.032958582138894,0.0285423029769891,0.0860695804865386,0.0683301836564982,0.0972513193198612,0.0560884833250769,0.0230633274630464,0.0218027560072194,0.0293576629907401,0.0209612690640567,0.0596978641847154,0.0228898342015222,0.0226181394706411,0.0108865527616809,0.00740334662549824,0.00212077095979159,0.00380859055122135,0.00605175491275108,0.00978643799251859,0.00496926328096082,0.0311793274199143,0.0939831908671152,0.126015300269345,0.143221464927983,0.0599891158848803,0.0353234789715948,0.0581364112122766,0.0529517724904813,0.0404665846768277,0.0461963077127907,0.0313654887222713,0.015755261456895,0.019379726578945,0.0321035607558147,0.0273610090533123,0.0255392278848896,0.0301264181593914,0.0198547853564101,0.0201594718596823,0.0206189714033557,0.0199997653492735,0.00914161663933759,0.0107785876963171,0.0232251618892514,0.0480825340583947,0.0882302856155922,0.0539703840671733,0.109075062507742,0.0471077006027624,0.0424648196362112,0.0315713509815707,0.0233565342021715,0.0207027780772161,0.0344537440035032,0.0274767745979274,0.0138518497364965,0.0236682232395728,0.0369138553802667,0.0312307019763778,0.0226352251452492,0.0214127318718284,0.016779962722184,0.0164929342494414,0.0181360625503078,0.0206855569556673,0.013290712711083,0.0483898667799979,0.0837889887621689,0.0552611099992568,0.00742883297226111,0.0177296229661496,0.0223412896897822,0.017165547298898,0.0326359344713567,0.048176254254424,0.0210334660997015,0.0204760336712537,0.0271320838231468,0.0377520549596349,0.0190506738127995,0.0171241469007991,0.0350927927374882,0.0258525903906477,0.0136314480696644,0.014337434346448,0.00954382021202648,0.00456140273003289,0.0218321460956183,0.0282611046022109,0.0333072548256453,0.0227270167382459,0.0547554283245461,0.0395732397275819,0.0275319162530241,0.0227079460939971,0.0164829277261631,0.0144735840093129,0.0188683695977202,0.032381023848133,0.0918373089393433,0.127914636226338,0.108262595909288,0.00897481744079968,0.137153567329249,0.230281084779312,0.322793433817449,0.456390244128983,0.390197820251728,0.393652075087959,0.339219784582957,0.221698204366752,0.0775301328488412,0.0954140243808918
0.00739580231834991,0.0181329277118034,0.0144111694960469,0.00732374177034639,0.00403891030623647,0.0122578970502482,0.010704459879332,0.00428234875016957,0.0016535701102609,0.00835869383140534,0.00472854263986345,0.00571507321348045,0.00346735544020287,0.00830373018487139,0.0327713798720752,0.0707133309612906,0.0873713221068643,0.0787919939558317,0.111019606743701,0.146556073738895,0.139125932999229,0.0959373222472192,0.0573029595841341,0.0646038285385167,0.109256796264774,0.132935574785457,0.113288456563439,0.0928062329397459,0.103378715901299,0.123537472771108,0.128696035736326,0.133155144796648,0.123466578122352,0.0912400899069059,0.075052818844689,0.0601898985786371,0.0483233265775196,0.109086182636266,0.1306192110452,0.135704834692442,0.117633793601745,0.0955455274577337,0.0813033009950915,0.0770089259081572,0.0717516161644049,0.104216273767716,0.100241938576864,0.0461029525590097,0.040988624486748,0.0958669318882116,0.148209470409737,0.170967415092089,0.16888922709238,0.161291400818029,0.059826457141345,0.143403187500892,0.204763855833262,0.075820932825088,0.0691604285108619,0.0523360467498178,0.0431801075032498,0.0244383128919797,0.00620988408111727,0.0304199645089921,0.0420780598789504,0.0342980670859277,0.0405504919833732,0.235924237105933,0.122631281548784,0.242565196111941,0.242335778142232,0.159297964083154,0.135471442664675,0.189590850821349,0.151601335648071,0.123026362697732,0.122331528328491,0.161301612295698,0.164022881297735,0.142159241001388,0.124356697415117,0.1012095450101,0.0441808277487355,0.0709716894860123,0.105071377967895,0.1343337956709,0.136545992749803,0.10728115818732,0.0930774409628126,0.13728933451426,0.227054895560038,0.0543034785489277,0.372362160805383,0.353425694911108,0.197578655806953,0.0989334883873051,0.0693854076626751,0.0574953391986749,0.106408163146167,0.105859117659345,0.0464945613794584,0.0126667087279268,0.068628947539401,0.0971514583319296,0.0972128707197974,0.0811032203548906,0.0682719773564535,0.100019981637634,0.136171132124031,0.158973921359649,0.195531682971144,0.193982570384042,0.186792867915283,0.282774711716278,0.143537943842594,0.0773602136022939,0.149120124945434,0.0444932646178303,0.0963192859033568,0.121414173975182,0.078439578554147,0.0323947929166854,0.0932723156214778,0.0719508369134415,0.032860387123168,0.0285169649762596,0.0397816994373938,0.0231833343630788,0.0467905372901604,0.0150713773031604,0.0123131226589606,0.0193043854454707,0.0462534883448973,0.0376315421853933,0.0552667279889372,0.103632120626233,0.203536209574539,0.168059352042941,0.138719010600273,0.0455271554683108,0.0531445753804851,0.0628909667234986,0.0202548070955472,0.0966711892469931,0.157794422624145,0.424013948537629,0.248822271952064,0.260632286831268,0.403878206689612,0.16976564096363,0.370710465701442,0.365723549928577,0.333251080633325,0.151970124834187,0.137373881656571,0.0548129151883619,0.116429474709408,0.0860717600306681
0.00181905778725405,0.0053731973138844,0.00220531284210338,0.00310165021757955,0.000804955277581303,0.00501504913855419,0.0029428189479063,0.00100619075987147,0.000864910423199609,0.00106447453570355,0.000897123943268316,0.00050910803457392,0.000664569688972145,0.00121654598511263,0.00408737563855299,0.00815575983378336,0.00449219830235383,0.00494407243881271,0.0121834838495801,0.0141322373580558,0.0160833466509408,0.0174499818989279,0.0118232216854991,0.0088402379117715,0.0101317863812804,0.00994804035221329,0.00763060543358492,0.0118870938105202,0.0146868930266596,0.0139071239707475,0.0172376558003181,0.0154707760784556,0.00974312274051895,0.00902930134303733,0.00743827289490821,0.00766985179625585,0.0118714268864304,0.00876640051612579,0.0184626367599937,0.010418519481832,0.0149309777086338,0.0114520207645186,0.00749752275990987,0.00739845450770004,0.00756976277883669,0.00890446038955617,0.00738952321817213,0.00691301693139081,0.0043925276606729,0.00574233534667959,0.013627201983342,0.0149900264543562,0.0213035201072615,0.0145196675180788,0.0122189518356345,0.0210095787818777,0.00894139544577129,0.00256165119859942,0.00198463238528191,0.00123985673646242,0.00361847787212415,0.000964728497117913,0.00101156917692736,0.00245635486859104,0.00285772607558186,0.00431998874092905,0.00958059203535156,0.021975584958102,0.0130875072493541,0.0169418423908901,0.0146881135574783,0.00551959881118954,0.0197678102666875,0.0192633125337188,0.0079280056770776,0.0114508400863754,0.0230376661892415,0.0168119980826364,0.0118361521723969,0.00753118567137142,0.00751140446295424,0.00490257193120205,0.00449162973985907,0.00861773431609028,0.0117203959677454,0.0151971741702837,0.0109236033901031,0.00396330692184498,0.00275268456057862,0.00631062463881062,0.00726895046416816,0.0123408922463114,0.0261828741359031,0.0188590795846726,0.0203400730632739,0.00538495250116034,0.0125474257723748,0.00886103453504521,0.00909163621674648,0.00989985927044632,0.00540463719816463,0.00582130529271635,0.00924069699691757,0.00715121642574182,0.0074410151429518,0.0033422667794655,0.00452996888695956,0.00964488153459735,0.0105105883689033,0.0111729279571594,0.0124227888564614,0.0046763622383825,0.00744047173205967,0.0123553149164531,0.00540470481649766,0.00401988083664176,0.00739448220835568,0.00568164260105647,0.00482496603891862,0.00443037132186437,0.0027592275472822,0.00383233807770454,0.00460891249486448,0.00375545397906164,0.00182042386263188,0.00228044655009628,0.00268427131031414,0.00378947796842833,0.00212045809949546,0.000693237870480916,0.00102038422712559,0.002426633089548,0.00262598211548836,0.0013827042405855,0.00135886824035696,0.00331995324770683,0.00404358541604628,0.0134080001102556,0.00376939941925001,0.0088274180619438,0.00341062140728816,0.00239435188009208,0.00201510633214513,0.0045591037512868,0.013401961060451,0.0201069405372769,0.00659930780278747,0.0405069072476602,0.0227576927876076,0.00844365226108852,0.00382464345945693,0.0312464748655646,0.0130843462320729,0.0576761920336186,0.0171288154178245,0.0280795382097233,0.00220998063953279,0.00457930281483715
5.94115243300804e-05,0.000514177697325845,8.28609430426723e-05,3.1372944548806e-05,5.72423013581576e-05,9.16007768865026e-05,0.000299050101914631,0.000147220653073846,8.20928287868343e-05,9.848268295925e-05,4.04323837158982e-05,8.37830458453153e-05,0.000521590136582831,0.00112463307402329,0.00194497207026295,0.00213013398801048,0.00383027973527595,0.00190896223388188,0.00432576022099653,0.00354613183595474,0.002198836465152,0.00447282441731955,0.00509175943987264,0.00582547022772383,0.0114085539541036,0.0144592125832653,0.00949701725157921,0.00830526739476256,0.0057346571374029,0.00523755882033203,0.00724564134769618,0.0172296563813663,0.03252076654233,0.0247356761536925,0.00824765106972694,0.00938005422664297,0.0201953664155518,0.0309332530407949,0.0360140034652061,0.0119611222742734,0.00469920209403517,0.00954234871782624,0.0157179185246045,0.0118765090105325,0.00742159990730516,0.00392360286621371,0.00701681783212101,0.00486832643990551,0.00929548289459745,0.00574776766644962,0.0125716708214762,0.0129303625764613,0.00758018012045928,0.00288469807383135,0.00514230479283434,0.00256578181069171,0.00155002111457751,0.00130083264196497,0.000443453572757165,0.000744543840569615,0.000320073912464024,0.000913055396752737,0.000256548585456466,0.000321943610433136,0.0006489781547925,0.00144656314840689,0.00744342068529,0.0167622880790251,0.0201203571113628,0.0173122379400488,0.00646999177645036,0.0138438523385179,0.00461441849723859,0.00657234681776177,0.00744085047648926,0.0142415498719629,0.0126731371022931,0.0122591391050739,0.023499600787899,0.0154244762014917,0.012811342860376,0.0136952581479521,0.00532504336689897,0.000460941635440663,0.00145588529847147,0.000495253338552053,0.000763259705777953,0.00110395286073008,0.000828137435710804,0.0127749381431468,0.00244153544722976,0.00535098305339301,0.00644114033371241,0.0200655289952189,0.0124213180811448,0.0159454792682659,0.0034831327756323,0.00822973661040844,0.0100196178006769,0.00787079021207016,0.020040784382113,0.0127107469559594,0.0196569521170851,0.0109267100956124,0.0110188848285728,0.00533942446681413,0.00312663922940638,0.00353669246968064,0.00316757752630675,0.00945107001026877,0.00509289276445711,0.00488242873032292,0.00442395072751093,0.00304683561474302,0.016010480090973,0.00285812473248527,0.0130965151662902,0.0143473261254695,0.00749795594799535,0.00244399820508614,0.00284192591308733,0.00378921759634592,9.80900015717809e-05,0.00206401668804643,0.00110450847973247,0.000826302441998137,0.000392842415523347,0.00112692977020483,0.000192290027556584,0.000336528569424101,0.000234742577106652,0.000834645863703751,0.000755297475926371,0.00236760657851915,0.0066202316932857,0.022472701298986,0.00665472734829032,0.0034373743132675,0.00642748937234745,0.00670279829045933,0.00439580572661261,0.00414959141257763,0.00417130776826515,0.00140497191859075,0.00126547890216572,0.000650805359909022,0.00136803644708564,0.000877972939876946,0.00139054133202199,0.00104465271692606,0.0188536262691952,0.0023499587836033,0.00483317392097667,0.00337576417558447,0.00241200693669441,0.00375224469815264,0.000407768298167633,0.00360909501774168
5.64097393776601e-05,4.47599546968357e-05,3.23561096339368e-05,4.4710865362216e-05,5.98448671126533e-05,4.6700986230756e-05,0.000213627649366542,2.84108000946204e-05,4.63773664892278e-05,8.88934060743993e-05,0.000160593976814091,0.000472658429366227,0.000152339132992179,0.00157868915386454,0.00364259739633091,0.00362912876679828,0.00726992197726623,0.00335326314263747,0.00422474886735201,0.00214856571509649,0.00606536437092725,0.00482955937680567,0.00716577975010197,0.00611299303330751,0.00835913087923556,0.0101986966581088,0.00712078505009908,0.00806937563729929,0.0136159329392343,0.0132690593117858,0.00722949525390914,0.00354322554784905,0.00747114839441993,0.0105518600154841,0.0029517567585552,0.00494700628139452,0.0102883360273997,0.0193471884079907,0.0035328634494681,0.00831416945358021,0.0103877282215761,0.00201140975022607,0.00237309448134281,0.00543014196680297,0.00205942239521552,0.00547810120544192,0.00616113061969852,0.0031536694851218,0.00179704976177255,0.00487583917447357,0.00391562071469324,0.00451691485701616,0.00211145234175529,0.00175184670751371,0.002120866572559,0.00207331692041834,0.000888424577057499,0.00106716960174913,0.000345659188909734,0.00111547308494327,0.000707752028437361,0.000125035523301529,0.000155924926913801,0.000217640263202705,0.000230577356662677,0.000842968705709759,0.00454859272632272,0.00710994111538183,0.0601586651057239,0.00435324089987511,0.0071708888399571,0.00772301535433109,0.0123721398970064,0.00547066341679862,0.0141122391356022,0.00974039053873598,0.00345094294476405,0.00277558783570995,0.00564340018260386,0.00648088805332648,0.00239583801499919,0.00664501720559967,0.00190884795075403,0.000981755369980136,0.00118485590884618,0.00106575112579463,0.000705516182002784,0.000387896125199886,0.00052382248352803,0.00081686247004708,0.00232922909352971,0.00275095322746538,0.0081327538225765,0.00665795027065661,0.00755780857317778,0.00332497254878113,0.00467241113270809,0.0200847823635734,0.0107550156150518,0.0169800846722657,0.00972695018037887,0.00816103936594333,0.0112887827705704,0.012239915304233,0.00553163955950807,0.00225735430138805,0.00720178850500927,0.00234634372139428,0.00415871731066801,0.00419155957101533,0.0114174359057483,0.00332948696133605,0.00591161811981345,0.000910181314567289,0.00175750037238641,0.00154802655400257,0.00150474868237661,0.00213636618732398,0.00201383285789408,0.000585992302416864,0.000531164083170273,0.000728349459316703,0.000581398898214986,0.000340899431350646,0.000259281283939235,0.000291219264638548,0.000110150322230562,7.08388916258268e-05,9.72544265880601e-05,0.0002320845853447,0.000166092066931604,0.000274270080839675,0.00111462012744803,0.00199108865902958,0.0029094080829597,0.00275061735430967,0.00836981506316206,0.00589768392253414,0.00250555413047,0.00141044450420732,0.00227454855566158,0.00823562544389836,0.00213351974337082,0.00106206426066086,0.00176185596704726,0.00192362659818134,0.00126433943212207,0.00102873589052982,0.00417199029569929,0.00103321616676207,0.00811206424335961,0.00255663189728666,0.0119278707367267,0.00344899778616118,0.00120023147643372,0.00114977228443152,0.00185440968142553,0.00234590277781271
3.18584760046883e-05,5.64749453768009e-05,2.0741056864344e-05,5.61794995910527e-05,6.73464693760032e-05,8.85286466860936e-05,1.78963094038763e-05,6.53320522704969e-05,0.000137070989750252,4.85574857585402e-05,2.62200529389177e-05,0.000296140110611496,0.000125695193671455,0.000992615182919899,0.00226732753797029,0.00471810312594947,0.00938016925091951,0.00791021854071451,0.00498317463723862,0.0167519670597335,0.00897730242513097,0.00353787658412723,0.00212399263489542,0.00204479798961409,0.00327781232978195,0.0082729350920233,0.0289672006423198,0.0135294588115543,0.0147288466573429,0.0120887677629101,0.011926416761357,0.0156494264297682,0.0177229972652083,0.0110538090755237,0.00654791731908752,0.0158558227901588,0.0047511825559261,0.00929225762033228,0.00624809906061624,0.0135914029252876,0.0091266849985468,0.0037603163042563,0.00458088008259277,0.00274576849280182,0.00309960323779749,0.0079490889932229,0.00430666447085014,0.00588956581356727,0.00462237564192397,0.00255196252115276,0.00377721771704737,0.00318314052478584,0.00224674636593894,0.00113975217413022,0.00138439461269728,0.000552187899232853,0.000626679955352064,0.0020168525089369,0.000807821903491716,0.000253700198492845,0.000411484550472501,0.000121961276956561,9.17944685546417e-05,0.000302914231392929,0.000175799411321811,0.00100861397340542,0.0129807906056918,0.00681072127247213,0.0344829658769697,0.0117359894531427,0.0106173249026946,0.01402122485369,0.0110221772936734,0.0084704588425238,0.00947023897548451,0.0120152534190621,0.00851268915058232,0.0147036953623693,0.00816916679912271,0.00550204174162204,0.00745426645753789,0.00339039577100872,0.002940189587034,0.00308585415265734,0.00107603171357049,0.0016894684736883,0.00134660803853022,0.000543980139541317,0.00094985026925662,0.00237195566083486,0.00204206760327777,0.0040588945514934,0.0194896288883938,0.0162814521429209,0.0103140557306603,0.011890852129857,0.0098024720975878,0.0143986788664235,0.0131905756054955,0.0108991489554183,0.0175802117183587,0.019547035596734,0.00525272018821764,0.00682945482910661,0.00485610504758492,0.00326955384380193,0.0028530718115023,0.00219486205685668,0.00305015537103834,0.00349480599844384,0.00221085333987948,0.00290591343456356,0.00413434184950408,0.00131792657282719,0.000978886305540285,0.00429073795447815,0.00114943688804096,0.00165250625561533,0.00106786379719199,0.00131615791414577,0.000815950216437862,0.00112922945732876,0.000312400507378034,0.000362674031542046,0.000128325020523053,0.000168787818961694,0.00020171022791119,0.000199544503172015,0.00015608073695515,0.000115701833300176,0.000437335389766907,0.000243661162676669,0.00101909392606945,0.000965646433636738,0.00167188846523542,0.000438210455478627,0.000401615026104031,0.000743555215341505,0.00143873631561195,0.00255577712751825,0.00487609778145149,0.00235678877852363,0.00304423094614752,0.000657584306082728,0.00191704151943006,0.000798640408447725,0.000421542063851653,0.000284542428952822,0.000374561271678435,0.00150099946568049,0.00371500174474735,0.00138675563377531,0.00123967389173633,0.00911493206661034,0.00112366335274958,0.00112659450528993,0.000829536144838285,0.001260792072963
4.25654208478303e-05,6.49820884578462e-05,5.06346906506662e-05,2.59666045253461e-05,5.09181718717008e-05,3.05319332799488e-05,3.87904078129256e-05,7.28042953491534e-05,1.85316895328907e-05,4.82919296464253e-05,0.000231510772231045,0.000156629879911614,0.000177372309921922,0.000861917973152296,0.00138365699810999,0.00362301938707153,0.00394125809936321,0.00335777570259492,0.00258530449720138,0.00414892518091649,0.00259229755480817,0.00239239689110494,0.00368071384045302,0.0034598142392915,0.00382492302075027,0.00418757143090044,0.00633931540416056,0.0102627617848992,0.00483939942109537,0.00934973738229848,0.0345155291276367,0.0655354067959387,0.0749719326607957,0.0452722695676602,0.0392303012817991,0.0104287436616462,0.0314672735592771,0.0215018613812572,0.0323994086655513,0.0185594232539734,0.0127438236484598,0.00856510106671931,0.00936134993254233,0.00707778812379399,0.00714750928631021,0.00274748132343404,0.00241043486858254,0.00368949788071701,0.00214904705807388,0.00182236879167291,0.0057273928160777,0.00268044484827714,0.00239875500851351,0.000964010810689819,0.00138549542192165,0.000605793458747628,0.000519029213266673,0.00025106689022788,0.000306775810847655,0.000235105853411236,7.94576916202042e-05,0.000173323559766951,0.000239485284291577,0.000434483122492174,0.000169889481381444,0.000274104170199767,0.00369574484305837,0.015949640295948,0.00480762405710506,0.0225527285332676,0.00654330924995094,0.00814887088914865,0.0111328951831695,0.00911059863149591,0.0193035136522169,0.0201703631102872,0.0503673010706955,0.0561937724622053,0.0222743847942027,0.00332328566402209,0.0044032215403666,0.00653919665449487,0.00353672477681691,0.00275382612879724,0.0066022714195951,0.0052310852803038,0.00220290675043507,0.000860525496973031,0.00156872493073269,0.00156352753522157,0.00304278090632083,0.00308116944633333,0.00722752220335431,0.0380436613546851,0.015968366259955,0.0269145541955258,0.00622934865742313,0.00660672272992389,0.0127083246722121,0.0179009866100775,0.018739385139126,0.0173722907685076,0.0068466044032478,0.0342051825503982,0.0156099250695296,0.00912498709338806,0.00903247319534392,0.0164072628165179,0.00404748538711127,0.0222354297395565,0.017180212650022,0.00331524137218775,0.0022633878470132,0.00224630037432226,0.00192627674562134,0.00114253440355654,0.000854716768722381,0.00471996898500141,0.00756736390279762,0.00110310224263133,0.000870594065925236,0.000170733982214942,7.25982314359507e-05,0.000105679464020314,0.000137258133681765,0.000102957659865654,8.56931195508338e-05,4.36673054606079e-05,0.000116927550033244,0.000162167095809008,0.000131767545773009,0.000158533636953305,0.000588161743785348,0.00126223792638439,0.00161082619319952,0.00177476620251148,0.00151828247299526,0.00176384075380695,0.000511523695927671,0.000559220579154988,0.00117352600874518,0.00301490913163755,0.000928108293352643,0.000620710319433881,0.00061887505989514,0.00114319971841472,0.000397475195178753,0.000495755468606663,0.00021355411575223,0.000486350327699207,0.000915459806328558,0.00095027948218977,0.00122382339242512,0.000699924265563216,0.000708957443462863,0.000827008250524157,0.0021004577328155,0.000295913028342142
4.85869609849564e-05,0.000102619318741142,2.84752129439939e-05,0.000172099720669042,4.11981190332839e-05,0.000102492033873824,1.71858519749094e-05,9.6581443561864e-05,8.52155156358026e-05,6.13844496396682e-05,0.000110801344069248,0.000109160202077143,0.000106106279072605,0.00221310317855134,0.00794164272465386,0.00896568565465742,0.0138244626475876,0.0148044044253581,0.00160497305193707,0.00663921858180595,0.00290559880720764,0.00483483467613198,0.00223753653130994,0.00162699923944358,0.00783718934392357,0.00137706175078918,0.0025507027190312,0.00869456415023739,0.0111535089212102,0.00891105346325789,0.0339230166927963,0.0368204554183881,0.0151670406643576,0.0134899177460216,0.00662503209231386,0.00538665930788268,0.00240341551232475,0.0058857940956798,0.0125172416320342,0.00930334726462267,0.00438631861045273,0.014653740034163,0.00460590866744947,0.00268773753277516,0.00324486063076915,0.00740548743421827,0.00318530470895713,0.00366500048991369,0.00190237591372045,0.0013101334344457,0.00717122883549756,0.00184304126808479,0.001296750416038,0.00333729807751506,0.00147846607324956,0.000285134923125563,0.00107623284942418,0.000779618157300406,0.000335298747315467,0.000278517129611419,9.31519125903125e-05,5.45522639799708e-05,0.000174418432805116,0.000196516946681584,0.000412995473075525,0.0007271365317044,0.0069971091640339,0.0137442998796143,0.025845249993514,0.0084495142508063,0.0200145981293913,0.0432851463757808,0.0144906081636233,0.0124956799682984,0.0249572122120572,0.039822090030945,0.0286394249800788,0.00940313373027915,0.00633360969605178,0.00564400975432228,0.00358109868598501,0.00443437110594652,0.00451938411371117,0.00291356796354884,0.0040463666922015,0.00202904038723718,0.00108749682639702,0.00129495193803309,0.0013248601768013,0.000945882831989951,0.00328857677757524,0.0049695128886005,0.00686745072243031,0.0065948529958011,0.0166995984477489,0.00740498422751123,0.00876585024866025,0.0268231477127456,0.0454356192370824,0.0520649344630915,0.0564128324838872,0.00920372186211671,0.0044055363649093,0.00781775353278816,0.00770328859299237,0.00320394164539472,0.00214584873452429,0.00217920837099929,0.00393179774692532,0.00374505178880237,0.00298793134619432,0.00232060097282904,0.00382669733763,0.0032685052789517,0.00318739974575231,0.000932046955410223,0.00178413649088029,0.00108740325994014,0.00193606672609923,0.000534296999466335,0.000488860714180904,0.000702721053426468,0.000123356101248453,0.000171837325832975,0.00013409559980713,0.000176455260955946,0.000330388729079197,9.32016335343224e-05,4.05917298876571e-05,0.000156892968946937,0.000125889302435887,9.38318804519809e-05,0.000842990136614765,0.000861311898090081,0.000178455683182909,0.000667938015226103,0.0013519455847931,0.00244327485206637,0.00123290769570317,0.000832277256255992,0.00180813600303721,0.000413399677601224,0.000842927352842984,0.000493834998090633,0.000742191353914171,0.000348866779790881,0.000405050523638915,0.000129980600818874,0.000191398969653843,0.000819654466766371,0.00125003232430066,0.000615198775533917,0.00147039183177846,0.000727533009885054,0.00198125277164909,0.00162380789852186,0.00131769606504316,0.00134894747656783
6.2455420823148e-05,0.000145842740605941,0.000189886728994817,5.4681280609648e-05,8.38042889701252e-05,3.7900788616067e-05,7.46512773574273e-05,5.09594540792439e-05,7.75903477632214e-05,6.78014231484134e-05,0.000116871353793858,6.80816051178625e-05,6.2725875018358e-05,0.00023855312172796,0.000860645273577111,0.000878119641793388,0.000394528636090038,0.00174898173863756,0.00130270200171761,0.00229251583729782,0.000861641619977917,0.000759612897786541,0.000970451832537384,0.00172505879907024,0.00507551843100855,0.00383749375538643,0.0027283336406781,0.00227142075734128,0.00782124160992481,0.0047185512306466,0.00526287043335381,0.00696863702145517,0.0048637970520221,0.00472088706364455,0.00357725711322259,0.00336903488776954,0.00750708441465756,0.00313758066833061,0.00564849607051261,0.00192379487780346,0.00483529858177216,0.00193184772463668,0.0017979019480908,0.00140095816964929,0.00124913900520758,0.00124256082003422,0.00086967279068315,0.00615853643965121,0.00117164979377308,0.00221533872240434,0.00358810072373183,0.00380955607748415,0.00305033018864834,0.00107525397226512,0.00148648204752263,0.00134498127515777,0.00052103089638592,0.000754514927308104,0.000237811954737957,0.000348537606006462,0.00011066859508634,7.42964482923511e-05,0.000248774914514288,0.000484036123254339,0.000237116086658684,0.00072480809520069,0.00849149976263589,0.00718877780003632,0.0176875335494323,0.00698722915461464,0.0171869830126052,0.00959908191842897,0.00679355899723135,0.0100571497015013,0.00934555945938987,0.0104790381730643,0.0068033301123547,0.0041199812913258,0.00494306347327945,0.00905120825063007,0.0184684217598454,0.00850379447242493,0.0105635868310154,0.00990941109495121,0.00516517662485655,0.00127182628081234,0.0015187393681803,0.00111266749019777,0.000540875490495177,0.00360704447150049,0.00441156046383284,0.00680237762438953,0.0165836258692871,0.00679174466686033,0.00594017807746526,0.00627870542153686,0.00947051403180965,0.0066025745887051,0.00779133880296337,0.00798609420230169,0.00299287244365806,0.0145084420418696,0.0204950900231747,0.0149960759322399,0.00641105773950589,0.00278370264936226,0.0106501630771118,0.00442048359484123,0.00412219051469127,0.00608373774166806,0.00178131951858534,0.00152771109339,0.00178518500673238,0.00102629834318195,0.000331324474473155,0.00120675543683886,0.000445220650854142,0.00106742930874039,0.000255604436443065,0.000507654033735539,0.000446462112088046,0.000455993387242459,0.000165169967091346,0.000129115651472741,0.000496826962869859,0.000187323035851231,9.11798506968682e-05,9.86921508186095e-05,9.20694225246195e-05,0.0001985996037623,0.000101232068356859,0.000228397138666952,0.000153965497428093,0.000841340580614678,0.000468215103942768,0.000657801579971031,0.00218329232826008,0.00196734876800222,0.00240405999730008,0.00152982436352586,0.00186476327542513,0.000791465057807821,0.00221132214519299,0.000706319905540048,0.000419616855117725,0.00090162604025839,0.000371646758819807,0.000923451796052575,0.000285210768960394,0.000589053631201603,0.000846931492745239,0.00131276923865377,0.000750896138344641,0.00146433596260023,0.00111387064312587,0.00139707309773038,0.000404521690043628,0.000404654850640806
4.70065485292221e-05,5.600521682045e-05,0.000103189960695384,0.000109072869787272,0.000167099512766399,0.000252925451410558,4.52717385236539e-05,9.81999027482383e-05,0.000154667685271403,7.93473207839725e-05,0.000125132753483713,8.11682151145478e-05,0.000255839966081203,0.000682935135643339,0.00145696764464001,0.00172417775862356,0.00367408771055205,0.00116889850777959,0.000507378803271846,0.00147501604944624,0.000567461185384109,0.000266862219253014,0.000625062055162212,0.000299838255599182,0.000567311288187883,0.00028654741526267,0.000892430146109858,0.00292665901461508,0.00207881221881814,0.00129340894903421,0.00380283319396571,0.00397261760279566,0.00434851102528854,0.00514336285835071,0.00743751738201909,0.0029520454845985,0.00229809938702673,0.00187269613927319,0.00330446476663275,0.00083078175133628,0.00190363236320021,0.000587695488363826,0.000641960679783479,0.00255299471910303,0.00034936751154077,0.00125268815760971,0.00225957650137345,0.000550832348503066,0.00031463158411873,0.00126460760154505,0.00602950386004867,0.00428825090235035,0.00406706675027853,0.00292993719059698,0.000936328120080263,0.000313385004796698,0.000458283107508135,0.00229498264898146,0.000863602212270155,0.000498781887103812,0.000142049382231904,5.38077483697053e-05,0.00016914241838214,0.00041044211303691,0.000310901472354393,0.0003894148876041,0.00306621240381157,0.00400290182938316,0.00370982035664137,0.00355488647512935,0.00307511327987493,0.00284859892550577,0.00496258907566185,0.00440543411509492,0.00382102270168922,0.00419081857897403,0.00677097591255658,0.00576159771587564,0.00308323462208294,0.00396396818942258,0.00262666508424483,0.00206058287857851,0.00144735968724638,0.000401072842759908,0.000235890058874092,0.00212030321560319,0.00150475566889436,0.000423900227833102,0.00047141238724267,0.00135774841302438,0.0014359400630241,0.00171318725151318,0.00288705161331573,0.00298165217792447,0.00473642931443126,0.0026509495340967,0.00266123374185785,0.00369933037055128,0.00939989038297909,0.00990329483531277,0.00393416042039703,0.00497193472985621,0.00451669471643623,0.00624336632644956,0.00246073082004687,0.000962448612722272,0.00144066208960562,0.0017549347344239,0.00245917606008994,0.00251560872408922,0.000786161093875781,0.00237700246749826,0.0019918489774037,0.000774903911287333,0.000632375849109124,0.000608669694627494,0.000888804923322912,0.000541587035005004,0.000483929417313159,0.00061313499915724,0.000209298343791128,0.000151201691420918,0.000248506179982956,0.000451383097379172,0.000100999960114619,0.00018481641833689,0.00023677216103075,7.98031339900565e-05,0.0001198318795012,7.95238178709764e-05,0.000321171894313132,8.64986463343253e-05,0.000208731396141339,0.000649561779627163,0.000780410845106862,0.000436359451487174,0.00136342112071086,0.00438421616201331,0.00158698144614851,0.000774730761681134,0.000637708443742015,0.00218421910676698,0.000661855813987015,0.000655984718125652,0.000851145264626187,0.000419571327507406,0.000273549342973155,0.000265917090596436,0.000242599423693742,0.000326225864076694,0.000965712671162695,0.000715478622885817,0.0019911131589747,0.00100931992571112,0.00113680824564551,0.00073411438854387,0.000720442543529299,0.000712115940893961
0.000273781701193298,0.000256151813152827,0.000203999249019495,0.000313878125435021,0.000397500186266072,0.000407233866916849,0.000381284031509723,0.000142627185251034,0.00011422584970618,5.58319091020054e-05,0.000114342934967017,6.44766043598584e-05,0.000132939527397659,0.000201882991265663,0.000393010976328063,0.000186068490965314,0.000870680606529466,0.000366080351352041,0.000199981301086886,0.000179127077601501,0.000292314177595913,0.000115410093722551,0.000348906824857219,5.82397156246305e-05,0.000168831563306553,0.000182969741750512,0.000291390291872161,0.00045838849548109,0.00122084362717736,0.000942066477029824,0.000290870262657473,0.000786616449151618,0.00184718300651682,0.00171480492231233,0.00265650637011953,0.00176951080354592,0.00094832760777162,0.00219634615092836,0.00131009904026093,0.000264634055374945,0.00190073616025259,0.00238032653953767,0.00072414942496156,0.000545267973015356,0.00101438304142719,0.000177472083666636,0.00059216822392937,0.0019600209244989,0.00147296603195708,0.0028046034867074,0.00315215297894935,0.0081155855367798,0.00140854005042354,0.00151530690097639,0.0010482040063096,0.00120119707399649,0.000478148749627032,0.000604349423917051,0.000118041724188204,0.000404928887527586,0.000338042571924079,0.000106665047290469,0.000352221405644472,0.000435077589712509,0.000274349607476532,0.000319947065872025,0.00250101181257213,0.00220277584946517,0.00270079845454768,0.0125132597173036,0.00754130737263233,0.00385893323604289,0.0033455104060082,0.00508864597619403,0.00620077004089155,0.00325734044196696,0.00241467731977376,0.00295674275210331,0.00434574676838366,0.00332614841020016,0.00310605945001284,0.00189992359234965,0.00116583062354106,0.00138171315544284,0.00214681744361789,0.00117426308216785,0.000450040428936193,0.00080010100042728,0.000633252282295264,0.000970150058243506,0.000382985299350136,0.000850411452205987,0.0052942570911621,0.00181567174601986,0.00359761573821097,0.00380876751856877,0.00293287598682313,0.0026045854609394,0.00406163901210106,0.00167052165131544,0.00294602027010523,0.00169052560055641,0.000685116200437029,0.00197621717204727,0.00237716022939589,0.000765584284434347,0.000515850877022851,0.000561295700519246,0.000453174501623434,0.00103581418346404,0.000220878716900368,0.000735805504567582,0.000318079993511612,0.00026020136090957,0.000242400346387982,0.000154188361210574,0.000229014068353176,0.000218073971223214,0.000238308280444969,0.00012860645911751,0.000388709436450667,0.000219558097645814,0.00020339282033701,0.000217371349442993,0.000290590293541525,0.000180471662468527,3.78498641062237e-05,8.67386299606024e-05,8.08266572369605e-05,3.00393587085936e-05,8.19515796165762e-05,0.000432476778970999,0.000820582634387837,0.000484403134571039,0.000174313632910635,0.000654389965506906,0.000161737605199732,0.000546991478714245,0.000713919819796264,0.00123512381542722,0.000332703056661053,0.000515538150817688,0.000556600925394237,0.00283393072094318,0.000879154983029763,0.000449445945486816,0.000144535250959215,0.000332325657334778,0.000299467132453629,0.000751947332259127,0.000658864335071621,0.000515444062307279,0.00122380143101847,0.00203170221242867,0.0022624210041179,0.00098971123493144,0.000898540904883317,0.00130954827035047
5.83982116263781e-05,0.000318039032941327,0.00010026197281104,0.000196978446070082,0.000401569587643095,0.000178599583816159,0.000211843590595342,0.000240442073767548,5.11250440943726e-05,8.24252443058481e-05,0.00017260440059745,0.00016156007163105,0.000231638887995013,0.000515676475853113,0.000199520420544643,9.05523937019455e-05,0.000286388266301254,0.000336629715592192,0.000229582492772014,0.00024890684327149,5.31805765199713e-05,5.44833191931201e-05,6.91118629788986e-05,0.000266847060952334,0.000378676852571214,0.000236574173220573,0.000218584424885886,4.13752548914799e-05,0.000112486028116698,0.000149173934189241,0.000267972094544316,0.000191905824672447,0.000612252724213006,0.000322725564431628,0.0004404490639442,0.000401433763651116,0.000279291861982877,0.00045901531342703,0.000214005719811164,0.000161328282195112,0.000255277812008671,0.000330901914290095,0.000134230522772755,0.00036425141015607,0.000558988457523291,0.000122965337608099,0.000208946263201856,0.000266578782998179,0.00225671530986774,0.00381537418831175,0.00183852654352654,0.00220234476942491,0.00498491579230911,0.00274013246736753,0.00190404960599343,0.00153264920694153,0.00050734061637418,0.00124818300528326,0.000831908754426945,0.00014301534727758,0.000206481789930164,0.000336240743170228,0.000347008922942134,0.000166633175814342,0.000465818893828133,0.00101373747063437,0.000902969977231303,0.000795711493495509,0.00144312892469359,0.00248711691509051,0.00123667754051686,0.00120652098476553,0.00108752369177095,0.000763355779130787,0.000457046620657968,0.000434797476324125,0.00052926450022024,0.00143416160889679,0.000700872382452047,0.000581940209349163,0.000386124025075038,0.000405384891256392,0.000332600679023304,0.000419039650200709,0.000195755077404834,0.000301450867742167,0.00048542381214931,0.00033296569547716,0.000194722231221786,0.000845807370069592,0.00129897281178801,0.000786886132712106,0.00225674298806762,0.00112600576409379,0.00151541239984346,0.0022441517889031,0.00104173931117012,0.000761031716275963,0.0015496297125555,0.000102077142637175,0.00123199792032154,0.00058869592574002,0.000840339754311522,0.000624215558665478,0.000744190596446637,0.00030391092426517,0.000564114655122059,0.000284377176004352,0.00025145021231879,0.000236431706423161,0.000254731242629547,0.000198404774510265,6.98252626080225e-05,0.000118523581411329,0.000175015976853285,0.000148625777849851,0.000214918942087133,0.000207427828307886,0.000139511769912427,0.000112943497030978,3.04499991500374e-05,0.000135390192631795,5.15641454056355e-05,0.000252963974728979,6.36494132245126e-05,0.0001516500929626,0.000233138824103119,9.50490705051055e-05,0.000171391966909779,7.52032184011199e-05,0.000140960302364244,0.00071556470387958,0.00022872524497665,0.000710205906851002,0.000631121282553488,0.000903218680096068,0.00164296571609347,0.00109832847396306,0.000504975155281119,0.000829869408723054,0.000530541292875724,0.000750848719034534,0.00148372882278704,0.00067137850838511,0.000422451736267329,0.000553613479251577,0.000254932467069118,0.000517942152202538,0.000802028851954063,0.000331112785957569,0.000645628354520724,0.000383075913885005,0.000946298742056072,0.000741690453215049,0.00080483668233075,0.000295986983408336,0.00043932438150851,0.000639335297407508
0.00028923344144175,0.000101239939718125,0.000187855530958298,0.000155543899423263,0.000186140305753455,0.000235873177111448,0.00012656735696011,0.000152981251789309,0.000326157080868395,0.000185777549338416,0.000187182179960248,0.000193062653127235,0.000124735575583636,0.000237804929575546,0.000135840135541633,8.96872556484702e-05,7.54426932762531e-05,0.000243872692134207,6.59917861781185e-05,0.000209249121135149,0.000142534678718977,0.000307526389769908,9.16318279486814e-05,0.000115717898771913,0.000191511321087699,8.45411569592624e-05,0.000195140619988896,3.6724725639013e-05,9.79029469495061e-05,0.000121602346221281,0.000314781298083338,0.000565799947514355,0.00110235401608269,0.000469948483893393,0.000478343113215472,0.000845776180970241,0.000990792075354952,0.000549276665964379,0.00052675808008038,0.000269592558256186,0.000111559108648799,0.000621653810760356,0.000402049491443693,0.000361678151911256,0.000168983364748037,0.000866285256731208,0.00030971202868667,0.000384487914092753,0.000616226324011944,0.000746204669876514,0.00321813985275436,0.00179773383919054,0.00339134232354047,0.00322272398729469,0.00267676635558121,0.0013173591335251,0.000682121383942116,0.000389829599635374,0.000832962354873268,0.000451682824474175,0.000931104847135234,0.000194264900229175,0.000396240085013904,0.000123118106531098,0.000611642649628889,0.00050940032816715,0.000565455882453417,0.00193991001278014,0.00122410557888847,0.000860859244762654,0.00147236824655728,0.00247302340113407,0.000422689629261461,0.000645123301378194,0.000288628031147573,0.000759826049731915,0.00135136995124397,0.000961685047298651,0.000736313788367615,0.000937354675036184,0.00052923497837395,0.000728625250971201,0.000722227101965305,0.000571017890830154,0.000139099513520609,9.39379702434103e-05,0.000182831542705966,0.00020355603133941,0.000163377173888664,0.000606415463260481,0.000806860447903173,0.000623195525162926,0.00151009437984694,0.0011902148125052,0.00148465607669059,0.000779465137456189,0.000933594362890987,0.000752341617125341,0.00139005438048489,0.00185649081817157,0.00150329265291289,0.000524855699132363,0.000636936184177984,0.000738398353141961,0.000508329184555195,0.000311300183523,0.000262649089134411,0.000166972457776503,0.00038666108583895,0.000486605393019103,0.000372020526338299,8.94322912784966e-05,0.000168844172072429,0.000104269479406974,0.000125695687253674,0.000379514249552194,4.89728971008302e-05,0.000124648592616254,0.000130884360809755,0.000179398679946312,0.000245370454100661,0.000129855768484243,0.00014137350287372,0.000426853725562836,0.000153281417008229,0.000221219911465635,0.000148075952646401,0.000371015171855835,0.00013729670156345,0.000125703091703663,0.000275577737252454,0.000249944306761729,0.000268848893841434,0.000101663331465441,0.000109587232428193,0.000259420166920133,0.000277220841216263,0.000423514060074499,0.00113213334215277,0.000644850296818591,0.0014884099754965,0.00023965335761776,0.000908998686024867,0.0012832583991102,0.00039138023488925,0.000327284533233489,0.000565379509802447,0.000272710367707096,0.000214956203525617,0.00031400421872278,0.000653522577050316,0.000951849956768431,0.00177987787779691,0.00167643349147188,0.000964297950814483,0.00084240034875597,0.00109383600322342,0.000281194576533738
0.00018764727012656,0.000396649806850413,0.000495706522309834,0.000272625116974632,9.16786818836572e-05,0.000249760375031432,9.97041189208711e-05,5.90270459934488e-05,0.000184190054976024,0.000226994654469746,0.000104696024679138,0.00023905700139256,0.000239011426839426,0.000286261265071951,0.000663420869934919,0.000219413490101616,0.00053051018828298,0.000384546316982794,0.000605714806045475,0.000453117814564227,0.000144203628299346,0.000105686019298694,0.000235054404843243,0.000275348154659851,0.000422219084715658,0.000330813705373225,0.000593541201667445,0.00032915989041535,0.000430149677467537,0.000178041965583194,0.000706864383788764,0.00314265192412305,0.000677745394392966,0.0014103716652232,0.0018751924687418,0.00226617881251325,0.000811534456339544,0.00207394139699398,0.000389542083623832,0.000740868395022557,0.000621748454828884,0.000266416789615375,0.000390861621498709,0.000758085734436769,0.00018540849838165,0.000355333188631145,0.000406592398413834,0.00024343143903494,0.000294788737940151,0.00130297724611922,0.00236294093244374,0.009120851028508,0.00635526492735797,0.00199370538059921,0.000263799314732905,0.000667301852905757,0.000633453395726776,0.00156285800827147,0.00108454289643546,0.000689877397099076,0.00063977875439244,0.000505058434059333,8.00101247473981e-05,0.000483171972782119,0.000346596883275572,0.0007304017358335,0.00328391089571455,0.00636396001086887,0.00265992264485299,0.00351415339340267,0.00219627852058268,0.00407732216860171,0.00289446516688822,0.0036969627853308,0.00274795572641909,0.00318903550956321,0.00488192229282172,0.00237417666239759,0.00176790245724563,0.000781803010909158,0.000843673575044355,0.00117709713332534,0.00070863749652182,0.000237716747402305,0.000239609307187313,0.000324111260019531,0.000342041108227516,0.000328394301570743,0.000555907539722831,0.000733921971440142,0.00155836696494828,0.00156877483152089,0.000532763765911666,0.00100050233644272,0.00160774020197953,0.0018690564728151,0.0013292072824319,0.00295900982663199,0.00338690513331714,0.00438018011296461,0.000453249048500656,0.000504525563804407,0.0015088059643047,0.000742745483013805,0.00148989666336099,0.000499424642380815,0.000343861236844417,0.000262511112917401,0.000163099093599392,0.000521586789275605,0.000225177340298491,0.000411116414750838,0.000170093345540812,0.000152336657072401,0.000208105121339117,0.000161078410455348,0.000233768025326109,0.000317769142381807,0.000209029863900821,0.000149032947454169,0.000174689988301342,9.40653661593471e-05,3.49955727720263e-05,0.000122496630311389,0.000281810574654771,6.98207119889251e-05,0.000176273606636933,0.000201637654632746,0.000242367002053455,0.000115162476865585,0.000217156064182701,0.000198824668990021,0.000186763677505009,0.000114573028381646,0.000493274436354624,0.000222506665426579,0.00015818846675648,0.000466044480739961,0.000316147477040878,0.000481195841140553,0.000361666538116786,0.000452919122785849,0.000299981808665465,0.000539563607145963,0.000151046664562662,0.000451842550285403,0.00036989640851934,0.000729687276103636,0.000422311814760381,0.000370004401315456,0.000329707551903081,0.00126237927406177,0.000529662927031878,0.00100510308972929,0.000394188308687362,0.000187314084253353,0.000212384438533493,0.000700817142849814
0.000178919643409505,0.00013334601614022,0.00011233564062681,0.000363594325532297,0.000206105826172007,0.00031699951201893,0.000168576570086266,0.000341708054455597,0.000280913847493237,9.29362624089686e-05,0.000529749605206863,0.000259808473850015,0.00039010334975488,0.000364116562925376,0.000121229222786279,0.000380535435727586,0.000875538844943157,0.00028425930704235,0.000435496603811419,0.000623913466736214,0.000838951329415195,0.000409079732074398,0.000638114209773512,0.000712734572046812,0.000730007678382161,0.00226278448515381,0.00129889263156379,0.000600995559607683,0.0038597218032546,0.00534081436990364,0.00578488669452178,0.00943866628087229,0.00311928235515724,0.0169132496046169,0.00557481258022505,0.00277902584220584,0.00244634930315454,0.00928614775098819,0.0035571416277196,0.00401888472943925,0.000885307439970246,0.00120558485944608,0.00128798807390227,0.000849059288516878,0.000374647261155682,0.000363817077038643,9.92606437847753e-05,0.000662170101881044,0.000668284025667336,0.000711837094601331,0.00121639154833193,0.00067575585030515,0.00132972071647659,0.000805739237698616,0.000758071764647197,0.000502273638658766,0.0012237006266568,0.000874520653342493,0.000630483888782096,0.000326185431658514,0.000288632864952853,0.000666574985233943,0.000218658658732621,0.000957879536382578,0.000842709052161177,0.00125280734119199,0.0027395373854153,0.00519848342855487,0.00748387312422545,0.00646750788526895,0.0299164045367011,0.0100044244585847,0.00291196078086928,0.00755301529946254,0.00664475343175243,0.00218992556088009,0.00715171394614158,0.0100505279985785,0.0108930845495966,0.00654428299384968,0.00760707218485861,0.00290705506427122,0.00739960449962714,0.00158011691272603,0.00234735510037776,0.000961340265487609,0.00152111050993146,0.000930867233140607,0.00230599791763977,0.00201397655189293,0.00352555015509468,0.00791811543898277,0.00329883529070456,0.00640040615132864,0.00746162989977149,0.00577148310048575,0.00958498059769377,0.00505369415847146,0.00293126999200212,0.00562684666265933,0.00274548993168378,0.00585084255320287,0.00167161135868602,0.002924836267676,0.00257112483328841,0.00153620809202864,0.00134031191686197,0.000376533034758205,0.00203997166241038,0.000372088277100814,0.000766828663907597,0.000398537734051187,0.000364310294145087,0.000202245037775773,0.000298850784920127,0.000106577472129305,0.000184715614474046,0.000182076249008713,0.000194006302327048,0.000231661401848572,8.09482698210662e-05,0.000289411162300764,0.000291323476930639,0.000104425525400738,0.00016682977684534,0.000310199862335672,0.000255357732606325,0.000189482790322854,0.000296536213200588,0.000258513848241482,0.000176815227578947,0.00040053286594971,0.000607534095506579,0.000496163424374516,0.000503797245676647,0.000246001111272941,0.00020871735411846,0.000580654620928384,0.000380656119434734,0.000585658463635068,0.00109718973212289,0.000482452096673703,0.000822566045004977,0.00052659450226043,0.000390239900880002,0.00029172518036013,0.000323609230597933,0.000740810471965244,0.000191558747140134,0.00127477581681869,0.000306891980984172,0.00143219848766432,0.000541880503105891,0.0019145583258201,0.00077999589767346,0.000467743831747504,0.000302265855178263,0.000418750643246441
0.000512333052918779,0.000329420601732836,0.000442805590818675,9.42309298224276e-05,0.000433255798452621,0.000224527105437257,0.000709113535486107,0.000601294154607691,0.00072989512633635,0.000513493721680056,0.000314130931284282,0.000263891718644846,0.000166813489331013,0.00103610205635236,0.00103098251214505,0.00202249002715599,0.000795155517292029,0.00460880159131757,0.00040687290716247,0.00185677564835005,0.00305357327808126,0.00129544375522054,0.000989518846650142,0.00161573588829039,0.000679036414904635,0.00268235475654989,0.00105715976966699,0.00127074637165365,0.00310251144362725,0.00307243143444842,0.00233721004705093,0.00849144838859281,0.00505196081863292,0.00448030944252482,0.00334604992595764,0.0062803194191939,0.00389214090434235,0.0031915285831168,0.00408546998899853,0.00284118339675066,0.00223478806119655,0.00233089760692246,0.00138118248026428,0.00022155856264815,0.00234550885957603,0.000735272595985731,0.000641532957832073,0.000515238016049423,0.000916959698205466,0.0015115999000664,0.00029351131446607,0.00106604778173673,0.00105601205224871,0.000176969669069615,0.000841716625616978,0.00021276355551092,0.000238403995662071,0.000607344611277178,0.000509747519332178,0.000264987650136448,0.000181534229652929,0.000185827275103701,0.000347943748546843,0.000449968888300531,0.00150850485852096,0.0024117475152309,0.00915068786867072,0.00495354263321366,0.00240736112106518,0.0125493197934156,0.00525789895882246,0.0076436324080768,0.00109654880936904,0.00325182292853476,0.00224555312126392,0.00268005455216066,0.00775578977635142,0.00346018772083925,0.00354921567053281,0.0031494126912474,0.000863978444512777,0.000627568971805923,0.000770369841681379,0.000240889042523975,0.00050499449269676,0.000863784781734813,0.000727820597882851,0.00054579744060641,0.00368705192300482,0.00286801303975169,0.00448506600729244,0.00409535818273724,0.00762388720629453,0.0058259597247013,0.00364983375851334,0.00360567445454087,0.00263948733882024,0.00502947158729857,0.000762862464841574,0.00424536414919369,0.00190631610562844,0.000776411045511245,0.000507245750342612,0.00198140482380374,0.000919394929432414,0.00125593130886441,0.000928995798764706,0.000974223242931137,0.000972719536978794,0.000463260861479175,0.000794480941474003,0.00103472593203818,0.000883867225680093,0.000507343406128854,0.000599129158230441,0.000755169335647789,0.000519227731255806,0.000271296579881836,0.000202963827261527,0.000256295801231274,0.000357658685350196,0.000698790101365188,0.0005500618651923,0.000159909295839512,0.000262172948541669,6.56820551994683e-05,8.69247773251581e-05,0.000192265101704793,0.000598097942195315,0.000428043354087704,0.000383586550954796,0.000728708827661767,0.000561221478658534,0.000120267856737267,0.000404304108365216,0.000310901183003822,0.000497250590656866,0.000233966132525858,0.00029552585772869,0.000922268790907924,0.00145325942673436,0.00128824197422879,0.000390792550453175,0.000510563386260166,0.000230084507706141,0.000233259566592991,0.000307242323705852,0.00033449361568391,0.000172269220264369,0.00151800464813335,0.000621273088294795,0.000402610086368221,0.00269282553677766,0.00280396023137547,0.00169516698605189,0.000843447720620587,0.00184634639985271,0.000167864570478258
0.000862369273372149,0.000267671354052681,0.000460220790769928,0.00058343169792977,0.000582216651366603,0.000756085355016603,0.000898529364655545,0.000913729282146657,0.000748370895634389,0.000386953002708893,0.000346096158360151,0.000223752324167623,0.000753084427340724,0.00129812274328315,0.00149906632513776,0.00281372665905325,0.00131796940693074,0.00286371001153548,0.00235419902139497,0.00384686514078995,0.00287580898248794,0.00242496989379807,0.00180786737905508,0.00247518989917457,0.00189203290975174,0.00227763663323305,0.00410707154319645,0.00313074106719882,0.00401053173041993,0.0072710059359158,0.00297670626603432,0.00831218417642805,0.00281877344772823,0.00406640050424134,0.00471756450622722,0.00150224277316207,0.00270391556430097,0.00260786112896632,0.0031876557907327,0.00240077094226176,0.000636859158440238,0.000347703644649057,0.0013008379286428,0.000474520558589628,0.000497525186680679,0.000423272348948786,0.000214508479230174,0.000606268722034228,0.00130397690623571,0.000692168418845101,0.00088320492462548,0.00160925500184754,0.000457422439489736,0.000570683790280749,0.000558213459783475,0.000548433872218724,0.00111449417021923,0.00071703540744339,0.000726458306962563,0.000832532425143304,0.000834902565623941,0.000381276321272356,0.000559359872903475,0.000457253839826938,0.000622922645126457,0.00109778108618264,0.00312649189400586,0.00369279356716112,0.00660973106357517,0.00932179979156966,0.00276458036707594,0.00705837513097262,0.00212541485443504,0.0029522464321272,0.00411635515773601,0.00268515185208871,0.00295630467573237,0.00156944995324765,0.00239757969282784,0.000998404579187031,0.00154142755312625,0.00117539698339732,0.000971121067227784,0.000175245727002595,0.000538808737246431,0.000482283922482278,0.000283883064743135,0.00038906506156924,0.00289766812821933,0.00197672180927383,0.00211154163268859,0.00228528807986476,0.0018680762752614,0.00501203701618892,0.00101609592284942,0.000986766959836514,0.00148740963704465,0.000927486863370563,0.00215923191042605,0.000910239300634891,0.00141369886906209,0.00105328180953065,0.00132557673224184,0.000531655875886064,0.000574431606434805,0.000147819841011313,0.000568727484202119,9.56871205635751e-05,0.00088036945916681,0.00116697273507651,0.00125383438905011,0.000757132940195689,0.00119745858402715,0.000729823281185731,0.000933543518445618,0.000263709226782395,0.00024757446568159,0.000453505709806817,0.000863954916059703,0.000214359851933767,0.000292277099577525,0.000656259015836989,0.000315479224899004,0.000236652257509064,0.000476477603553864,0.000389859938429451,0.000478834261387828,0.000904915793750598,0.000347196897273811,0.000563921939657149,0.000354338552518063,0.000299617202563383,0.000510210409906143,0.000459211706031316,0.000213848978725998,0.000591788867421659,0.000167922515526231,0.00117998004568707,0.000323830920980456,0.000506500135185698,0.000868567087178023,0.00068198618039629,0.000945992007597902,0.00148502120789004,0.000306510133636851,0.00101186980666383,0.000284402584375723,0.000827815971456597,4.56723170673658e-05,0.000438813425155555,0.000188210008396843,0.000505902583108261,0.000395186167332612,0.00165855215935517,0.000298500850393603,0.00116913204659035,0.000616431956623004,0.00109915645715381
0.00115255439713159,0.000723267839145325,0.000221367388372151,0.000264294943461752,0.000525204462808484,0.00108158511040344,0.000262004660160175,0.00058665532478562,0.000169660362047858,0.000181647188450716,0.000206275350960668,0.000268778459772184,0.000584659940568566,0.00170330521454571,0.00179612503919429,0.00359993146000973,0.00140667155892351,0.00197104650751299,0.00166874550319766,0.00231090555229385,0.00129382540792978,0.0026239156516635,0.00176616511933472,0.000528200441516744,0.000851308190553494,0.0014188913196719,0.00136679997139522,0.00414310936742938,0.0079073137905769,0.00368050663304132,0.0220623962875728,0.0167139492999888,0.00528893892485368,0.00966924123966717,0.00752528340407346,0.00262988226299036,0.00521184140758131,0.000903172147581418,0.00179617819859544,0.00214544441214079,0.000716725255707841,0.00279021287656817,0.00109085340612209,0.000939157742894019,0.000541007250867903,0.000611094447794995,0.000328950483108775,0.000336311309985305,0.000906001646088106,0.000286533219627386,0.00054616928292771,0.000482363507097702,0.000230370288083152,0.000889319967064436,0.000740704000490786,0.000940586884280832,0.00201219055759226,0.000755721171123589,0.00073163130481839,0.000624554363320375,0.00114207172640902,0.000197262250282895,0.000467031579070267,0.000951683038088959,0.000702729741600523,0.00135824267995691,0.00100810767637315,0.00220112967626,0.000752749190967075,0.00194919641209122,0.00789723864818361,0.00643135143188194,0.00433358569271402,0.0056631087745399,0.0032694312824652,0.00332843747045559,0.00199023010270326,0.00335063499605573,0.000403582016117214,0.000530856154860959,0.000688598605206041,0.000903136184168886,0.000503612848504462,0.000527036395972155,0.000406171401239943,0.000226227813875109,0.00128928219758314,0.000366383672846408,0.00365408093635224,0.00331511827349532,0.00172014301882924,0.00266961612648088,0.00322186709362918,0.00343157717395667,0.00248229028193696,0.00393694248685263,0.0030847021196431,0.00158158645254526,0.0027483268799867,0.000694450149549975,0.00208428848869931,0.00264952146950052,0.000822776885766808,0.000305361900730551,0.000356329156551798,0.000540560623686381,0.000356471662622401,0.000576251650639356,0.00104332842632549,0.000837208457858488,0.000606493726012392,0.000678513324814215,0.000562057947791618,0.000886333751716773,0.000601272928761898,0.000335575071282043,0.000178675064485517,0.00043465017459235,0.000502322898110338,0.000561147762143673,0.000221066605759631,0.000516414201619841,0.000359782174698218,0.000230401213922458,0.000375834586915488,0.000185573481226298,0.000158400259999975,0.000165013453303859,0.000316193960083304,0.000244194287893932,0.000934616498799635,0.000746870308834212,0.000324932006516029,0.000150962226935337,0.000154659185722527,0.000270460168789933,0.000713105401104472,0.000435082628632053,0.000272340116637291,0.000725019702533611,0.000573465501164614,0.000544009771381003,0.000383681180509806,0.00054820193917783,0.000295476916102208,0.000179639542527955,0.000498144716846799,0.000562117032934203,0.000191235479798018,0.00058147427135916,0.000309108895414357,0.00117411806318622,0.000479515968276661,0.000243611139119197,0.00013786823295305,0.000852627136365344,0.000446106481881074,0.00118963868457169
0.000452789566083963,0.00125960439708054,0.000248615956768157,0.000328218624640236,0.000565397703669046,0.000473035426319728,0.000240390858280538,3.61236825521095e-05,0.000327204952540177,9.08513701172732e-05,0.000130542202655392,0.000521644505549843,0.000478299644661693,0.00052899174237357,0.00128260324415613,0.00263393291261255,0.00559413670201929,0.00144510439102641,0.0035894225300683,0.000887123720856415,0.00131412083844479,0.00152705104177194,0.00100429887088278,0.000790912463047169,0.00185837438957942,0.00136312979114911,0.00190260715353273,0.00339466500781571,0.00511331227845691,0.00509466507381542,0.00589531907866999,0.00580107568229199,0.00278303696920063,0.000665495009177918,0.00369140328304501,0.00186755064634354,0.00170888673305066,0.000515328112912395,0.000796035075021733,0.00057353943807752,0.000237004988827975,0.000219520102001226,0.000398572176966731,0.000808961342232536,0.000312741163182586,0.000334594377811111,0.000307749646774701,0.000287672254736136,7.44255016183038e-05,0.000147240636374442,0.000394718853001817,0.000639760010152149,0.000486645947168157,0.000459620168725114,0.000200166072632423,0.00057653818451864,0.000514652148273927,0.000782331748168037,0.00039550377445719,0.000319527360116745,0.000365619248996975,0.000462873665700976,0.000136676805594692,0.00205967208861749,0.0010042154637852,0.0038574201597336,0.0058027534783114,0.00444946997334645,0.0082792809387567,0.00797514945425425,0.00631600166554755,0.0061039853565988,0.00326232209321423,0.00228371338929906,0.00126695995012964,0.00272999415095781,0.00138588409424601,0.00139084938020157,0.000700641908986634,0.000780925483228963,0.000349816927079826,0.000472059155443299,0.000510456562266714,0.000311446198820133,0.000541279394546558,0.000182271643275006,0.00031872138724995,0.000315104559486758,0.00389928103452466,0.00372424209876657,0.00215422216229323,0.00328314883749826,0.00223266805467769,0.00485348914588325,0.00153161182135713,0.00147255040182232,0.00103642345211649,0.00137267370830587,0.000653232148190537,0.00115698847976505,0.0015590333570678,0.000661941991306782,0.00089865905568798,0.000359023054749052,0.000447009928167956,0.000264024915445815,0.000380477402671564,0.000248928950391122,0.000296444706913531,0.00047846674365291,0.000286258416889783,0.000516690462852611,0.00032078600046505,0.000550932507128942,0.000239206330478766,0.00016064674753735,0.00017088665118417,0.000280158995977564,0.000109184831026798,0.000403250480310252,0.000373548878553114,0.000129354518956742,0.00024154515546288,0.000194551606522573,0.000217475236322186,0.000391152842901176,9.1998342536935e-05,0.000306939972013709,0.000419103342213797,0.00063175352798902,0.00064572505795143,0.000737048865088812,0.00058815018768943,0.000577736964602763,0.000385551874369665,0.000243413070224114,0.000191505781067245,0.00020048402271815,0.000177633269049774,0.00065916623320192,0.000468040363071887,0.000538808509395249,0.000443107856408018,0.000200188332378372,0.000114525191651937,0.000226271774370872,0.000192313108824985,0.000183325278754044,0.000157225904001558,0.000937713124878071,0.000398905252098903,0.000682520017331427,0.00205159390016702,0.000657042395282029,0.00116027007438126,0.000849010372907848,0.00070035565357737,0.000714933547222487
0.000596707555100695,0.000464073546982526,4.62623100626893e-05,0.000352392762935694,0.000242201599993223,0.00053136113816223,0.000155210209566753,7.92431851531051e-05,0.00038843471656025,0.000197987939523558,0.000184745304192962,0.000251054368389215,0.000130248837392134,0.000499035327612231,0.00026052910972001,0.00146300261044045,0.0040849688706511,0.00341859193995105,0.00249613868218728,0.000548854965336379,0.000510532102457347,0.000618778697437996,0.00105413530266698,0.000790464766877099,0.000288008494740057,0.00174593768885092,0.000945529783628735,0.00484214413073713,0.00496061116320599,0.00370735746864207,0.00199337352100048,0.00124882432733758,0.00136777240310255,0.00312541319549345,0.00109869089067042,0.000990445439470949,0.000977730041138375,0.000481056569280346,0.000220579614889457,0.000710693052447627,0.000917180403258708,0.00047498604251216,0.000228647014383475,0.000603021623482939,0.000191888062323149,0.00027012437589447,0.000198598347301337,0.000174029807789257,0.000118642950632104,0.000176913760617414,0.000547713340153662,0.00079141671968771,0.000841724866967482,0.000262412234461338,0.000185740668460058,0.000450083706679723,0.000489537699390796,0.000618787736924683,0.000899785197652711,0.000688251319075353,0.00120847353531863,0.000613841106609407,0.000518969480733094,0.00294444381198527,0.00209206326456226,0.0112194144945804,0.013078175691312,0.00577528226170834,0.0149049355444779,0.0107131979335996,0.00484898096874699,0.0060045246737284,0.00239700781281808,0.00600058697682032,0.00601995382265593,0.00630672712203631,0.00255761931696099,0.0034080148124505,0.00239502159497087,0.00109946350168149,0.000829398919461979,0.000298308504539966,0.000872098692418929,0.000218134211535559,0.00023946646473232,0.000384279931981589,0.000220078265933928,0.000784760890624899,0.00124989723609806,0.00163126865579047,0.00181354128307637,0.0023449986917911,0.00173658162351598,0.00409085940172634,0.00290193057810899,0.00357720940466364,0.000865798947485683,0.00359632905419272,0.00394353592764069,0.00227552153366337,0.00314742363968138,0.00130770538094227,0.000208223460758704,0.000388197178037704,0.000297493007881258,0.000268979714527765,0.000383515219488896,0.000245250483763111,0.000122218283059224,0.000246943226225178,4.53206533579466e-05,0.00027503473563606,0.000331054197995774,0.000165085953073321,0.000115603220415675,8.15174702620853e-05,0.000230392977486252,0.000110411630665703,0.000506345344280821,8.33603127088742e-05,0.000158204144086558,0.000104139939692183,0.00017654406479227,0.000146470759883195,0.000426997247538271,0.000116901921915244,0.00017941389357717,0.00049387234937208,0.00057574902000368,0.000746450506162148,0.00236310013695521,0.000577925518785516,0.000162018567635126,0.000434425651025537,0.000643781331738021,0.000530970056598604,0.000301245365885233,0.000418217183668572,0.000378134454221183,0.00137629420517059,0.000730946921514538,0.0011275818476236,0.000863510256527971,0.000657320317101104,0.000360698384544703,0.000262789944929263,0.00127452172440086,0.000365240250446904,0.000814459657983554,0.00116285843920553,0.00140884101250993,0.00403607176587897,0.00600357782765374,0.00533395190422422,0.00262896663267591,0.00261912491463655,0.00178684651892267,0.000647519437690158
0.000812062194981565,0.000282667791751787,0.000127129051075389,0.000392172388344324,0.000599069083392543,0.000539028652442795,9.33158812153507e-05,0.000109148885769558,0.000235989447774174,0.00015594757724116,0.00011926185451641,0.000117550627830463,0.000311423569112219,0.0008460375667296,0.00324929143733348,0.00527503621522209,0.00463787070127034,0.00814217795010812,0.00543404001463465,0.00785480039112422,0.00257881937007733,0.0035143598095602,0.00213815425374607,0.00402224083686067,0.00358764345050705,0.00525462113572544,0.00882207111490404,0.00701272761399821,0.00876013058961143,0.0101000468911565,0.00472743092533199,0.00182189199429585,0.00287288659220005,0.00471794145664247,0.0016001515737506,0.00227962639117542,0.00606853397180575,0.00168442491129756,0.00060754793046374,0.000899493274062918,0.00123473465780547,0.000284122939809052,0.000189381754734437,0.000255311114808374,0.000379835817829548,0.000141744186113914,0.000242776953857911,0.000293652512732512,0.000275940518255565,0.000334397103094879,0.000801672239799515,0.000773434818080906,0.000497381361210092,0.000310569289076102,0.000492797454633758,0.000467687083688627,0.00069719360767518,0.000532499272396463,0.000678666848876019,0.0013005843881547,0.000953925298755196,0.000970315842599451,0.000720781468868537,0.00568547223836588,0.00492771563657719,0.00603796063669983,0.00733012867189945,0.00430446324702278,0.00156718526349065,0.00650117646916701,0.00472174594160782,0.00209794291389238,0.00373919622091057,0.00776303419335281,0.00919322459202758,0.00610616445848031,0.0128904094680819,0.00216066496952026,0.00237308483511196,0.00199171313990509,0.00144349840480352,0.00188414757972398,0.00100771941902524,0.000690364739258987,0.000510683312982063,0.00043544607017274,0.000309919079603434,0.000108297197185443,9.60573544815805e-05,0.000908640787414682,0.000592961103919552,0.000512790155676881,0.000997111301218449,0.00373337901510132,0.00287085569696801,0.00329583130120472,0.0017604808207814,0.00135816690415376,0.00238662573289552,0.00200514037902005,0.00210927868914735,0.00049912600260632,0.000563322665227864,0.00146333095133179,0.00103952809773113,0.000338751573879493,0.000201514225964609,0.000180260678959276,0.000215021646771869,0.00031062400559654,0.000356184266430333,0.000328070893364201,0.000223478386331799,0.000273309354519417,9.54647421991269e-05,0.000172201928445783,0.000119311885931442,0.000341352032375646,0.000165825426898945,0.000104940383166212,0.000303609803115183,0.000162320645608495,0.000155463764371733,0.000286851483019019,0.000322109618702437,0.000149240209721494,0.000128637029917558,0.00280434234132334,0.00196999218338545,0.00521385793181375,0.00364057404370184,0.00412526231093351,0.00410767844119383,0.00108868744444771,0.00237706954010318,0.000483531776930545,0.000516309202386183,0.000783760472975961,0.00105550511297278,0.00178072368771524,0.00144220084949365,0.000972813812782054,0.00232359696698266,0.000286679788284527,0.00118732916969201,0.00107117381202467,0.000747626239935506,0.000458747078536127,0.000776520890692134,0.00127430877309155,0.00367803801949091,0.00161472491052535,0.00266314173724293,0.00096837219524828,0.00386236551654982,0.000898606287044079,0.00195746317462597,0.000267135047681536
0.000474768027862782,0.000484133465506613,0.00020004896514306,0.000548517507824787,0.000577627444435855,0.000459057160471386,0.000187586332603788,0.000358454429848173,0.000247982782178012,0.000119559984607728,0.000156358505891092,0.000210746883659764,0.000251801674814081,0.00188242379817929,0.00218342332500422,0.00591960446611557,0.00717608276475633,0.00165102652999478,0.00135850789283699,0.00183433522878044,0.000485420664883562,0.00265275501647275,0.000584698892467878,0.00315589238555929,0.00257205322435595,0.00449636844452893,0.00414636963985262,0.00411513525575598,0.00948357534351914,0.00732477617422365,0.00726482376861132,0.00164435417828483,0.00221469775966405,0.00162703284501832,0.000962752983061593,0.00160057458109483,0.00223319609026645,0.000314043040295591,0.00058535950263557,0.000324626783008828,0.00022786282855997,0.000566415407636077,0.000317582729844888,0.000161606149363573,0.000184285696953539,0.000222288306567932,0.00022462268305332,0.000218584531134537,0.000117492179983085,0.000383415044308419,0.000974663213716386,0.000376965818697436,0.00086279408439155,0.000760148566577962,0.000487391530872484,0.000313643316863279,0.000664154863128075,0.00124656427277114,0.00163864153923219,0.0031680453309488,0.000959366290633572,0.00211039852050151,0.00116083392368423,0.00406201843824737,0.00210987371101359,0.00581776496292699,0.00223122851870536,0.000857403720454578,0.00309762706982622,0.00175307299699062,0.00230464825893063,0.00156819571912632,0.00642639060138,0.00394906920984629,0.00200282626588464,0.00521989792762885,0.00202057571766554,0.0026669875349363,0.00105253287975589,0.000829016413641364,0.000887564257785666,0.000270226636089497,0.000709740577852606,0.000472196016611345,9.50610386543086e-05,0.000172813415801131,0.000156985504257313,0.000230664528244478,0.000215857317471727,0.000276063141707069,0.00042153286463981,0.000434276637492071,0.00102721770272594,0.000212254457456268,0.00087521808876203,0.000933179626506978,0.000814662992117237,0.000793290668536495,0.000811956797485323,0.000739506060080344,0.000418482174021344,0.000639858602752786,0.00100942826747224,0.000315996763438928,0.000627868588905326,0.000146302641118231,0.000369590051628585,0.000307736107525036,9.36745402462618e-05,0.00023300460560126,0.000382073803682563,0.000123573971803688,0.000262548974594594,0.000142449040271327,0.000308828338735704,0.000225675260571429,7.71362906118682e-05,0.000167502010820072,0.00024934103567326,0.000354983795285714,0.00017389734290978,0.000122744704415205,0.000189069909205962,0.000436711754828591,0.000144437474457902,0.000243742183184122,0.00114480232174008,0.00372214597798082,0.00381356388828733,0.00654073302456369,0.00560828619381585,0.00611510249962248,0.0037263855442361,0.00516226241987532,0.00102100249114993,0.00267785476540522,0.00263208302521607,0.00082418988637516,0.000900543264837936,0.000450515759140533,0.000910250467712555,0.000954109833766288,0.00120927266495344,0.000559629233524735,0.000722990330939628,0.000631597315462812,0.00054194956203109,0.000765807774953305,0.000657568373300808,0.00155216653295841,0.000213854532043086,0.000511710088379514,0.00129493036013954,0.00105246638668077,0.00190328863429807,0.00050777052099898,0.000723479782106486,0.000654849901969112
0.000129414333894014,0.000283034457501048,7.78088205061777e-05,0.000465865456738834,8.02979536515915e-05,0.000175124712320717,3.10645187014486e-05,0.000206851023104957,0.000130421832433771,0.000256934320831112,0.0001370227945475,0.000291349334538082,0.000315930111105314,0.000410090130068108,0.000861032199194352,0.000838780882842776,0.00117076714934371,0.000593799419514798,0.000696102860928388,0.000953940628462913,0.00104261670999343,0.00220812259160526,0.00126464170102712,0.0012359856279772,0.000887923936960474,0.00230424607377688,0.00191991113821828,0.00249434087803512,0.00409902731041269,0.0032466861973294,0.00131489126785182,0.000852896341453971,0.00266688290174728,0.00179486552420746,0.000665848791842189,0.000516719086667241,0.000801945889081124,0.00027822151694272,0.000194430053282414,0.000251079890405426,0.000307526419663984,5.95943468088911e-05,0.000221420086438928,0.000343706401323666,0.000205061366339022,0.000401175675492661,0.00010942496102523,0.000103226431117647,0.000145637447554437,0.000192319975292175,0.000281091231476901,0.000182926289576236,0.000310841108019967,0.000297072502666104,0.000275366104479978,0.000312171524142528,8.03187147947631e-05,0.00102880323358923,0.00127400647757025,0.00152405251108974,0.00120587441975646,0.000537941977106247,0.000996289290892478,0.00233116604263979,0.00443767152339833,0.00153858237134319,0.00271086522500794,0.0010216395632186,0.00225237733037325,0.000763853609532657,0.00171968836700859,0.000411807678900375,0.000693218106340848,0.000283374472632618,0.000426084299559834,0.000544943894699277,0.000492925341062399,0.000408295636519672,0.000501056576089312,0.000184971497428116,0.000177085888342351,0.000241152682324361,0.00016046592949754,0.000296594843485823,0.000290839556564815,0.000221472062762166,0.000181589137433881,0.000314329235880048,0.000279456413962526,0.000831056156888144,0.000363178897641464,0.000237612298887501,0.000727095927994189,0.000527497609166885,0.000270719713731441,0.000171329472970984,0.00013461222359374,0.000278345892564524,0.000428030915838457,8.27624294620922e-05,0.000365913374757568,0.000118814446417997,0.000224262339608259,0.000238337271078446,0.000235082753061274,0.00028408799756711,0.000118317277057568,0.000116152175672765,0.000309926010092574,7.10900330984802e-05,9.59047185877478e-05,0.000183823506859588,0.000169830881457838,0.000336045693845988,8.65255066971468e-05,5.73804062688643e-05,0.00011453753130777,0.000197415996587316,0.000231639972708007,0.000499241751691708,0.000231033977660224,0.000120630549183593,7.1919700158748e-05,0.000324136561326837,0.000162805732636342,0.000167903378019613,0.000797743002562469,0.00155198390986339,0.0055135166755022,0.00458111813223989,0.0135090967479871,0.00955375806735275,0.0052252181010584,0.00781367823503743,0.0062177909401443,0.00195155534426911,0.00327144000045165,0.00171636570946563,0.00440423457679983,0.00244424970285949,0.000402974344884324,0.00162886214675836,0.000858105828199613,0.000383306032110977,0.000189370215665819,0.00025318063247425,0.000262566225198832,0.000501777060060954,0.000383636062322978,0.000158731224599461,0.000377642487773192,0.000303492180969347,0.000258448348516914,0.000315294013680787,0.000391363478476949,0.000417110132316031,0.000307357315882497,0.000153180754253683
0.000372669071844477,0.000541187694031541,0.000204954531539154,0.00017757763404785,0.000396746879761033,0.000198177195581233,9.65928338503667e-05,0.000150698267420112,0.000199762523280294,0.000209642904325332,6.21781293715649e-05,0.000107118250641895,0.000205415398998843,0.00012250803980986,0.000298212478385075,0.000197279050471044,0.000114030083345691,0.000169179155759967,0.000335258305571214,0.000209502956616358,9.41140709595853e-05,0.000251920330947893,7.58834416349478e-05,0.000476941883396186,0.000110498051160303,0.000312516288066553,0.000463281704160369,0.000364281981645152,0.000453426168958715,0.000751050254361049,0.00037320777311236,0.000723182474642189,0.000729110403131176,0.00017853696043356,0.00020799879441526,0.000446327301563636,0.0001945539509997,0.000126358564470368,0.000201349837107232,0.000193178947090646,6.57365493976934e-05,6.79452498781222e-05,0.000142915645702814,0.00014446893725778,0.000212543846735365,7.56152695777793e-05,0.000145034361323869,6.10900480561312e-05,8.89119406694145e-05,0.000114121231954853,0.000171055581362507,0.000215258024884662,0.000266084567943294,0.000263361990579633,0.000281734947906965,4.93901332379764e-05,0.000219385913650847,0.000343155739973016,0.000471943994982064,0.000427676407147651,0.000898475293709317,0.000295498207893084,0.000337779069712358,0.00184197868010525,0.00318205744969473,0.000603010150764438,0.000950536653135032,0.000915836554682073,0.00139389069554396,0.000463218762291065,0.000837117714560388,0.000273561905692759,0.000776430935714791,0.000271703719687183,0.000312708009864407,0.000271191251868017,0.000223188328095878,0.00014579508635557,0.000134272149217029,0.00021785594851748,0.000144679254859537,0.000108268857049012,0.000116668129553609,0.00017553193055935,0.000257035873348484,7.2923626432969e-05,0.000171084969374711,0.000439163835107578,0.000221209050890523,0.000418248406541957,0.000465507839063194,0.000204693576438713,0.000284898072720072,0.000179551947965656,5.56975803127503e-05,0.000114253355030419,0.000108407885203033,0.000362312406386197,0.000383333403561375,0.000378564212518316,0.000322543145286076,3.50616315273133e-05,0.00038529707208766,0.000295304733919516,0.000278626877176111,0.000257951107833122,0.000314382810380224,3.17397547453872e-05,0.000137583845692683,7.13671150325971e-05,4.25164692456432e-05,0.000123448530811072,8.26152960398807e-05,0.000192121028029074,7.88928644145769e-05,6.50017296075451e-05,0.000100613036250544,6.76727983816143e-05,5.84273281191685e-05,0.000140772945757135,0.000224472804206634,9.26484244810032e-05,0.000180113630814924,0.00020344957646119,0.000277405707641443,0.00049488778488428,0.00123089501793844,0.00347685496169559,0.011087821564719,0.0158624691532242,0.00963757026429178,0.0147034691795858,0.0132591558906683,0.00358936755438759,0.00301677719082136,0.00169362120396951,0.00190789392294349,0.00176496160631805,0.000709275452699681,0.000727973106634852,0.00172666220965044,0.00184559218385177,0.000372608029514885,0.000136718540822008,0.000459196184331128,0.000449169195369814,0.000123742035012031,3.14814963688575e-05,0.000136600313118472,0.000260905833274801,0.000171916103990941,0.000189154624995415,0.000129238465057629,0.000122659283712174,0.000153016209142118,0.000161370135572354,0.000199546900005097,0.000138710155620819
6.30400332679911e-05,0.000172328964703675,0.000205736744334538,8.96244810252502e-05,4.38889924997724e-05,6.21113250150997e-05,5.77357256608957e-05,0.00010476430890803,2.96309023033282e-05,3.03110275767826e-05,7.88596869723489e-05,4.14768008844331e-05,9.07824631865516e-05,9.48935814451335e-05,5.17159190668253e-05,6.03632273016823e-05,6.34875773752023e-05,0.000104871053973201,6.22307633694699e-06,2.97541960116442e-05,8.27446561473588e-05,5.39714809027455e-05,0.000121349281703858,7.9461912357438e-05,9.7307987104491e-05,0.000185145274529694,9.43741140904185e-05,5.0083172479303e-05,6.11158704670158e-05,2.96352223909909e-05,9.52206703614511e-05,0.000191445139584223,7.03687710843008e-05,4.50765396369087e-05,8.89952607028287e-05,6.19212076774512e-05,5.27918782974571e-05,7.58448720024137e-05,9.23265277656383e-05,2.46361205762659e-05,5.60089319358297e-05,4.87588907004921e-05,4.78334333240843e-05,5.70561164497453e-05,4.49937336669698e-05,6.13307425051066e-05,3.23176271631861e-05,3.61201985025852e-05,6.61162032911193e-05,0.000122567233127856,0.0001294386021457,1.8690586133606e-05,6.06237674361952e-05,9.76600084465414e-05,8.4872599998662e-05,0.000123588925033573,5.19886992960605e-05,0.000179822600937494,0.00103523473216657,0.000359759867472964,0.000677929379321368,0.000440203994459946,0.000368733053967428,0.000328221957100307,0.000604946605654447,0.00112286342134599,0.000354647097919356,7.20083684838291e-05,0.00041739922681307,6.77046586004209e-05,0.00015930166886508,0.000382722418123621,0.000198906595706203,0.000109858861219805,0.000163658641969981,8.9109511802566e-05,2.94478616271964e-05,0.000107636314355745,6.26818489954954e-05,0.000163444699309052,1.94153903379419e-05,9.04111218289791e-05,4.78341412569159e-05,4.32327894545119e-05,8.37429348182798e-05,2.83260388983117e-05,6.6151501907544e-05,9.7962134004159e-05,4.51732206115623e-05,4.87397537724043e-05,5.32071060349263e-05,4.52960924036388e-05,5.07262362634297e-05,8.2613163452606e-05,9.9992981967115e-05,0.000104937598229462,0.000105005520617014,8.86424655874358e-05,8.09705872726369e-05,0.000150170798408159,1.52687859904297e-05,1.13644086901503e-05,4.64003808143471e-05,0.000121668946788451,2.74662519984225e-05,8.09559262934678e-05,4.73482948317215e-05,1.43520084068298e-05,0.000101728278268506,9.73845347323642e-05,3.94048390643693e-05,5.42384134797194e-05,1.32440968162865e-05,2.39531291214117e-05,6.26599558312923e-05,6.04205673282718e-05,0.000128651142539617,0.000106056953373293,5.1621296219812e-05,9.13307766855979e-05,7.15355822960295e-05,5.15774275174214e-05,9.47168384130184e-05,0.00016216777046226,7.9371189964492e-05,0.000261106771452958,0.000343409489624292,0.000945564418513365,0.00496215662296063,0.00891740842288354,0.0107089672699538,0.0043783963178324,0.00306909415241867,0.00291123822952696,0.0031152915915227,0.00260557982000926,0.000819320771777313,0.000144267053818452,0.000657378076915274,0.000589765659024438,0.00113500071888894,0.000296940270939386,0.000204619704727827,0.000197047583983474,0.000138995406998966,0.00010352611356822,0.000124797350001897,6.07044987580345e-05,0.000128775582539062,9.99165062363252e-05,7.9240502685215e-05,0.000115660283990441,0.000105362569508116,0.000181182567380389,0.000117901503952904,6.90733121334353e-05,7.87512756746881e-05,3.71211055653068e-05
0.00238132584828368,0.00177724895027832,0.00235093995715279,0.00198194179846554,0.000981365895756265,0.00123613960627932,0.00131569665830367,0.00206184968029643,0.0018195911582703,0.00111774812193374,0.000222259283159368,0.000747782826156399,0.00264076084857491,0.00200141405751952,0.00799903660235991,0.00502800985955053,0.00609007316055121,0.00763709148196381,0.0141927358603906,0.0143426786725224,0.00829921869423269,0.00899879811080344,0.0125194413867813,0.00942909739278348,0.00626523037559221,0.00967735327690628,0.0197264703046608,0.0235543701638296,0.0179945822070358,0.0148802950693044,0.00762458473167391,0.00465516962474835,0.00454934398833691,0.0099909386600962,0.0136435361332226,0.0106927307536851,0.0178258785574653,0.0267874491364851,0.0214120824647671,0.0271197608033571,0.036747712044543,0.0245099253370998,0.0164233722251175,0.0140570549965339,0.020489001946123,0.0229357275044529,0.043374322214036,0.0443656613138965,0.044019556808149,0.0622917621264553,0.0624963788456113,0.0298943160966351,0.0106591986487955,0.0126775269686794,0.00851327145318913,0.0201193408003462,0.00880920338428154,0.0139262068562974,0.00509917746073135,0.0023447600495679,0.00171680010511165,0.00373652343946287,0.00303774550548163,0.00341800677543519,0.00114399353141379,0.00966743823855308,0.0574844559352679,0.0604897344803503,0.0791324845657574,0.04321213424121,0.0208949996168999,0.0218706213318799,0.0177527764716543,0.0156472975591256,0.0304863634639079,0.0199445029706517,0.00874872439904084,0.00837070074352766,0.0117297448962035,0.009496913582479,0.0171261137821185,0.0186005352951152,0.0111894555211714,0.0121754513207426,0.0135680956326458,0.00899343530848657,0.00504596376035371,0.00387917693975287,0.0147322339233101,0.016414026878873,0.0371512061030313,0.0574367478528952,0.0670070064727351,0.045978443239261,0.0182257724170008,0.0139662722231994,0.0130190877304344,0.00885500128618547,0.015709360753507,0.0166284037126844,0.00880187230150436,0.0134929856400829,0.0165395677581737,0.0165181693996492,0.0147000720077136,0.0107397967130672,0.00860062297779606,0.0102157274622108,0.00607627208900293,0.00894234994926942,0.0196753759490675,0.0287183691906199,0.0397630952117251,0.0239855205066011,0.00370455124900222,0.00766052711886723,0.00965887420129974,0.00648912103482198,0.00903123552117415,0.0133457351014131,0.005275217971366,0.00492731527910788,0.0101483930121537,0.0123849204979346,0.00400574380628515,0.0136316904645069,0.0106740832333204,0.00766976206840745,0.00626714252830032,0.00504198030786674,0.00299777946513144,0.00293479925934999,0.0131963483485723,0.0118618589024312,0.0082004049086339,0.017319360266544,0.017889416353267,0.0212234419732302,0.0163250905480293,0.00755447358954619,0.00407693596805833,0.0066611824124301,0.00869092925469162,0.0160195457437621,0.0244949160370088,0.0599706411632425,0.0409924580052328,0.00753314193492244,0.0426744450326175,0.109594215041685,0.113006397228111,0.121664962299093,0.0779762887623839,0.0976242106389661,0.11448581350269,0.102588133625912,0.0444262544711478,0.0562171374730988
0.00756765491313281,0.0205047899900315,0.0157916271922948,0.0110210000272377,0.00782107025258096,0.0148902046067191,0.0129665917091297,0.00699059729804316,0.00434772633812252,0.00889918785926344,0.00702459271058317,0.00699931887976036,0.00748830246664417,0.00423893671139005,0.0281325753436931,0.058641777372343,0.0630764228935976,0.049919517377203,0.0697745696601598,0.110797648085481,0.120129835986115,0.102599147430578,0.0847323362551677,0.0976119152329236,0.120749195685178,0.116642506763268,0.0794035671465938,0.049907611777745,0.0818231893415367,0.123467392881462,0.139846355864935,0.150765163717683,0.137764302927292,0.0937526065431008,0.0646637099679882,0.0725743570309165,0.0894356669191837,0.165132640771399,0.175529273205866,0.150795218562264,0.129553962687906,0.116058476885571,0.11300962210897,0.106212407227948,0.0975251902324998,0.106790215297792,0.129146483531855,0.0941518332328488,0.0650926785295405,0.108098430122392,0.203623968222423,0.264773892439681,0.253916591294815,0.207639170928083,0.0812284002267775,0.135793567189685,0.163282728571433,0.0280209086204042,0.042870409268107,0.034367850003944,0.0400121244243438,0.0235001416409318,0.0044257942068299,0.027184245587032,0.0373673258209827,0.0205858644445325,0.0243486012939387,0.250958564511018,0.179523016264318,0.277482735104928,0.230061091608336,0.0698331210337544,0.110899165383645,0.168120080229334,0.13011883372659,0.129827257231385,0.138777302143583,0.179788434013029,0.183314623807042,0.153826161779967,0.122917983072013,0.0847640400720196,0.0168644858199404,0.0662173857270621,0.106594107254142,0.135917328976534,0.133267450276711,0.089364493045674,0.0621308456792235,0.0731140593565422,0.168802282445715,0.044031763250489,0.286303438940993,0.314553958282932,0.193124928693616,0.100102086503514,0.0668677984531713,0.0643751210333425,0.0841826401810679,0.0899052785083899,0.0545081144363078,0.0354178909096109,0.0944243534999844,0.118348074371012,0.106449938586571,0.0639674167820153,0.034835754872138,0.087259781448941,0.111720341000005,0.110869214228836,0.175677064809772,0.124173880692699,0.0745464992840804,0.178655565327848,0.0893603807867529,0.058879559669739,0.123976204338705,0.0348393285034712,0.0686760769838981,0.05213723699213,0.043016360063716,0.0182034314576052,0.0573368165502865,0.0328936182875109,0.0252299350317749,0.0270050892713428,0.022195038494368,0.0164479496008802,0.027466585556808,0.00767017682948535,0.0175162437182588,0.0142871377274198,0.0251730597725308,0.0267953907338437,0.030842326794397,0.0490848430751482,0.128130242206742,0.0955353710554191,0.0756832344874732,0.0234270426433201,0.0188274772060687,0.0342333041089842,0.0100966339941635,0.0592855943007042,0.0686181788377719,0.225214772311471,0.157154555344648,0.21254446368423,0.306605931391672,0.164598556987308,0.142691504436378,0.214195737907197,0.116048915881651,0.0765970702161888,0.0927790583472003,0.0410900109502593,0.0725252646675218,0.0295270762841908
0.00456015596669966,0.0109389896049078,0.00413353191203865,0.00435579243181919,0.00269474143559793,0.00673189002771157,0.00404253196598348,0.00226693886716916,0.00318118404148824,0.00345950018424162,0.00258246896590961,0.00148203720936618,0.00246494200988675,0.010923531219312,0.0205840588721806,0.0270791731000333,0.0319584083863327,0.0187004243948839,0.0256234739071205,0.0217556762395726,0.0362325566504848,0.0422837481000909,0.066455548578787,0.0722849142054282,0.0661612744595088,0.0663877460317135,0.0579953146227803,0.0447838764912792,0.0299807949145756,0.0284934928060283,0.0321177801683179,0.0434171480352293,0.0461463790895546,0.0431714171397685,0.0329164644006665,0.0335359978625548,0.0317549219020085,0.0412405960652123,0.0513215043883754,0.0557675105881626,0.0456821097520177,0.0358660902837243,0.0239117465492822,0.0244309397964638,0.0370103348259406,0.0358206367536979,0.0437887797513668,0.0227508239946441,0.0341556474128844,0.0353720078318199,0.0572624212312912,0.0642298620054958,0.0615146615615668,0.0345984902743031,0.038542505118886,0.0323346889692886,0.0228655443416611,0.00598638844907137,0.00425108549069576,0.0047877994461061,0.0111596762297639,0.00267342271546307,0.00345303225125682,0.00623442818471728,0.00801078363262851,0.015439407704442,0.034545666181604,0.0482599041686266,0.0551995076331075,0.0612971023709769,0.0512089452938377,0.0301663628606624,0.0455600750442181,0.0337269378854604,0.0305699550260996,0.0179375388387002,0.0277240211308737,0.0506132560407893,0.0575429486664671,0.0580653723580076,0.0646764556433551,0.0340183675097887,0.0294823597297485,0.0204852253540235,0.0249954793987973,0.0285077322210839,0.0188426169394453,0.0157365242034041,0.0103515460001443,0.0120968191769145,0.0217759170066981,0.0421732238349921,0.0792664199121961,0.0511318306750286,0.0223051475765554,0.0263711820049455,0.0432781811709979,0.0401147217381115,0.0419102274669723,0.0290139087482007,0.0201667828616904,0.0170216797299635,0.0256747766539852,0.0380724854490388,0.0386286510814729,0.0263735345279077,0.0218537578142726,0.0167858254721844,0.0231324635058105,0.00663290439565042,0.0171773986297457,0.0145781165506227,0.0268782705109031,0.0375408545516274,0.0360295109772944,0.0152189523913739,0.0389391546563483,0.0242083792707812,0.0198875491735779,0.0199695826339768,0.00672790231344033,0.0261876462504134,0.0289555786019602,0.011955355082061,0.00822746943806202,0.00696773851051047,0.0139179242708639,0.0115066019270833,0.00732544666665211,0.0024335180804397,0.00427918015140308,0.00635831650277308,0.00714832343611388,0.00346690034810213,0.00193972166030798,0.0079368355882602,0.0225814157345815,0.0304398244817715,0.00918433452403316,0.0143978764541951,0.00802324944072596,0.0107604430893612,0.0115536759944542,0.0126345939036698,0.0219460105386905,0.0386882107117596,0.0232194216027268,0.0910832009755163,0.0874519887827724,0.0201679532413084,0.0329415154422827,0.0851546934575816,0.0467604548266198,0.0948370023024785,0.0584692906169119,0.0506307057937958,0.0156554426005019,0.00823966410122441
0.000113359214431955,0.000609462381425437,8.36086720478777e-05,5.49378711035508e-05,0.000135979983173577,0.00011142004067239,0.000379657936666563,0.000249342352245078,0.000162659038358219,0.000132995255211198,0.000101399733124854,0.000150800433870109,0.000374716544626474,0.00150501859274805,0.00138330987366797,0.00241177994252057,0.00292620844587992,0.00196524393346627,0.00324951161076288,0.00478177641511302,0.00211981570578616,0.00345137683181337,0.00428270061718748,0.00470856636509894,0.00358660102271698,0.0100594109625304,0.00342981723151587,0.00793867688019324,0.00851166117702965,0.00591088157022267,0.00777871813688751,0.0140364662568407,0.0299511330735641,0.0281468349885201,0.00589748991265601,0.0191803812052866,0.0416634320845389,0.0486929077478683,0.0363927101777381,0.0182083342119229,0.010189056226062,0.00490453718687401,0.00400662507616101,0.0249503432295662,0.0148618833081164,0.00986609177032747,0.0104652451245972,0.00625518918786881,0.0167795665693013,0.0186271978570383,0.0248906011407385,0.0285165993264061,0.0107687407233566,0.00421349665951514,0.00847873112262722,0.00305041049492923,0.0024506921015609,0.00248490883996216,0.00133181626196689,0.00120848216716935,0.000290195777655049,0.00129363728287175,0.000425178711094717,0.000319419446487812,0.00115506222065398,0.00182997906946283,0.0156215547870485,0.0305691085265378,0.0243640860237813,0.0264025357622693,0.00472019284147128,0.0124094711603971,0.00321633021968856,0.00907543713550873,0.00339103276585738,0.00653975575659178,0.0108786681620383,0.0141477658574149,0.0203187256752515,0.016781538773372,0.013383092314268,0.0131662667984481,0.00653756674676576,0.000498805977112478,0.0015358715265838,0.00052600752186756,0.00108457041657679,0.00206468328073409,0.000696968615560702,0.0100204633864692,0.00749482731926164,0.00560415166087658,0.00393819841741065,0.0125032012426419,0.010282817406758,0.00938364629593593,0.00271414219316762,0.00753809702939241,0.0058470020681431,0.00430352188962528,0.00596354689137702,0.0214965300963695,0.0315581628117215,0.0197460504319664,0.00472163055689143,0.00887972894194968,0.0018438376998465,0.00290274502538603,0.00711183007072199,0.00985075001239253,0.00746789119852363,0.00947683610291965,0.00965721438883521,0.0051484750412712,0.0176911204605561,0.00401417732425161,0.0213283923826092,0.0113953269543436,0.00421270565707984,0.00745747084263807,0.00220560523504295,0.00323452645550455,0.000286921039585673,0.0020892860516998,0.000839001286547966,0.000684967046780348,0.000523646843281814,0.00107404354126804,0.000236522160657261,0.000594947531928971,0.000396973181284071,0.000538661502985709,0.000476221415766062,0.0019301541122237,0.00586373210422043,0.0177079437460084,0.00170498654507716,0.00113553277926319,0.00214589552292639,0.00365163518516337,0.00201343870049855,0.0019127419028228,0.0040892041075265,0.00312024531278758,0.00146100483296431,0.00143370317720383,0.0018405183156736,0.00179949835148957,0.00456777120754273,0.00254259075769714,0.0177400538657332,0.00290576943264041,0.00233113429134606,0.0038519183087879,0.00503308280993563,0.00260931063581363,0.000372371915171145,0.0032336384144491
9.85363008756714e-06,1.87778545230322e-05,1.83585934269167e-05,2.91902291019733e-05,3.07217046954922e-05,1.81553805234056e-05,0.000112250886021763,1.93350959949257e-05,2.02285669449697e-05,2.16031130593819e-05,5.58441399846562e-05,0.000293208075787157,0.000121230308490865,0.00077599913187076,0.00126660492769643,0.000888966340440333,0.00328436630952116,0.00230642196819915,0.00202583398728155,0.00160441662166484,0.00285243937910626,0.00255069214054382,0.00601404528753011,0.00389859967229491,0.00189964799368731,0.00499311332438629,0.00469790152905966,0.00405828172276916,0.0028590650983803,0.00399465136338095,0.00682732450185593,0.00290691442242565,0.0015963157851689,0.00606002956225809,0.00240466716779724,0.00139146097229541,0.00368431900668208,0.0147417627566987,0.00157808456444166,0.00386148149949801,0.00372124713831818,0.00164575048003232,0.00188225115642674,0.0026871092819313,0.00123671593350375,0.00278411644380525,0.00296195511636123,0.00102236479506235,0.00163402192652468,0.00288984248537354,0.00226533728047833,0.00309479704613667,0.00142868543458897,0.00132161976219232,0.00111625967392565,0.00122608306348947,0.00062543967407446,0.000588399945790602,0.000183066622882678,0.000565683345513925,0.000477338399810533,5.16686147201732e-05,6.32393333572924e-05,9.37755386623809e-05,0.000124151925026044,0.000601801492565796,0.00152371729453512,0.0023304936292465,0.0423763184005767,0.00242190775960774,0.00539998822224438,0.00348024478077127,0.00729449791433635,0.00348048872747264,0.00155189098184107,0.00456823888059529,0.00235473112065843,0.0026895749157163,0.0024726059617513,0.00445696951562598,0.00100549082117847,0.0047182742172741,0.000850610015061423,0.000929578704464985,0.00104818129922097,0.000918808350856389,0.000675205689908142,0.000328309141397932,0.000350256438033429,0.000999731640285526,0.00123992971471335,0.00186712437709634,0.00293718854810011,0.00410137283111201,0.00422126212227906,0.00243613794173882,0.00366607910330618,0.0142560811045508,0.00504915693116724,0.00743930490618748,0.00232562845905852,0.00265635118007558,0.00703709263823742,0.0175174414909699,0.00139936382267558,0.00192395731869784,0.00314894662605005,0.00125333283351942,0.00167126132439597,0.00223146121396043,0.00540360396029268,0.00119536265598992,0.00456636282569858,0.00051610793493929,0.000893435428939984,0.000962162923200979,0.000753830021149407,0.00189120560072532,0.000593009125658189,0.000394714977841645,0.0002024664569408,0.00031498646248528,0.000325211427824394,0.000133515397853346,8.41314015321416e-05,0.000148403621865139,0.000126123301575359,3.84989739207962e-05,5.20159344764825e-05,7.14754771661898e-05,0.000101696520852205,8.57229239317762e-05,0.000297722651886695,0.00121539065971567,0.00185985348247645,0.00165786311528031,0.00913852258510376,0.00503897881567576,0.00192941470836779,0.000963041637125606,0.00129335934487696,0.0048322723933382,0.00130711389930827,0.000648220868960686,0.000466192151916768,0.000930175227001775,0.000423287514168861,0.000577803167357086,0.00316648851332098,0.000574184657402551,0.00304770302152387,0.000519520621280538,0.00817139358385566,0.0017162755659278,0.000893230312794665,0.00107584565903703,0.000708920013167924,0.00120046854194011
2.25789221496808e-05,2.95931283932249e-05,1.35386642240372e-05,5.08274487261627e-06,3.42598512629941e-05,1.12649187589343e-05,1.52469511141593e-05,2.66115714301203e-05,9.23424196297206e-05,2.96000193018405e-05,1.58111885117346e-05,0.00021821027212999,8.3460836152844e-05,0.000663608793878222,0.00159504173195538,0.00168224675475091,0.000950508733542674,0.0012419120756523,0.00229643621300312,0.00701547343085878,0.00223366561342726,0.00122327897679484,0.000948325903390584,0.00141766476660178,0.00182006232143702,0.00436296112650589,0.0195385566503699,0.00230772406955102,0.00529674179127669,0.0050746971246506,0.00827425881815007,0.00721767905484658,0.00737853546108313,0.00929119739161612,0.00440404781638542,0.00939362583740809,0.00343781595036109,0.00378101860138507,0.00534803861551321,0.0100769103589398,0.00730181106007857,0.00351121875723407,0.00283955210206594,0.00201984914192552,0.00196683106873009,0.00326144088219723,0.00113150378015035,0.00101115450028011,0.00202779905841441,0.0029263352764368,0.00137215284824783,0.00129993524941831,0.000568079867392377,0.000535361204932228,0.000726550867304508,0.000164409552078067,0.000226975808017341,0.00125218229448579,0.000373068770547937,0.000233792255151064,0.000129895105072496,6.94252291210367e-05,4.66912409245268e-05,0.000124706625514935,9.03579535217718e-05,0.00109677490334486,0.00798222414453792,0.00318166551758384,0.0138285542337623,0.00633834689329396,0.00706146211597399,0.00376030159477002,0.00667752818797302,0.0040405681920287,0.00700223076717706,0.0075588026876609,0.00734262278800042,0.00574391021638552,0.00568405821657637,0.00251106604213921,0.00208892809561438,0.00306592632393551,0.000516535864753161,0.00184592801930273,0.00131734261656368,0.000800995501978727,0.000603617714413007,0.000462415591853274,0.000237402654437355,0.00065889545155021,0.00104108787220098,0.0016070062427367,0.0120574701285351,0.00373852785757031,0.00407516235167942,0.00454209831484666,0.00804928205814759,0.00724038113924877,0.00696882646924165,0.0086979858118389,0.00639686616964218,0.00563150081095471,0.00182620910190582,0.00462152974371467,0.00238989812858954,0.00103344492437134,0.000519675295570101,0.00268606091531547,0.00199581515629948,0.000942722219301515,0.00141138034398276,0.000850861995691129,0.000810847046247912,0.00110169656155661,0.000392206409896366,0.00225321454961138,0.000745835727615243,0.00103607171935085,0.000414933076655674,0.000531980812497766,0.000569464815091212,0.000249491633850663,6.39227219759332e-05,0.000164138267683005,3.99664277675867e-05,6.86388276646378e-05,5.08378361253861e-05,7.12409021570035e-05,2.99052993835781e-05,2.70661172746466e-05,9.85577692386572e-05,5.75421898260731e-05,0.000692028564085262,0.000469918448347704,0.000940415667644204,6.67570209385553e-05,0.000347870924747468,0.000409188635080528,0.000799555622548671,0.0014574779772245,0.00227412145631215,0.000488851938092927,0.00145943198308062,0.000602504640683125,0.00123331296932808,6.97528446082467e-05,0.00025548690603828,0.00020553113646666,0.000221946275042353,0.000404450432736328,0.002041572593035,0.000920865011873194,0.000947241702791338,0.00483983859986523,0.000717783855801966,0.000360188867911429,0.000315411795381007,0.000922257747182076
1.40533385217072e-05,2.38964922979319e-05,2.63120776088967e-05,2.75741458999935e-05,2.06188326082098e-05,1.60487921748145e-05,1.7501810449895e-05,2.25413793478431e-05,1.89550680257045e-05,3.73581010498185e-05,0.000108037552957176,5.89057996313937e-05,0.00010122584107602,0.000941296144079918,0.000675359636206683,0.00184740044355671,0.00347827829489787,0.00370611432950418,0.00106478087958081,0.00114896729049369,0.00194937527487665,0.00163547227915581,0.00102663699045507,0.00237385672343094,0.00292389148378075,0.00404617658845081,0.00412978981836465,0.00312035050079675,0.00296239391816987,0.00422444687334321,0.0254406620131972,0.0157867944404375,0.0482280732528616,0.0192662294921475,0.0146526661054177,0.00200733764401527,0.0193401253722921,0.00976417354543025,0.0155851120047913,0.0103040953177906,0.00505712151332861,0.00417655184460045,0.00418654888371815,0.00345665959683837,0.00160284422553267,0.000962000067965847,0.00232711694373066,0.00255291053658301,0.00124039283575453,0.0014618828982371,0.00383335327811815,0.00216510024413969,0.000677879501603557,0.000548075712933169,0.000434595764310568,0.000387613318785966,0.000145225477537519,0.000199397659908432,0.000132156263544766,6.53266166490197e-05,5.50950572240237e-05,5.25542542826212e-05,0.000163313655977545,0.000164931261408294,0.000174501844993673,0.000376383874551755,0.000958143542361194,0.0091172427442465,0.00360186668554681,0.0175827073939929,0.00209014137598299,0.00607660599765895,0.00330674411161704,0.00627873648129517,0.00704443591809468,0.0111898295505525,0.018118213785361,0.0210668385799959,0.0179412809846725,0.0023162601392561,0.00308780635908722,0.00258356474103996,0.00191368068116336,0.00145523940599688,0.00405950236374652,0.00301740884253227,0.00100979696252725,0.000802548487257922,0.000546393778540697,0.00118269853348832,0.00153937428134038,0.002098426537007,0.00126150559587477,0.0145722700300069,0.00551412707921455,0.0096914535358218,0.00259986351065392,0.00320137400938039,0.00780706178631692,0.00819602965445823,0.00513794352466299,0.00743387164999685,0.00420975415136197,0.0128529995075698,0.00830457472016817,0.00631323557554033,0.00518178222361798,0.00862718425215266,0.00237933424036253,0.0152866388155928,0.00949304953715058,0.00129756650913911,0.00121540728564126,0.00109236464393637,0.000530338463073152,0.000431362131213539,0.000821697448937735,0.0027132769511574,0.0043038159286649,0.000822972516488571,0.000276408970964019,6.07700167805817e-05,6.43675866813247e-05,2.84369499641538e-05,2.99288435843159e-05,3.79109697115105e-05,0.000105310416576837,3.77576482360145e-05,5.66943021646031e-05,0.000112113013494308,4.61195463319863e-05,0.000102465830601048,0.000292214417401064,0.000456196408086737,0.000511319420342403,0.000615281960297034,0.000800059597033964,0.000630355213726953,0.000310220094433352,0.000283759545553071,0.000378347463906565,0.00041630836268969,0.000142997869349915,0.000138070813453851,0.00011171785292242,0.000391938676197009,0.000275387689805704,0.00027490030773402,9.90641266981425e-05,0.000162717093512706,0.000360368209669278,0.000716608216532786,0.000398009874365567,0.000122506290455334,0.000170951616471402,0.000273205774695735,0.00132135619996816,0.000271930713713068
4.10208930850364e-05,6.45745353677334e-05,2.40921673296969e-05,8.00860877751153e-05,5.28258183586279e-05,7.01467135942116e-05,2.30921319626475e-05,4.02204703204961e-05,2.84210570072008e-05,1.31289294322338e-05,4.26240709309649e-05,9.06390039493089e-05,0.000102669845564047,0.00162570038143698,0.00564442277410114,0.00426835296273958,0.00573628272194293,0.00905609508186172,0.00077649168649435,0.00430781837819831,0.000711425563741148,0.00264912636107944,0.00104018358669605,0.000517596813410394,0.00408446199671584,0.000760381709204257,0.00146333199000716,0.00424769273068991,0.00409704273459614,0.00338757754706001,0.0247957677222612,0.0194685355078533,0.0141536070542359,0.00762667502193174,0.0016402181532445,0.000505661765161834,0.00193490379575146,0.00281093397626408,0.00418490594546289,0.00178790886314996,0.00112046411870949,0.00451059862319579,0.00127073700619381,0.0010042813729235,0.0023344194208207,0.00405607897235815,0.00131951347754014,0.00118343262417055,0.00170072519108201,0.000512796362377163,0.00410239229203359,0.00125490615313277,0.00055969609356374,0.00176441171617954,0.000762852124792373,0.000298285206043919,0.000455453966346789,0.000449987851046107,0.000128398333481486,9.53592289118254e-05,4.76576779510776e-05,5.22233538709165e-05,7.38743959739357e-05,9.80236934600428e-05,0.000165025223470497,0.000301975275930249,0.00190843647638943,0.00874213177023935,0.0141039491994056,0.00318638887616349,0.0113584880068108,0.0238563957651226,0.00555791699489597,0.00714834987254392,0.0199768913608374,0.019596366437002,0.016964363031413,0.00349921586544572,0.00168611902702438,0.00231489281377306,0.00243328721969755,0.000899845980683674,0.00238789408191417,0.000792449215441193,0.00155369030809027,0.000795937239924853,0.000746532406082027,0.00034800418765329,0.00041863189748017,0.000390615199953306,0.00141885931190131,0.00192413157813642,0.00620448306820139,0.00270031505816087,0.0104597796260048,0.00214005630065535,0.00641727073153935,0.017276872239566,0.0264365184327745,0.0359516761841992,0.0373336813248368,0.00427281166762625,0.00332553650399509,0.00349362475763118,0.00380346500962345,0.00121862480107618,0.00118751090058466,0.000765303637017469,0.00163955903014442,0.00231928409003529,0.00214921399146658,0.00141330960199839,0.00108027705501876,0.00108819679006871,0.00153831337675094,0.000909152265188745,0.000816865838756783,0.000210056976530125,0.000704830904270812,0.000432870027046257,0.000314617343912292,0.000228898027312619,0.000102389882405063,6.24181864717026e-05,0.000127935293009984,0.000176928855383705,0.000113974120618858,1.95563677633457e-05,1.43003326325161e-05,6.54305051018854e-05,4.89692427770851e-05,7.35849925721503e-05,0.000564500696378896,0.000785008480314302,0.000386292837646932,0.000525079824727475,0.00138191325347039,0.00177408303024949,0.00027601476733557,0.000331909878558934,0.000581785422694765,0.000380494593536845,0.000664920230668553,0.000458537485204338,0.00043499451254356,0.000325107937499419,0.000175325311485394,0.000255373082982361,0.000120242794808803,0.000521557273940882,0.00058994683240638,0.000463054570002864,0.000241708768672714,0.000379152213946201,0.00109630909267711,0.000635159135188947,0.00054553280891458,0.00111990196646127
3.28840956190254e-05,5.74823472843906e-05,0.000126601221915368,4.25640903832411e-05,4.46534912856347e-05,1.91905906805965e-05,5.28094626482291e-05,1.48185198253929e-05,5.17073694413673e-05,2.54597012875635e-05,8.3766851258579e-05,5.30813218365615e-05,4.40410617881517e-05,0.000281960962024864,0.000163011020740425,0.000699637219865549,0.000243202728775621,0.00130488980840947,0.000776608307133711,0.000373698604601372,0.000335886973291,0.000657867887036035,0.000683704058138778,0.000744710871074278,0.00253351757592923,0.00230904526242363,0.00155577442451823,0.0015570179750109,0.0043479170275544,0.00282744813424375,0.0017117251735814,0.00237713624772862,0.00349647055116655,0.00226230476601384,0.00219358756167701,0.00185894951159874,0.00625741065391123,0.00264313367828972,0.00185934761077243,0.00140819173025343,0.00250609613583573,0.00178557969388428,0.00166928359496919,0.00067878698043892,0.000599908918498153,0.000468654847741829,0.000463903014304801,0.00309751938663373,0.000469712436630389,0.000815696931132457,0.00147098275489946,0.00143930823896883,0.00152345355772847,0.000334531432265421,0.000457218763093661,0.000712291350355672,0.000263422498521484,0.00025538163680711,0.000271738410442062,0.000183138557837854,8.20416444599017e-05,5.80675638786537e-05,8.56780141661168e-05,0.000336433065856613,0.000134667610866696,0.000517192232760232,0.00563526793466676,0.0032153801106267,0.0103138033201918,0.00358400251515867,0.00997676949779629,0.00632121382861181,0.00379350473406918,0.00546437429904353,0.00628602961689065,0.00507623616774329,0.00202944039227395,0.00317370543004826,0.00230374587156308,0.00600892621089948,0.00979731167944478,0.00516218357787843,0.00373272003781755,0.0040099580712221,0.0030143840908258,0.00061594093569078,0.000647828484251208,0.000970879810917459,0.000261649839586391,0.00140256942900232,0.00355707254366309,0.00359845770584515,0.00987003780689106,0.00597891673010816,0.00311957057586876,0.00200762870377333,0.0028083428469106,0.00499194273779092,0.00218047256101773,0.00196877150927285,0.0030538165083391,0.00655990622305498,0.00923717734012845,0.00878128447419933,0.00248747776084423,0.0011326050270265,0.00379301742475252,0.00188406018125991,0.00104931323061898,0.00391002124283429,0.000499813326431755,0.000840127751560968,0.000461125981433151,0.000168908723565677,0.000187216479981867,0.000767507069255013,0.000124028178661621,0.000686682495895953,0.000122279086084873,0.000207718278583493,0.000110359294106566,0.000131949335698804,0.000104454262120183,0.000126962071123491,0.000270107236753018,7.74815452681357e-05,6.79427991771077e-05,5.62675333750156e-05,3.35431367635318e-05,0.000101180031825977,6.12104553929002e-05,0.000157685400654314,7.81115787146818e-05,0.000303330036787246,0.000368737770221891,0.000440040503844809,0.00118287980357813,0.000640231844898692,0.00133171659659959,0.000507646737418392,0.000491168690115172,0.000327444802009088,0.000728113016618348,0.000435725296696623,0.000291755471696429,0.000258733239809305,0.000181056455148029,0.000354115329432772,0.000141732377415595,0.000231923028209564,0.000425021223541203,0.000371878669189914,0.00100690905572067,0.00279134450871196,0.000689944509726959,0.000687204926187117,0.00072848442139798,0.000362831758268612
3.46635854426144e-05,2.31385892424339e-05,0.00012520456345869,3.42958388714145e-05,7.30583472286012e-05,0.000156686144020665,2.80275313442525e-05,3.04170365484161e-05,7.85379103966538e-05,4.20486234860986e-05,3.83782193900948e-05,3.13744557371967e-05,0.000194873747682143,0.000622166653189405,0.000685879892945114,0.000959090299036657,0.00313311526296487,0.000669713029189975,0.000505898498011259,0.0011874258924167,0.000372655983484815,0.000257642874533047,0.000859640039384057,0.000285453372526597,0.0012783957467514,0.000658054316340891,0.00103805832879015,0.0021431200522797,0.00116563327499356,0.0013474829681792,0.00325638089925294,0.00154966188145284,0.000763305073711914,0.00137603445184469,0.00399992381162515,0.00278067710138035,0.00254592757310385,0.00100290439574118,0.00234603789682617,0.000878919201141686,0.000971462444205852,0.000318672051055078,0.000341011580698419,0.000922060408388395,0.000291883565098902,0.000677936090498995,0.00156677844751208,0.000294600267015846,0.000642607106648715,0.00134283448028021,0.00436250631642472,0.00151865929271026,0.00129413348481269,0.00161089094475086,0.000959825175353773,0.000238469133385016,0.000248076290742504,0.00140845601996398,0.000483198654649497,0.00024924589906996,5.98901166259666e-05,4.36460270495144e-05,0.000102848876149755,0.000200880871960332,5.55810495835445e-05,0.000197711620496199,0.00236808065989316,0.00519068269663596,0.0014257388556133,0.00307592031054177,0.00167221215899686,0.00133153652542309,0.00188888068554781,0.00117099236285234,0.000983237184110096,0.00212973224348852,0.0054264290301816,0.00239058779891484,0.00153486112775595,0.00139026808345366,0.000899418921252164,0.00105493542732689,0.000621957578365541,9.6806815258106e-05,0.000148156730168521,0.00127410028056266,0.000795335455388254,0.00019933459333386,0.000181864435470357,0.00082587728946767,0.000683392714164869,0.0010809019760701,0.00232822486566277,0.00206905324110139,0.00305067680894456,0.00317199613904393,0.00156115102302852,0.00158138859677868,0.00231358555519671,0.0021767183781026,0.00360013844718247,0.00128158418139827,0.00176040905441045,0.00145629795172002,0.000875167184523066,0.000445666545392354,0.000653382777353064,0.000928656791234367,0.000997813955379562,0.000778975225803523,0.000855874338451448,0.000888290833664919,0.000471696819697527,0.00028984761384234,0.000107805017008603,0.0002180566232657,0.000455808456707994,0.00022467452691121,0.00047204516141622,0.000311691865237107,8.9675848714723e-05,4.03816621150344e-05,9.24196725894791e-05,0.0002834753871011,2.43998536298296e-05,4.75899092068135e-05,0.000135949274655794,3.24148994784304e-05,2.76799765672926e-05,5.08085096435227e-05,0.000134200157529983,6.08204515881493e-05,0.000111469356136347,0.000751072197761827,0.000268775484919071,0.000223094429769833,0.000418650576064168,0.00212466422501947,0.000684998438684123,0.000229146094347102,0.000239271561184164,0.00133896480448509,0.000871506866718707,0.000495461851972892,0.000387634763506089,0.000275938099493602,8.95896692506636e-05,0.000161326644567355,0.000132295783734606,0.000146151630499743,0.000749629708176842,0.000526325475069504,0.00149694917837817,0.000850026389064514,0.000469017253420025,0.000143268007597665,0.000237668006224057,0.00039962232008295
9.90038353567004e-05,0.000193997909015545,0.000110862213072019,0.00017614548861683,0.000161222169009698,0.000268325300257877,0.000211099769691115,4.45460506287465e-05,2.10002401475881e-05,3.40254951627887e-05,6.33985136066979e-05,9.36283518582408e-05,8.36928833448419e-05,0.000435883609890082,0.000355670141272873,0.000238925460134656,0.00133795179943334,0.000176869394547765,9.41637505434014e-05,0.000183786470493464,0.000188661855173057,3.96567761059091e-05,0.00016232483952957,7.24999805913964e-05,0.000164727264097931,0.000104759253643343,0.000401900121710887,0.000671070603954865,0.00124123832579528,0.00062817886658638,0.000624035974998849,0.00215364465773042,0.002194667431871,0.0022241912831856,0.00110289834590254,0.000440111509601248,0.0016521185584533,0.001351279490122,0.00115462899342997,0.000152202188273627,0.000737525675204653,0.00140526434304295,0.00128790119244379,0.000808123247656411,0.00133588950002173,0.000299357395941825,0.000413288924358545,0.000566736845445462,0.000773670567607923,0.00177326664511168,0.000698502527784287,0.00591788553317214,0.000300272763872526,0.00111998896912363,0.000326601670105337,0.000734231245862331,0.000347093077407098,0.000109531636723301,3.49496166920837e-05,7.90365827979134e-05,0.000195805540100463,4.80303730283252e-05,0.000224147082582916,0.000268978639853868,4.01875180778839e-05,9.45076935668748e-05,0.000675532767695226,0.000990197932577937,0.00120666687132716,0.00683501262742954,0.00167981379282506,0.00339063638791469,0.00269056427252965,0.00163590438412871,0.00343394464303761,0.00157155453763927,0.00193838777507459,0.00166231941717489,0.000997296855883558,0.00329825889959701,0.00308464795422625,0.00209854986130342,0.000933347437521185,0.000494218787304884,0.00139179457780706,0.00138347380991175,0.000434090141233984,0.000300286181542477,0.000474323417614046,0.000373674751049866,0.000497162624531164,0.000360357329508571,0.0025432801450811,0.00123451979586065,0.000931939475022667,0.00202368201150863,0.00179246195175136,0.00149497691438511,0.00308407068736731,0.00170061987092395,0.00102663387104164,0.0011252829305545,0.00133889374720526,0.00202333938153836,0.00136849234286308,0.000216536291600357,0.000579538579513973,0.0005610663606173,0.000167346584070109,0.000876354122541773,5.58014060315755e-05,0.000557302261906901,0.0006675972599982,0.000253666295376955,0.000143410798855512,0.000276973005972176,0.00026071810157897,0.000185008098130082,0.000275520654150791,0.000132548562631039,0.000218148275272198,0.000242838432587891,0.000102471359329022,0.00013834761994871,0.000146776521497718,8.63898305305805e-05,1.97682623196844e-05,6.72417625552513e-05,0.000104646760849345,1.79000758791389e-05,8.34707706580092e-05,0.000252277356904054,0.000319240970655311,0.00021767940362515,0.000144555915276162,0.000237441688243856,0.000423102176034319,0.000156239001390432,0.000554476803488503,0.000881224555218917,0.00026384890209755,0.000171494041552638,0.000323595218111434,0.00160108066769341,0.000154658662086343,0.000179458893104615,3.22472749982912e-05,0.000104083877546015,7.67556981470668e-05,0.000377878246913858,0.00025534454677453,0.000329854666510536,0.000656287094509534,0.00181232131936515,0.0019425993058641,0.000729206340822893,0.00102337547802931,0.00101179360790431
4.33141592127903e-05,0.000157177808155033,9.36065886728849e-05,8.38173518898542e-05,0.000217254101997851,0.000126384583657778,0.000112960408827331,0.000108130956020335,2.34522881090472e-05,4.31559820629906e-05,6.91845223316058e-05,8.52651882613923e-05,0.000119195817364462,0.000261507629871992,0.000118836542103764,7.42137004466227e-05,0.000111396508019675,0.000196118047841403,7.51205185517331e-05,6.66910851694102e-05,3.26601064151372e-05,4.18720956548706e-05,3.3905901503065e-05,0.000134076611674488,0.000169255375909087,8.43998333388213e-05,0.000100262665967153,4.18694083479503e-05,6.04561811240436e-05,0.000170555670936535,0.000192870223583443,0.000304737237121104,0.000464374905120274,0.0001389270586988,0.000446997779133827,0.000373326070846623,0.000296618304232907,0.000288908075389875,0.000155555470301345,0.000248143755315645,0.000195888504054104,0.000127049792683284,0.000106481566065973,0.000131126088786113,0.000627027452076902,0.000138542406575133,0.00022666973884998,0.000483659788796082,0.00169789698455223,0.00340495524277341,0.00238695703446406,0.00229863748498125,0.00290498228376006,0.00163098778351761,0.000831095593123288,0.00115872088412931,0.000680122577689832,0.000683973546346401,0.000370954854178966,0.000164743167627641,0.000157190936624307,5.03282904009422e-05,0.000237734949414937,8.30091773672134e-05,0.00031450526902863,0.000549331312812432,0.000934247998022518,0.000737229483236751,0.000877723137214089,0.00088215683924184,0.00105795301706511,0.000912487473784691,0.000443194753652163,0.000476990065559103,0.000232633459903211,0.000396721804623278,0.000429327796114935,0.00130381183894366,0.00120252709586087,0.00104551623010411,0.000401932699489462,0.000526752107192884,0.000332130458556877,0.000573673134611981,0.000163981515937196,0.000260092645703664,0.000392691312142594,0.000175762801752348,0.000134217905023977,0.000398658610319545,0.000951071740637095,0.000547758046109001,0.00241520417725581,0.00172777875109388,0.00149015943570988,0.0020435617477585,0.000678302117806098,0.000317770881631749,0.00135893847527646,0.000166982236802263,0.000730231054350249,0.000747540202531391,0.000666125238024699,0.000637512038155005,0.0010773772981317,0.000438588680484752,0.00027218321100119,0.000192511893211575,0.000246604890423554,0.000200795247633182,0.000189119617625828,0.000108288402653088,9.55085966266353e-05,5.85600001758655e-05,7.91809545729155e-05,7.10665417891996e-05,7.79601524761374e-05,8.9960508089247e-05,3.50582056534637e-05,5.71609648909518e-05,6.92784747537502e-05,8.91266201666007e-05,4.58516807789112e-05,0.000162414383326386,9.12116905836998e-05,7.17070305001369e-05,6.52368457374801e-05,2.3384929818704e-05,6.35417056129484e-05,0.000127548153947397,5.68168008691368e-05,0.000231449034449918,0.000133828843721363,0.00036035971586014,0.000338013160939844,0.000563160417421025,0.00130057873657261,0.00104240723982795,0.000351982503670327,0.000420281853677744,0.000414992211178956,0.000153787368264428,0.000823742013105923,0.000350165708026896,0.000188959717514936,0.000299109704646416,0.000298121411550388,0.000138054201063387,0.000399349555598457,0.000351087234046441,0.000303242385099168,9.60844567041143e-05,0.000697401358063533,0.000599593894254603,0.000546962493889667,0.000178482352515787,0.000270631732090153,0.000485399124353099
0.000145114265164251,7.36243640391365e-05,0.00011927596658689,4.15438407065739e-05,7.35234714145168e-05,8.80983243467084e-05,7.6553155183339e-05,6.50452550112703e-05,0.000141420472880257,5.60823451966486e-05,7.38528054281384e-05,0.000100075869278903,7.83389928381318e-05,0.000102959256999513,0.000136820266580023,1.35504404226262e-05,7.31868579728483e-05,0.000100948190320216,7.09880461843323e-05,8.33766124319495e-05,7.89296713163736e-05,0.000137038682016748,4.40437659560677e-05,8.16544219361446e-05,7.54079443654031e-05,0.000114901539176281,0.000144973735031947,0.000109947639048344,4.33987623943539e-05,0.000317003053839713,0.000323782145207809,0.00031388185950517,0.00116242878539107,0.000461490217924766,0.000240305979588558,0.000416427379848064,0.000453585539468897,0.00035879081342157,0.000556819116726204,0.000190846568553206,0.000226633612432463,0.000333119425361044,0.000197706059600982,0.000186468930227394,0.000123339009012234,0.00034157655807331,5.51217753933786e-05,0.000347087276877955,9.20052026132872e-05,0.00110739715084902,0.00161307051797491,0.0024893385155203,0.00322369459692722,0.00162629805174844,0.00112444111832795,0.000964725258032875,0.000431225393867541,0.000208278620706632,0.000405905648109426,0.000296714027112931,0.000639936491061835,0.000121276689951177,0.000150684304155568,0.000144616805285611,0.000241205699922023,0.000346579097835886,0.000669994842849713,0.000793149302211968,0.000776300419796286,0.000325675387932881,0.000649434280139835,0.00134147571070544,0.000452323032983796,0.00069102671179848,0.000430194886336234,0.000627523565043156,0.00127877625282865,0.000549174542959432,0.000836788695759157,0.000823419364133946,0.000261599010690571,0.000660049960469078,0.000493921027993062,0.00035030365392781,0.000112019678301349,5.56422155036948e-05,0.000207162283783275,9.80412546194171e-05,0.000166059041579008,0.00103735832518031,0.000666346239594241,0.000310327792383993,0.000528951517050482,0.000682103975123809,0.00116264336376351,0.000544417217412901,0.00115525458308782,0.000774777083994992,0.00121779756886854,0.000944078108844924,0.00093981615848431,0.00054021833896824,0.000487007433614672,0.000384794812301322,0.000821593977175487,0.000457374178434762,0.000170689337896669,0.000127500896795176,0.000178616140655393,0.000226592285123268,0.000115621886210506,6.95588487562735e-05,5.71071062880191e-05,8.51942011585669e-05,6.79116624391518e-05,0.00020139338587859,4.32651859380471e-05,5.64858639214856e-05,5.42022543522814e-05,0.000127890987654915,9.55036170662042e-05,5.5063010226872e-05,0.000102830047800233,0.000325449690639588,4.42639300032236e-05,0.000126567376083201,0.000144699771614634,0.000102712211493513,0.000112143544779582,9.66936770775176e-05,9.61195101933907e-05,9.88555511442292e-05,0.000112733392784927,0.00011481885869507,0.000192251757305913,0.000224664184400343,0.000332658024788051,0.000125271548580788,0.000681668211512812,0.000873345555760491,0.00126697358076254,0.000409982719714172,0.000737077496378311,0.00114328471522852,0.00049034287430079,0.000160482626501152,0.000407524778343913,0.000295880687279404,0.000255575751123874,0.000233923872893503,0.000654057252889322,0.000793081163327394,0.00152341851254661,0.00248631445568298,0.00142389376454321,0.000571124158632033,0.00106337013123714,0.000505818233987651
4.63862481406611e-05,0.000284959450841897,0.000305654419871814,0.000150988663921249,9.25143056465273e-05,0.000184408168049301,5.24220405873411e-05,5.15637498204669e-05,5.05071980800748e-05,8.18505010667134e-05,6.38297152211353e-05,0.000136310051003497,0.000154648918843827,0.000316336810222542,0.000588064531944367,0.000153737548580192,0.000485478892814652,0.00019993659284491,0.000499694607738932,0.000611876722495397,0.00019773805684206,0.000234308667734796,0.000179364936760309,0.000128908436311211,0.00040722772111392,0.000147481200558366,0.000197317586650843,0.00019403438858067,0.000302531361992584,0.000351643027974792,0.000231010654690294,0.00166537207343021,0.000392239005557491,0.000870433638261719,0.00135280498495518,0.000683121391663595,0.000575532576706198,0.000676591647662532,0.000275545919779314,0.000540676052923783,0.000378120588715909,0.000309056913488495,0.000332719760058016,0.000734884969429821,6.17651841432676e-05,0.000564546725303483,0.000256332939711448,0.000168633842026775,0.000158431417193344,0.000869414455238391,0.00151549612823805,0.00477347835589373,0.00355147264909968,0.000543433318876362,0.000384461949826937,0.000219215789346128,0.00014232300592547,0.000710349599179491,0.00059921313735064,0.00034823789038785,0.000210196002182984,0.000187907270119568,6.20284260988235e-05,0.000261234653224772,0.000102687941029349,0.000339798479234268,0.00167700197661176,0.00292142572304348,0.000744272094747225,0.00414972932194459,0.000835823325506364,0.00158611804640439,0.00212250351321005,0.00227203404650715,0.00174402865799516,0.00164410372890336,0.0022825637777254,0.000446757770045231,0.0010955983583145,0.000565062805545405,0.000533663120120019,0.000530271134488796,0.000384409334434694,0.00022792095255388,0.000106735861395002,0.00012966165395066,0.000222444460166524,0.000259301755640069,0.000285246130002067,0.000505350797712523,0.000702606606504194,0.00111383912343254,0.000945464089972385,0.000562260054854008,0.000888908635284439,0.00102071691414896,0.00114243836203701,0.000997401835238094,0.00174911307913669,0.00229979003201499,0.000157578409274871,0.000433879446347008,0.000510842076603765,0.000165384353446447,0.000737355466662226,0.000610220018333139,0.000237094909118672,0.000127199425428368,0.000150124036697783,0.000314588725247381,7.40225303208525e-05,0.000104605934127393,0.000185928843631995,6.06051476502382e-05,0.00015715176546288,0.000160348659574723,6.85167245377891e-05,0.00018156578890481,0.000185521361283027,8.15422121654328e-05,0.000164090729044891,7.68146695202186e-05,5.60322687419332e-05,6.05610571176815e-05,0.000148567453642157,5.81913434593159e-05,7.82765964249239e-05,0.000101981688336342,0.000107529494195149,5.65984904681201e-05,8.30112594315601e-05,5.49934011262737e-05,0.00015247827921566,0.000110416790412716,0.000218516277674121,0.000120552536175506,0.000163124819661275,0.000259674256707532,0.000189220848202907,0.000224189267339989,0.000132168824658728,0.000470598365507057,0.000219790622877343,0.000104086234211364,8.87670207521163e-05,0.000182702931022598,0.000355189515197919,0.000198556436072794,0.000163720140664489,0.000187057395113081,0.00028953936855525,0.000694296135169351,0.000362816904356503,0.000570974690357531,0.000357813783173555,0.000109297878249336,0.000197917547746523,0.00040692500248877
6.75521988552596e-05,0.000115431203159934,9.56489249724503e-05,0.00010077499368261,0.000156907166589649,0.000195093054174363,9.30503348496777e-05,0.000147759353765224,0.000121548906430602,0.000123520427625678,0.000287765337540078,9.89978525291014e-05,0.000182220764187621,0.000194693676800334,8.03518365151673e-05,0.00013229605909863,0.000477613538174352,0.000352684889173094,0.00047860034471256,0.000358214129196628,0.000629799121659193,0.000263969507778894,0.000226168752020062,0.00044566734234543,0.000470644503445344,0.000971400755360367,0.000770956374284846,0.000173623024193183,0.00240672674894027,0.00293118753830571,0.00213542313221679,0.00309005028852948,0.0024072720792453,0.00884894730136305,0.00419716648089701,0.00284386612535069,0.00166221081105521,0.00243798034557593,0.000846367962841209,0.00173136014739402,0.000645317836881576,0.000468310326534373,0.000601111315233738,0.000795520646103405,0.000133075602410565,0.000167726829304153,0.000188767953712254,0.000364089307272157,0.000754660941600136,0.000351366258104505,0.0011248189265961,0.00123854250686823,0.000462116407094191,0.00068366716445779,0.000424035121084405,0.000231427523439121,0.000396625554226737,0.000639912858004247,0.00043368230978021,0.000291105134878632,8.68637925642836e-05,0.000480885816629332,0.000132715569021749,0.000361205464531296,0.000255740058619421,0.000322830223222224,0.000998686355739715,0.00271316123984275,0.0042910742679101,0.00239063379135847,0.011372820619052,0.00616167846349585,0.0018535553167164,0.00280419295730033,0.00290964212593583,0.00171873572725149,0.00395080675592601,0.00468882790818353,0.00396482799530236,0.00182619130694777,0.00346616051854447,0.00283956963753533,0.00390041467393755,0.000639147180243282,0.000931393986523459,0.00053611540455883,0.000705501583818051,0.00053626013390229,0.000633813881448694,0.00124075283909481,0.00254345039522325,0.00208899859960681,0.00379755193060177,0.00285273579740666,0.00445874285915521,0.00337172879675454,0.0046798716514199,0.00494294205650435,0.00143852421463546,0.0027293945571728,0.00128172158021904,0.00090586764181484,0.00106635183370289,0.00215541778317362,0.00116585454629267,0.0013972643767557,0.000759227666187259,0.000175950829860356,0.000700851065021635,0.000276151295248229,0.000371560592723757,0.000302692201960542,0.00026056893505978,0.000197890839779234,0.000117251299596509,0.0001404223441122,0.000131625397793752,6.18448185726471e-05,0.000187230304735938,0.000120225417815332,0.000169369773703892,0.000239517536030629,0.000137056681079091,6.99205725192722e-05,5.82358690947457e-05,0.000175022061790922,0.000133966884145286,8.68091624203746e-05,0.000103131823847672,6.42791213792353e-05,0.000213445227596967,0.000217569592416066,0.000212729660944674,0.000404569412263207,0.000282548595723556,0.000172129640873856,0.000238699436126632,0.000550482484120544,8.16089254802343e-05,0.00032076325307836,0.000513841458576143,0.000126356613014835,0.000369082968501749,0.000287528458077132,6.63985379790702e-05,0.000191025351581905,0.000105620149322241,0.000273982429240212,0.00013394841673904,0.000210107280450583,0.000343824102089031,0.000272683001403657,0.00102640132163808,0.00092820173590248,0.000559671449169644,0.000489619811873316,0.000211372668016094,0.000599402255611593
0.000448062792741932,0.00040763622610735,0.000162554363631876,7.57633035968247e-05,0.000275264927791077,0.00015920331036226,0.000403057262937488,0.000198971423683725,0.000329786463292147,0.000220142767327365,0.000228877296319365,0.00022115342943195,0.000216421140376336,0.00056729001949244,0.000552125492657215,0.00137619587972724,0.00057293553371096,0.00182937900246051,0.000328230988313291,0.000912012025792197,0.00122614500062784,0.000822650040205263,0.000787109335065116,0.000648846031505696,0.000271531256031494,0.00159080598520384,0.000348109950162742,0.00101439339620879,0.000923128116150627,0.000786265775247233,0.00242072854755305,0.0100773258022721,0.00315638423804946,0.00320268030392823,0.00438423857938226,0.00632696632126041,0.00230585763566879,0.00428511998007771,0.00223984238438891,0.00119287441061445,0.000943839220442726,0.00121812601881757,0.000746721052132803,0.000206461570668603,0.00134557448486588,0.0004839861948938,0.00027320785765929,0.000100174392673793,0.000427585187180523,0.000569065657572634,0.000257568144795426,0.00103554889404164,0.000902298350609254,0.000156264464187066,0.00053120346963791,0.000249507872133731,0.000283773924907576,0.00027538913851141,0.000386525851904231,0.000249659798683694,0.000117158625913703,6.80694219427034e-05,0.000144330335058053,0.000355693242581935,0.00103637155897394,0.000993047104845688,0.00617357903290022,0.00470981169763644,0.00242604534397419,0.00803104386718773,0.00293276919776847,0.00672161075084287,0.000970731465931143,0.00428911975759288,0.00328353292954993,0.00152841950992125,0.00424574298770978,0.00322216927074067,0.0015517274008105,0.00196003810771847,0.00128355750861237,0.00146143751181334,0.000297164168394334,0.000507541317702555,0.000216618995521992,0.000540035023073183,0.00037822111244677,0.000393091123417316,0.00233719299815423,0.00148700960072003,0.00194452462706507,0.00298245312332354,0.00394992188421777,0.00483566891595602,0.0020796940820431,0.00285989080708623,0.00327341648919161,0.00317731478776622,0.000510266091273309,0.00355601597957179,0.00102493747250666,0.00202124641336923,0.000941764211431026,0.00131409986804798,0.000434080000106628,0.00083205228815853,0.000518760391689472,0.000885052915102216,0.000395831131307899,9.95036504442722e-05,0.000383984801177781,0.000458890316085923,0.000567860984024554,0.000198009300001765,0.000302915003914589,0.000563781291186918,0.00018115700052685,9.85192214986334e-05,0.000148698245748039,0.000177645248159736,9.73267449569536e-05,0.000351604821274252,0.000281980160980083,0.000106354496586399,6.71614013483405e-05,4.68843766796413e-05,0.000150984740389343,4.73780966626832e-05,0.000397090296598867,0.000225254891027225,8.71397983686981e-05,0.000146167711701882,0.000579858766464358,9.21448600211079e-05,8.43006778028837e-05,0.000250415156557816,0.000244419019169219,0.00026042320392133,0.000733724818646431,0.000717517395730834,0.000459673414037556,0.00157634428859546,0.000544504226887649,0.000338202097517147,0.000281518724189683,0.000166955549797598,0.00013045642341812,0.000541592357825521,0.000260016568016073,0.000417158418966299,0.000178277134755586,0.000792352453169828,0.0015109834056178,0.00167733862908489,0.00119531032549891,0.000342009785845714,0.000769343962822539,0.000568319251242365
0.000417871205338175,0.000444842356585143,0.000481609490076471,0.000614393333612815,0.000536930351338995,0.000348893945061651,0.000372312379891822,0.00030485009105012,0.000586030617542925,0.000270223749685437,0.000199907434108802,8.89319693480536e-05,0.000450447472210646,0.000788001653080704,0.00105958323902333,0.00094015344832484,0.00105564851010729,0.00347997021073602,0.00138463013704169,0.00404070689401499,0.00262736427330859,0.00170555912441312,0.001483411310727,0.00117114709412365,0.000985242279512334,0.00194483475025107,0.00382614114117793,0.00151445957627613,0.00582713521146044,0.00596749613852061,0.0024751309783092,0.0100671306763624,0.00354338404305483,0.00455203510561953,0.00363922214023565,0.0011257959982735,0.00244061944462105,0.00283983890549704,0.00173318400734767,0.00152462929358763,0.000799985996482214,0.000377254768186263,0.000614111552062544,0.000291025684386984,0.00033575266800643,0.000191083409000055,0.000472415014146012,0.000264053205402513,0.000551093623599792,0.000269756539546692,0.000444431477127212,0.000773858599008358,0.000279084854283286,0.000408911324068265,0.000587036586942517,0.000502703486025766,0.000541868437060731,0.000239486810963004,0.000324368976993753,0.000549482607544942,0.000453946195798032,0.000221609060009192,0.000421936959529503,0.000113657908989834,0.000122631972749481,0.00112490330482623,0.00343267756644666,0.00172821457003503,0.0055664445795874,0.00446791696984492,0.00312124110155966,0.00275934424652566,0.00194617108215949,0.00568995745579108,0.00275956498810125,0.00157796676378587,0.00221830374724409,0.000821321800828966,0.00325128289203945,0.000813034848958091,0.0012307510775152,0.00162471099180551,0.00146388128857784,0.000397684077203937,0.000683663352719112,0.000181703770598579,0.000293069363206863,0.000473934039092424,0.00264566945487738,0.00073272446737972,0.00093152130037362,0.00115105153000025,0.00129293350925278,0.00275437799252293,0.000520288174826163,0.000587294911284777,0.000771767274433868,0.00067516809785425,0.000705570450620194,0.000703411627598086,0.000768958906804921,0.000872553611160072,0.000682883146834573,0.000352844277334139,0.00022263633885012,0.00018673518271889,0.000482991709875179,0.000105335197415577,0.000459656322136676,0.000322585328892828,0.000686323169968054,0.000200064266867487,0.000544390367697152,0.0003813151031795,0.000485156476967568,8.78963143108187e-05,0.000166158593311469,0.000295337744392794,0.000937636747953195,0.000111072349347549,0.000251968624609086,0.000245292554717926,0.00010767501944914,0.00021744006451429,0.000269173868675753,0.000202245523300418,0.000204482752486789,0.000659804517892605,0.00011319049552864,0.000381582948364387,0.000115139485697965,0.000100529079755493,0.000233046999985748,0.000361044180574067,8.80869575864027e-05,0.000393209422758131,7.63664096526482e-05,0.00081008508261824,0.000251941886902525,0.00041746895825218,0.000168010437167435,0.000156029067191681,0.000731173352372515,0.000645433647744227,0.00012780453037386,0.000472189207029731,0.000190557549594062,0.000496700885988639,8.0853381813773e-05,0.000373375793312185,0.000345554955162748,0.000327492942734442,0.000784656131915766,0.00112207892925347,0.000431318324877584,0.000686387578543222,0.000505423335787586,0.000340190601777746
0.000895898241040188,0.000262769479088581,0.000173292047006663,0.000238632080534759,0.000249102216716754,0.000494537023691428,5.28575530093719e-05,0.000228485029340165,0.000138953545107726,8.21209847227783e-05,4.1860129502858e-05,8.60073733876174e-05,0.000405543702394417,0.00137388034064993,0.000737875385075295,0.00116213872406607,0.000560315003795231,0.000911811525267314,0.000700613802072835,0.000883871671697968,0.000865786327644191,0.00158140852191114,0.00139098537642077,0.000601832434109451,0.000287755689114776,0.000575913132153606,0.00112041928692406,0.00255982845757819,0.00566085134128732,0.00412428234686891,0.0107534505539794,0.00597021607036717,0.00247383679989497,0.00975334471990622,0.0031242584139643,0.00257526020263874,0.00260974588344044,0.000189281107541213,0.000544256448373348,0.00123286049514762,0.000386640633446072,0.00211327190973191,0.000500234106049534,0.000170594725488535,0.000493444252504952,0.000259607403156153,0.000202652478364411,0.00015242414986402,0.000560828593375647,0.000316238202427876,0.000484991108624618,0.000280757314714398,0.000148628979391344,0.000667471992084636,0.000538274359797989,0.000436489530218554,0.000784630241436032,0.000392823169560552,0.000457714112472949,0.000152217296076216,0.000335372436857136,0.000214871290922728,0.000367858636180572,0.000734227466173314,0.000283613703081915,0.00112361888404306,0.00116353771069428,0.00200620047281393,0.00200249739054301,0.000884967854311941,0.00568119617260912,0.00623351815170767,0.00239285751019945,0.00286939803021741,0.00151444670367597,0.00291137494554842,0.0010393469237101,0.00181377253630951,0.000227676241752843,0.000418046719013816,0.000417080492781917,0.000801745601983601,0.000217263628876478,0.000265302689376705,0.000417471801137728,0.000222416742965352,0.000823742581828013,0.000188363169062834,0.00395904652038443,0.00259693991659537,0.00163574922105702,0.00256477632160006,0.00402867546338841,0.00327246703680578,0.00210077008370964,0.00226684967389429,0.00246344276789191,0.00190043019614867,0.00109341804118479,0.000711818919235932,0.0012973224692804,0.00157280511517497,0.000714641376639171,0.000550529299094435,0.000380917949101099,0.00114459850714705,9.92185674563458e-05,0.000164923500437549,0.000332770096159251,0.000516811744328493,0.000235602474440428,0.000236918433984407,0.000365300208495089,0.000251172114318261,0.000145346795497073,0.000320704656788457,0.000192560956524357,0.000220287499533989,0.000486046914085289,0.000561553646577514,0.000190687325476745,0.000310547134845022,0.0002635493424597,0.000190562472987449,9.76510751423665e-05,0.000156030124339391,0.000244861061839043,0.000140979686110164,0.000339489768526239,0.000189223256497128,0.000828453575347871,0.000530921876945403,9.69589209380799e-05,0.000190341323668694,0.000219428471879832,0.000192888299086436,0.000279894652979473,0.000318918589381476,0.000231878096494188,0.000280727966482807,0.000424113240510711,0.000434840619004904,0.000413002668094802,0.000185506827682994,0.000189129042883046,6.78244403837671e-05,0.000180091009703931,0.000359996989473104,0.000118232175379545,0.00060800801749545,0.000137026953477122,0.000936038804579147,0.000179298964850066,0.000512827802049683,0.000300337518092689,0.000622773021877499,0.000101691765535662,0.000996817359827092
0.000380541722881323,0.00104258023412659,0.000317880087339836,0.000259556839860355,0.000325558525540699,0.000133792726963251,0.000119654917214047,8.58688883363956e-05,0.00018423053949415,0.000106622313070981,0.000146162509773145,0.000441118363552953,0.000222487539614508,0.000538581671997768,0.000864771668415287,0.00209885973874685,0.00338862241787445,0.00160931990430266,0.00171833769073477,0.000706794584560123,0.000450832992168999,0.000870145823502873,0.000553941291851148,0.000521121189725342,0.000989240347421984,0.00096697738017741,0.00109729282360365,0.00187497146470515,0.00315558932603337,0.0049035313394558,0.00267862591620478,0.0050772892266762,0.00248655106763609,0.000840885355472691,0.00269306793260777,0.00138830633542528,0.000465405311175835,0.00103131094310671,0.000664854986480422,0.000331998589312102,0.000190273706572765,0.000244760732141271,0.000316478299816771,0.000318948828154921,0.000243519295423845,0.000193657386647088,0.000341128260911175,0.000131458310823932,9.69204923686597e-05,5.29282500179347e-05,0.000258288680810795,0.000461641344549663,0.000552287975791554,0.000358871094907539,0.000321135596417779,0.000322687604098987,0.000431994391952644,0.000613712907904449,0.000707089556767859,0.000229834534032252,0.000408208734957985,0.000191615527315561,0.000256281248542104,0.000691127667860628,0.0010018429252933,0.00209095354726529,0.00333059454914591,0.00277770775437569,0.00496358004318185,0.006476822487299,0.00368970003792216,0.00413007532028867,0.00318107682984771,0.000582533585771737,0.000597477439828046,0.00120073014147512,0.0014733415781965,0.000563479526345149,0.000668468237737927,0.000253207993199879,0.00026910909185053,0.000588287111907859,0.00035584822139342,0.000309405748220763,0.000214329528858894,8.95861268803762e-05,0.000153502240347198,0.000458851958133244,0.00187905574687442,0.0028144372447236,0.00191320341536441,0.001805464008446,0.00133004954144546,0.00457721878112572,0.00114449777696002,0.00257932610893767,0.000904919039809355,0.00166294994111951,0.000726056168570761,0.000627400854651892,0.000893556637066561,0.000643951362028383,0.000790969205248359,0.000250619606233778,0.000249829507513437,0.000105068559040386,0.000370324007547255,0.000345057334320787,0.000321936882085567,0.000224826755622617,0.000308581604898685,0.000362908579317827,0.00011688022588273,0.000173929476146807,0.000277079384579954,0.000107186911963624,0.000131482483152624,0.000271780415670126,5.82631439639273e-05,0.000192541249885637,0.000109045246914814,5.02022438934603e-05,4.17707110981403e-05,0.000271490012131136,0.00014901640845294,0.000157290733781599,4.72956375299149e-05,0.000179333846541444,0.000221864765566159,0.000476972762649982,0.000292447534884454,0.000581889651218784,0.000265172767166356,0.000555827380712083,0.000115982833901186,0.00030075320623751,0.000295174312467961,0.000223112214332462,8.86772575416898e-05,0.000479694276336819,0.000317184771579608,0.000299633821068212,0.000121149536314959,0.000139981867266294,0.000130143127918526,0.000137318399991825,0.000163176917081901,7.79843152356902e-05,0.000130651596594364,0.000624853397718502,0.000723384748550251,0.000718963402927475,0.00194897069254056,0.00100459215781219,0.000732890984297165,0.000971533154065858,0.000675009149540544,0.000465028385807714
0.000296006109655869,0.000506933669088573,8.63003962482344e-05,0.000354488705493479,0.000352323795094296,0.000464474392395213,0.000127003913130775,8.70644732164862e-05,0.000118597935993802,0.000150343905332744,0.000162505744625923,0.000193158939728659,0.000230232006872325,0.00021714086044334,0.000766033510931294,0.00111639565426046,0.00329845562058802,0.00267682895270463,0.00159975717774145,0.000414723138044781,0.00053736651904113,0.000691520764086125,0.00101511855120797,0.000677972396816904,0.000671123272556072,0.00130843302990686,0.00251768413421487,0.00293188460761491,0.00394269172899054,0.00397890616961432,0.00198027788493876,0.000911485701366233,0.000691967588313262,0.00102102196077418,0.00054969168015394,0.0012373965167658,0.000555797809753112,0.0001998047555022,0.000268055685457164,0.000315379021734118,0.000437197728827204,0.000199552205158924,0.000163916437498981,0.000408837553656742,7.47649977770763e-05,0.000143012786919283,0.000303041641035415,7.67318423761529e-05,7.69771571691412e-05,0.000128952847519538,0.000449661407714075,0.000419902849706974,0.000555368377126271,0.000197347601837064,0.000291717225563235,0.000365083362438375,0.000267823067491583,0.00040554351452242,0.00049839172351673,0.00027874276721712,0.000716290916591314,0.000712767211892595,0.000163674648391091,0.000720285025922664,0.00102740587569541,0.00476493385832793,0.00694224807330738,0.00509002767976795,0.00497323977107227,0.00609993892393372,0.00412268330634128,0.0042400728514206,0.000878546709206919,0.00362269501627942,0.00625344878051881,0.00396296321192579,0.00115396200514604,0.00210736656585998,0.000654028578052594,0.00107498029071579,0.000761378315081638,0.000202153980575694,0.000253108943925655,0.000147863023474904,0.000205885876296994,0.000463711749004863,0.000267798180079116,0.000451701864789179,0.00059582671628572,0.00112587445205542,0.00101013847649191,0.00149754950101954,0.000684711640225726,0.0018637402984227,0.000600305106637636,0.00135000602416176,0.00105502610757192,0.000969423916125819,0.00235459258718097,0.00179262091886478,0.000704919997920222,0.00101668785135099,0.00017496928940755,0.000196078703303798,0.00038242316859242,0.000107777420180872,0.000223858741479138,0.000191052302152747,0.000171749709034334,0.00013830733645388,3.42203159137552e-05,0.000118118466218551,0.000275350569982725,0.000120678015009053,0.000113643459967801,1.68742967514054e-05,0.000126232727185606,0.000168973608455014,0.000337822153265636,0.000145679061524606,0.000273003391929798,0.000133543480222331,0.000110951175009425,0.000189171196445204,0.000269215891925479,0.000190333416563548,8.49575977286414e-05,0.000441443162911027,0.000264111461530907,0.000578318053820834,0.00174775696178937,0.000698513306732235,0.000310040718047607,0.000328889692432695,0.000377857925775097,0.000398467771680291,0.000313999861488881,0.000675738363203402,0.000518985151416848,0.00119421993384233,0.000843796360733598,0.00114810138973786,0.000878210978198331,0.000536409847503921,0.000197062021224035,0.000135796627454603,0.000700992412780467,0.000177051620906088,0.000490827966656201,0.00105222440347757,0.0010374110130886,0.0045320372008849,0.00521616220052263,0.00478353512924999,0.00256886732232257,0.0012255535429676,0.000492827527231471,0.000366538571400551
0.000362794007748543,0.000366980265841163,0.000111092419979887,0.000308142584395393,0.000495603385182245,0.000372353005484009,4.9112133309949e-05,0.000116845968754938,0.00032473820002542,0.000118217463906954,9.5712886089039e-05,5.40052286003504e-05,0.000116400157210246,0.000857000485281044,0.00179995943311819,0.00223825639991302,0.00365133661106799,0.00349235444336812,0.00175430085523739,0.00435896476493813,0.000689209531071601,0.00163668509834613,0.000956430431675346,0.00142903894657012,0.00228642339272923,0.00398947418947123,0.0026225781029152,0.00464702238470431,0.0028125966258127,0.00490502823820723,0.00277715990817554,0.0010163771919487,0.00234998471021649,0.00158963453358955,0.00158232867025692,0.00110446523395147,0.00205460002161398,0.00118485932748358,0.000304804205577039,0.000310826466365184,0.000758101703588182,0.000413803411649217,0.000150746493108163,0.000171800674715182,0.00029593457447224,8.89196451841702e-05,0.000325189886202453,0.000164920040142066,0.00022309624371305,0.000118880851542719,0.000429666225203377,0.000234580249017606,0.000564675134623127,0.000273914371186372,0.000146127620472192,0.000334346236330906,0.000584210026002287,0.000664914587718883,0.000597284772311545,0.00065845843087801,0.000280916464061409,0.000479548437326315,0.00060168304248354,0.00311165416000253,0.00159066399332403,0.00498816073281049,0.00402054793132229,0.00266451862711417,0.00159983010325752,0.00736583838439463,0.00427225211758979,0.00191491017956369,0.00161729247447877,0.00816575483608488,0.00511228559554079,0.00317358571905687,0.00756015635509729,0.00178634881763313,0.00149544729587175,0.00116244497131197,0.000474925471651507,0.000547099602622001,0.000404228116334378,0.000258432616624218,0.000239441096138799,0.000156135886545245,0.00022715980677016,1.46500750326533e-05,4.64525187595113e-05,0.000647781311394834,0.000389735320713527,0.000888572930824845,0.0015052698008689,0.00277394426219004,0.00306297510801355,0.00166112816155231,0.000470440346764513,0.00120862104654831,0.00158189405986792,0.0017305639095063,0.00167419133587202,0.000386563297522432,0.000233935284772664,0.000631173413393567,0.000401137981851942,0.000360513090553179,0.000333030782757803,0.000168332850821008,9.83632515635879e-05,0.000187638330761797,0.000122583750873705,0.000105658809676908,0.000236821763806708,0.000271713476080989,0.000143384738807674,9.35187878888789e-05,8.18332657870345e-05,0.000360416499711591,0.000178578931667078,0.000129650104612182,0.000214589125583641,0.000120190225243498,6.68834626073985e-05,0.000339312692536165,0.000296076891184801,0.000294015829854287,0.000164295025531794,0.0013615666723888,0.00155093062485439,0.00771317378297887,0.00203359812348742,0.00298663297442587,0.00294619442363177,0.00128045815588699,0.000973177538697997,0.000597943405507079,0.000418655592294527,0.000249959606560014,0.000617881393827164,0.00102022734826142,0.000844265744259793,0.00103760236083808,0.000961866516858869,0.000200550216924856,0.000750609678267682,0.000224611455217986,0.000336888308431686,0.000258056339849641,0.000282759685463068,0.000620201223735355,0.00186914404833706,0.00185087865343373,0.00233374741612565,0.000990478359916259,0.00403538102540308,0.000831658626490431,0.00083644120316411,0.000701199147326847
0.000220335766357232,0.000235147526496547,0.000165091276315297,0.000441371084503059,0.000383728286049705,0.00029353151539103,0.000137644799253416,0.000202459729092663,0.000151215011295948,0.000148761599398442,0.000136532151987473,0.00017478516705025,0.000437188854891206,0.000499712143024076,0.00223701979050199,0.00210228547729663,0.00575910830701502,0.00196192319867742,0.00330806329267409,0.00173209093888042,0.000604144270725827,0.00375117824587527,0.00149864486204161,0.00280212634929661,0.00243394084144082,0.00801378033683253,0.0065532171441863,0.00183767519175878,0.00438353820472275,0.0057555926052825,0.00608764694894661,0.00162282985942454,0.0025809416028692,0.000989878533815344,0.000740602218584853,0.000542547939574991,0.00288060211658815,0.000376698142648456,0.000227750800857747,0.000745608524744927,0.000244629589456477,0.000341164189243461,0.000213703766653597,7.30971405027293e-05,0.00017854115621089,0.000196277045249444,0.00018772229335414,0.000135783308197936,5.83783217268013e-05,0.000264652251514021,0.000552475838661222,0.000295820185400967,0.000758861903654045,0.000351577459611658,0.000490303367975453,0.000360434215807682,0.000467763728235225,0.000903148324497317,0.000939215420336806,0.0014410819280077,0.000942834243363907,0.00159171520216092,0.000818284028247311,0.00325206905736303,0.00424986385853669,0.00198455810990502,0.00270144951759515,0.000844365484922036,0.00157548032520094,0.00313477728669786,0.00181730218709952,0.000932418361686502,0.00616551941496031,0.00724470578429954,0.00256655581028199,0.00263383010949626,0.00236536361683919,0.00158849058848335,0.00113254088536002,0.00101676848596382,0.00102665494910854,0.000160736084207002,0.000919417763955144,0.000328654217202573,0.000201072641492431,0.000255095819935097,4.41740676634521e-05,0.000236801195689668,0.000124667019105179,0.000420245985382293,0.000373255499164794,0.000711113171712604,0.00144694845427243,0.000385931589680198,0.00100965707544666,0.000566200261817652,0.000740847747011017,0.000287662453494537,0.000354462883171063,0.000453925783516762,0.000349389112294516,0.000477557556759005,0.000962946692179618,0.000362457633477782,0.000288360699550553,8.53853700578119e-05,0.000185440361162193,0.00015461534834514,9.40181884733158e-05,0.000287561320082346,0.000359749220460613,0.000111129864548655,0.000122173491481093,0.000152272804293207,0.000202516208409416,8.34071795421748e-05,0.000160829242377016,0.000168293699781413,0.000267699474681284,0.000311816660782166,0.00023761921155363,9.00561791932858e-05,0.000127453046762684,0.00030324626827999,0.000232154057698469,0.000106336218082422,0.00050294798305283,0.00167372264230041,0.00255570670946285,0.00797463576475956,0.00450089189620513,0.00431412781920038,0.00468753952019435,0.00341067253108331,0.0024702630409634,0.00393611398618192,0.00316156541046412,0.00136862167260765,0.00140818018052135,0.000144459436338635,0.00110414771382235,0.000911820403755589,0.000864618720964952,0.000619506696133552,0.000689076750630605,0.00052369561169018,0.000651064118057055,0.00032826547464857,0.000404404704960838,0.00111231828929731,0.000102158087102909,0.00041714637432453,0.000950646755429313,0.00130260830557029,0.00264029861422234,0.000488155570203389,0.000551878184498127,0.000497725721627216
7.04037179999017e-05,0.000257238480485952,0.000153949258815141,0.000493494517927656,7.55299658027643e-05,0.000202715180724045,0.000130857195364915,0.000110961876809145,0.000111156903600134,0.000130363355772044,0.000123300881732756,6.77223316100419e-05,0.000234405400012159,0.000453715462636915,0.000668912679647309,0.000762706009251677,0.000892276043102901,0.000405414954974237,0.000837543419112252,0.00033694452267822,0.000381182306744633,0.0011369356655315,0.000616357715680295,0.000976863082328927,0.000988964908037328,0.00115367252237714,0.00230447183773747,0.00115745384910313,0.00347676969694174,0.00172000175819488,0.00187332476995488,0.000800036184442909,0.0019312370454803,0.00138578375696769,0.000854594981838701,0.000196862870866391,0.00091871541744424,0.000407168828827599,0.000252131133286413,0.000234874600713517,0.000163399034299963,9.37405482450764e-05,0.00016923234938309,0.000234347570316985,0.000167825034950729,0.000145507077076687,9.58872605482626e-05,0.000168851649886144,0.000204403033766102,0.000124837293858072,0.000254174877205021,0.000246713506806588,0.000284195399537217,0.000237792243134767,0.000166802583670052,0.000178377961684159,8.53493416257645e-05,0.000765526110879057,0.00128942711885619,0.00173175182572125,0.000818384744597294,0.000870290382251271,0.000450693371309759,0.00146594738942867,0.00315118996747073,0.000821106125246283,0.00246895252669179,0.00100859208116619,0.00147685841770675,0.00109298472430588,0.00135443929400684,0.000547268925692281,0.000764757791590324,0.00078527962639317,0.000325492934165453,0.000308265263010758,0.000746892399844692,0.000263147869697479,0.000268317811384835,0.000115254590325906,5.37285681819901e-05,0.000171739391903085,5.46193226647255e-05,0.000299858382481971,0.000265215436220465,0.000357177391451463,0.000165634592049815,0.000248778639159612,0.000100140227627309,0.000562065559498447,0.000365648560385331,0.000190384048681397,0.000622143858267444,0.000449758181337028,0.000232538754025143,0.000117136406571667,8.8043177975713e-05,0.000264314917779575,0.000398482992947985,5.76698790943751e-05,0.00014804081089721,0.000233843697044494,0.000187835360794272,0.000173507944368337,0.000174884837997496,0.000172565585664704,0.000100998513320018,0.000112780889476199,0.000176179498193683,0.000152223913931366,8.1097384864047e-05,5.88120457954124e-05,0.000137600810418553,0.000161697149552244,0.000139988646827195,5.39171294685587e-05,4.17822735225376e-05,0.000206976063201627,0.000214429840183052,0.000369973942274677,7.01731976503774e-05,0.000106632327903752,7.19205463502878e-05,0.000107102120875996,0.000110339674443813,0.00026874304087266,0.000861123661556544,0.00339883503949761,0.00586968160467271,0.00285144896736963,0.00991718355167809,0.00223923419348933,0.0021465248122026,0.00535590671612711,0.00177771123444708,0.00164441304991226,0.00104173984203361,0.00145829435961335,0.00224823165978525,0.00179120484772346,0.000672566744226724,0.000559492808012884,0.000878632444477918,0.000419418086126019,0.000100300387119685,0.000276930098139347,0.000240705998680629,0.000424802964836821,0.00014876384622992,0.000130808743081802,0.000347360843799281,0.000252027203218295,0.000497460746534494,0.00044976323492583,0.000190733353118149,0.000372410033182491,0.000116808565573327,0.000117547296764115
0.000179019908655981,0.000389222317748139,0.000226236670805952,0.000270385111914174,0.000218092666777671,0.000105598563338832,0.000158983597533983,6.89150014460665e-05,0.000190018188129977,0.000158632498235001,8.2069825246906e-05,4.98287102662405e-05,0.000225873113385031,0.000124827764772195,0.000265836951980541,0.000170705317166293,0.000155153067199743,0.000182339635855883,0.000407811201874017,0.000130394614752662,0.000161815417011005,0.000213287463230073,0.00029877078304267,0.000338593353919426,0.000226926406978443,0.000197599548634718,0.000546480967465067,0.000456022073074608,0.000696092765331071,0.000316486406576603,0.000493749208911878,0.000840568318029355,0.000555126312323904,9.48591776484793e-05,0.000287914408723051,0.000284186793865106,0.000291660370024071,0.000170436560754875,0.000251339964019664,0.000269872031017021,9.823973922412e-05,0.000101065181365359,4.16124898758685e-05,0.000132400567492445,0.000134074603562323,0.000120118609309057,0.000161789223794873,7.49451310602364e-05,0.000101596141100798,6.14729600140261e-05,0.00028444400351636,9.9507195233931e-05,0.000181500796566515,0.000210332856882726,0.000280187854309483,9.2541710125993e-05,0.000189170695613242,0.000285930828370728,0.000323318014293353,0.000649792901271986,0.000650125049045865,0.000396392090183759,0.000366215595094957,0.00131415732247082,0.002441696583181,0.00116383380415873,0.000800269660562926,0.000390282417630782,0.000927877455174495,0.000352756779793977,0.000610604286275164,0.000120245465924136,0.000419589953137557,0.000399252305965346,0.000116015992309649,0.00031492509204356,0.000230493903032282,0.000202469605373983,0.000107611090349806,0.000170003988884396,0.000116382666582941,0.000162628567138725,5.08810073875381e-05,0.000168319796977475,0.00017925352817987,0.000138904318797027,0.000183665222148907,0.000449862736761562,0.000199191637738526,0.000112039229805898,0.000346010577435758,0.000154921197780699,0.00021766329704338,0.00013263973272903,7.4118800118223e-05,5.9319102211451e-05,6.83511583532233e-05,0.000218874416249548,0.000204206369413873,0.000178439021034927,0.000340813030901125,7.18351979123585e-05,0.000318008777729412,0.000139995841470709,0.000195924194728036,0.000255522799121598,0.000107138471576652,5.36318654490027e-05,9.44501302335012e-05,8.12983913173788e-05,6.44408672135822e-05,5.15316389417348e-05,4.06664277095178e-05,9.99370022403934e-05,9.30651385679356e-05,0.000147776403838928,7.07796017447593e-05,4.97656571899818e-05,5.48830566311134e-05,6.47303437374413e-05,0.000158209219955568,4.42828985153928e-05,0.000157617500649447,0.000179270048218701,0.00012002768163067,0.000431212104934233,0.000782925601503271,0.00531494750873461,0.00735749102408068,0.00764105058595676,0.0119194717904433,0.00692182854934568,0.00617331587090903,0.00151644201452753,0.00156779099400783,0.00131471295565532,0.000995399969671371,0.0023021307420929,0.00063031877758137,0.000535184898465108,0.00128377389048123,0.00132150784194156,0.000243292157430509,0.000207385582945026,0.000322222131590266,0.000350967738466761,0.000133207028991487,9.02044847689045e-05,4.17788808105781e-05,0.000231010193077345,9.47489644200348e-05,0.000223388774332845,0.000126886190810586,0.000124880663715901,0.000198501287351622,0.000154669977612768,5.85305316869529e-05,0.00018086648982635
6.59948279956821e-05,0.000111916667738694,4.8265743870862e-05,5.08350078545981e-05,5.53040296339073e-05,5.3493603289542e-05,2.60484518272438e-05,7.07203577674117e-05,4.51958356580223e-05,1.59273295220939e-05,5.10441483668635e-05,3.02433851803805e-05,4.55223026174242e-05,4.1010057173022e-05,5.00638013967385e-05,3.39168367322979e-05,8.11074643445966e-05,0.000144272683068457,9.07833424712641e-06,1.95632663591414e-05,5.73567152968156e-05,6.96899643701149e-05,9.16639584850553e-05,6.42971865390078e-05,3.25396338907016e-05,0.000103975738679617,9.91639232130083e-05,5.95035174658738e-05,3.04895371270886e-05,4.40600393379838e-05,4.97837633815109e-05,6.37157659329894e-05,8.16185739970139e-05,2.15479720934656e-05,6.52720289581312e-05,2.40438594645125e-05,2.14306197326988e-05,3.87513459574448e-05,4.47380224284432e-05,2.8972564083893e-05,1.77338384796382e-05,4.76881962542478e-05,4.24304887941383e-05,3.99354483719244e-05,4.38634862610902e-05,2.83525676435479e-05,3.34311444081377e-05,3.90600458163944e-05,3.18210563560452e-05,6.48592963572019e-05,8.02553783782962e-05,3.30193853101552e-05,1.96532335799706e-05,7.07325824591139e-05,3.52577674626414e-05,0.000130711586722435,5.95971512832886e-05,7.17544599311361e-05,0.00047505711877573,0.000260289346581456,0.000136594983561086,0.000289282139414626,0.000217339359421789,0.000498177843491234,0.000431153687092688,0.000640083902740013,0.000542670808961321,0.000156504235779168,0.000356956269508677,5.87359158454095e-05,0.000181063111688707,0.000236412536664375,7.42539547951679e-05,0.000117557909087422,0.000161370154784967,5.09654648999771e-05,2.04753005195442e-05,9.01323168404356e-05,3.75318361275846e-05,0.00017866628155828,1.36534299972403e-05,9.77838878683754e-05,2.33563519145587e-05,4.85086043444126e-05,5.49557264892207e-05,5.42564929248476e-05,4.04194012351218e-05,0.000106576275698221,5.20541187630499e-05,2.05684563693124e-05,9.14924024637876e-05,5.39883403660455e-05,1.93789743538402e-05,1.94532592053674e-05,5.19033130427395e-05,3.3037979562055e-05,6.59196573962937e-05,2.69416119707964e-05,4.61348456006598e-05,5.18828299716155e-05,1.85421152165869e-05,1.10845499129846e-05,7.25854123863156e-05,4.08309741327195e-05,3.95483677841937e-05,4.67841359226527e-05,8.5054923411078e-05,3.13352220367714e-05,5.72647297913797e-05,5.03112263994264e-05,3.75954121686004e-05,3.44593454210629e-05,1.70056176582288e-05,3.90595647759994e-05,1.56880782521943e-05,3.63426594589409e-05,7.35254042888146e-05,3.7309271151227e-05,3.94262780103534e-05,3.75162946386682e-05,3.92282325370176e-05,4.32925553318227e-05,2.58720451652994e-05,0.000136691342894727,8.78881622529443e-05,0.000180517792156331,0.000792845693556171,0.00169136924900561,0.00361170026494041,0.00477768390417218,0.00395125004241438,0.00492807073120369,0.00277996756659619,0.00156560875789608,0.000721286111676514,0.0018030698165638,0.000376204146675442,9.14246506396395e-05,0.000353534590414867,0.000490369728006254,0.000694562962483212,8.1516436862926e-05,0.000105970308293557,0.000123440173499873,6.51622354031617e-05,8.84050597574345e-05,6.105166781492e-05,3.5248595692988e-05,8.17924334057682e-05,7.55929447158991e-05,6.10117853497443e-05,6.83586745805894e-05,0.000132154054364645,0.000163759285811655,0.000117134394111209,5.52607874160889e-05,0.000115838620364163,2.00684304351517e-05
0.000783765012661717,0.00175373974285898,0.00143651915379968,0.00157439227335153,0.000521381619044506,0.000734829537389966,0.00109247552177707,0.00157333367232995,0.0016739708429541,0.00124795760807004,0.000178474921300042,0.000836987340202219,0.00205734724379897,0.0027709524761591,0.00511641722878117,0.00648135565086762,0.00669252509572308,0.00505426453715435,0.00872560930761777,0.00898369126312412,0.0063297070542431,0.00722723295909814,0.0101286862841614,0.00799723767676382,0.00729108661899293,0.0121737696746216,0.0164257243891406,0.0110928442574044,0.00538499201340364,0.0095059555381133,0.00959144768469762,0.00561400206391426,0.00531511200437206,0.00998536799577891,0.0140299209496481,0.00777725954225031,0.00715285023804191,0.0173835721290115,0.0224084819309234,0.0248632072845278,0.0201937660901332,0.00956673428643144,0.0121394459053692,0.00937304956027246,0.011678753461944,0.0205547144991927,0.0230157102529744,0.0330916544396398,0.0392340958340095,0.0451968527702461,0.0277199328707195,0.021432888548138,0.0171436004791017,0.0074342998726191,0.00380327996997543,0.00882385108826333,0.00453543755567733,0.00487498299281207,0.0031978492793959,0.0025547549933242,0.00137859703716578,0.00117766920785282,0.00263556927887804,0.00199280762582113,0.00135337804280412,0.00790990099197816,0.0621245543067903,0.0648611716951355,0.0666578006416727,0.0419579282025468,0.0107849438903547,0.00865811664026796,0.0186254770753902,0.0139605977120691,0.0192983782153526,0.0099197542042938,0.0083205000326668,0.00778665450599859,0.00916802723286214,0.0140090553181327,0.0150090435774059,0.0127947344340851,0.00695699112355162,0.00679519503608002,0.00579904636379177,0.00500224510565299,0.00391434656638902,0.00344997558288029,0.00386513054160977,0.00585190116231155,0.0327773810119141,0.0226164923022993,0.0400891095825161,0.0291119539777519,0.012040148641571,0.00704099548400076,0.00868123111655012,0.00813135733388515,0.0176054059980119,0.012457418585493,0.00515748224907555,0.0054286435307522,0.0116046822895219,0.0180850578784057,0.01356661593912,0.00752837346613708,0.00566067120430588,0.00511003943181122,0.00400596420583952,0.00613209448553569,0.00924787970794312,0.0114717040396444,0.0128105679300733,0.00538941483337799,0.00551667401232663,0.00550422431178157,0.00503567056230335,0.00394965051255834,0.00644760200536619,0.00946004768279974,0.00169949157922402,0.00623559396593695,0.00521918340076552,0.00358591365315594,0.00410142411483112,0.00910644576596999,0.0152215288158947,0.00809684959335175,0.00147523645541941,0.00377489069102049,0.00208837402442805,0.00206320703827105,0.0127538158918736,0.014217592769635,0.011139392310897,0.00833209489520064,0.00749026079017158,0.00443730323070183,0.00561099632684086,0.00373343405951188,0.00297647013474357,0.00180030443269295,0.00719039012804844,0.0114794101474861,0.0367173836122006,0.0440673154417827,0.0394412927112348,0.00658598438045502,0.0526668940848723,0.0946842569549192,0.145582368247699,0.163402493646002,0.10417827564948,0.106705215979305,0.152207419736553,0.115942694776752,0.0338848686437823,0.0655797184085656
0.00437379984797123,0.0114330078370341,0.00811772082550604,0.00762069432546393,0.00664064121219478,0.00900751776724844,0.00770791624062382,0.0048670680280733,0.00426259306898872,0.00444712028194491,0.00496440207445949,0.00427382260329689,0.00723706583202228,0.00262047648809202,0.0140206886753727,0.0234477641520116,0.0220060156007012,0.012704916951413,0.0211772931944746,0.0430857577064465,0.0513598771603354,0.0589627492498804,0.0690390878447508,0.0810662917089657,0.0752358636855403,0.0609777431049093,0.0332114230838776,0.0146862076747255,0.0397301472469704,0.065172111394852,0.0822848896751495,0.0913244149754499,0.0878719959268041,0.0504284946302328,0.0218299498830155,0.0506107217187591,0.0793089264807963,0.121765465380358,0.10907868842415,0.0772384953917938,0.0678930419239377,0.0714896808126815,0.0791993764649736,0.0746720333294456,0.071832656836552,0.0494883029904768,0.0873883326919129,0.0883657283479568,0.0404776553411407,0.0665615955578229,0.151876976348035,0.209630005571874,0.187311831930158,0.134047133763019,0.0627471931363533,0.0636094537782596,0.0665118400961999,0.01055279537695,0.01287154792361,0.00985088633153892,0.0171261517897559,0.0110897212049208,0.00193689919292151,0.0130428052924131,0.0162382749051403,0.0154342315156632,0.0259027819436861,0.147321657611832,0.144905230697893,0.161926736594347,0.111236899289936,0.0307504022094,0.0407125273617162,0.0695370388882318,0.0511994458951797,0.0726483565589873,0.0854882802439241,0.105279630172277,0.10891642667957,0.0814902345932504,0.0589965925951954,0.0291890114367516,0.00999534378485614,0.0341057323214264,0.0535794787145801,0.0673491129960014,0.0625927377950634,0.0379061212895242,0.0190733295874309,0.0280326031942308,0.0692921469576647,0.0212456977650228,0.0989414077759454,0.137158451139821,0.103417672805277,0.0574418454997451,0.0331715075870861,0.0337075231354387,0.0303042252611123,0.0363487344568075,0.0409917555135324,0.0402380823147514,0.0668667289909109,0.0728944898769834,0.0578523465666983,0.0276673557567993,0.0108919803780755,0.0431137052305101,0.04242702725955,0.0328676414736189,0.0825909262562181,0.0355548513729878,0.010317538981066,0.0501628011825913,0.0305232279579887,0.0201530889662905,0.0555605101685378,0.0213261533720354,0.0354334148547173,0.0117919092523007,0.0129280171567652,0.00624797338859706,0.0195407341622696,0.0140051331043501,0.0138573437731298,0.0134438157939219,0.00723723162900911,0.00812209508061512,0.00747031407617657,0.00588565207642059,0.0120010946682289,0.00739934549839429,0.00740227030128419,0.0127601067455175,0.00910981118017887,0.0113342968946325,0.0375379751046238,0.0259003299729526,0.0203395627814041,0.0119630272908415,0.00405647772302129,0.00822705724213371,0.00472865037860343,0.0157587323322588,0.0108500809443943,0.0523753301096126,0.0498113594476337,0.0847408728922488,0.112239859552808,0.0785726075210974,0.0606478558630633,0.0714353995328962,0.093551718438604,0.0192794825119866,0.0367952432619199,0.0168880048094393,0.0249682344377781,0.0113520983117238
0.00611014660237356,0.0106832653816443,0.00421201021783091,0.00314391052325375,0.00374932627768408,0.00451918928642694,0.00386349652772646,0.00338123492556762,0.00535527482840645,0.00531647711545328,0.00429921591846429,0.00301667096280463,0.0042224008064923,0.030389041210412,0.0464156154896729,0.0647203486297631,0.0841484705719603,0.0536369259560018,0.0721380058791309,0.0996920544851172,0.132140959065893,0.139765233224572,0.183913466160487,0.221579603677142,0.214341917760898,0.212296872495223,0.205707075138142,0.177644573180022,0.143093707271634,0.110909843085222,0.103402829663913,0.127336637529995,0.156190478451581,0.177574396420491,0.133651224672358,0.09340691957646,0.0543102746186541,0.0435193627931732,0.0928762556921319,0.128171100545224,0.0979253008449797,0.0711637823404686,0.0309350865562508,0.0529386760251019,0.0970759577613272,0.0977420809183898,0.0973757608869855,0.0620763712065944,0.0976843587313528,0.110866737460027,0.10438107394426,0.0827284786001852,0.108090880663823,0.074365286901217,0.0685614282367497,0.0435174255618559,0.0351262045481448,0.0106179633873898,0.00699729907314421,0.00579672987872107,0.0169678041080396,0.00356195774571607,0.00581802720000819,0.00815578110775032,0.0128058288412173,0.0264999663010479,0.0958742869396721,0.108456337065902,0.0593949869301145,0.123068666289786,0.161802735000659,0.133173969489185,0.114846829207866,0.068020260528594,0.095731753182897,0.0854557848437558,0.111042649385666,0.132005452821006,0.162356848911646,0.181551222540362,0.199352593006633,0.123452577332094,0.105210483836956,0.0558941193642783,0.0356331723258642,0.0262138544327659,0.024958625662571,0.0305230342112765,0.0173048283136412,0.0130213982438452,0.0328617293735122,0.0859890581339347,0.134580239117809,0.0747205616648479,0.0863123204326014,0.108850147368673,0.129427227367564,0.126642874105564,0.123223412633243,0.0863311975713597,0.0601455470455703,0.029652603657301,0.0396744357266813,0.0849137599027046,0.0973570853972915,0.090243722728687,0.0890893419759788,0.0655374460284589,0.0653150463461705,0.00715216562550649,0.0391496546708181,0.0241047236787258,0.0567559262988613,0.0877525056756804,0.103685194382022,0.0686598071591703,0.0970509253940082,0.0541644118461755,0.0332241177371909,0.0613737667482191,0.0268000245647486,0.0567720109030631,0.0588143100327914,0.021891523251476,0.0208491560990399,0.015453094187822,0.0256365632633496,0.0170919164008994,0.0132749680079046,0.00210991826587103,0.00630696860038132,0.00976009213928532,0.0155346519288199,0.00618912696385765,0.00990870583703327,0.0181895255554009,0.0470064526832089,0.0444195333917378,0.0165886095087987,0.0221634860894612,0.0165288356933749,0.0252685218899564,0.0283998345077088,0.0180915320673056,0.0295915497441024,0.0484193636283241,0.0652114429708258,0.0965370579181753,0.145763958418878,0.0225499063934474,0.0963327760377314,0.162903647316782,0.0631231538176773,0.0828087877759565,0.105440985913179,0.0513682578905856,0.0372627261960781,0.0176784431360582
0.000390022267059502,0.000837057083730528,0.000299008822030585,0.000204241504510087,0.000679308873894612,0.000748103807195519,0.00081662612461435,0.000688708409612616,0.000450663036164909,0.000514666654586219,0.000402440926821662,0.000639796240046837,0.000794323057779931,0.00254328241133399,0.000901719346416435,0.00331994240839566,0.00320536533609507,0.00259972363756602,0.0124898422013474,0.0151121757459606,0.00873018989614293,0.00829631594356516,0.00732703768688903,0.00946075650916675,0.0124018753728184,0.0221425093584129,0.00682001792755107,0.0190030765264537,0.0249692460884941,0.0133120945524323,0.0151273284275392,0.0212152483704973,0.0393510940057906,0.0462367730845584,0.0415233607368535,0.0525589427712505,0.102321867266323,0.10309121264389,0.0621809123061604,0.0290812709367706,0.0139318020549421,0.00719602921123511,0.0163511466440375,0.0524202487758682,0.0328357251129116,0.0233431628779879,0.0318029264075042,0.0267555935542917,0.0396293871004055,0.0497647236076005,0.05986402957468,0.0836991482038504,0.0371114170738182,0.00629981557256285,0.0196558922154193,0.00350844750976561,0.00488056548257589,0.00803113851266806,0.00645902197128203,0.0034242575614457,0.00137298064548803,0.00400669139218526,0.00111867080267397,0.000612747912429825,0.00267918042843448,0.00248553470158854,0.0337124860533493,0.0875561655052544,0.0549188846519409,0.0631287883146908,0.0114342174500497,0.0420671533112852,0.00942281311928523,0.0205236267897484,0.0077325763885944,0.0258484058313376,0.0259030875030011,0.0170829396585567,0.0270302199341205,0.0212353969378106,0.0271078935215008,0.0245888413556398,0.0103296859227296,0.00218591670326463,0.0042712286568283,0.00119829732427599,0.00230953380124967,0.00372029392781597,0.00181204998806827,0.0191274024141356,0.0211415016728484,0.0102973591207203,0.00922309516337884,0.0284928854995228,0.0205460599966381,0.0364827428509509,0.00393125533573836,0.00733446343215372,0.0127671218636892,0.0157216136568292,0.0299013058226693,0.0637123595852827,0.0603675943387309,0.0290711917049032,0.00938821234154222,0.0256756316665649,0.00541316415330887,0.00878480423752582,0.0156606605049837,0.0124980386325048,0.0218996720537622,0.02894357967568,0.0159841040012506,0.0211097404861666,0.0240010019625062,0.0170413902219742,0.041921444818582,0.021718649546036,0.018836218208693,0.0225981598782298,0.00638131127585774,0.00547224932497772,0.00214324568539188,0.00358969098317295,0.0028156229242282,0.00202718697570287,0.000827634285839581,0.00130228423229181,0.000743800617693104,0.00193509866575162,0.00141635802329902,0.000799323621683255,0.000804198854397069,0.00260243155697476,0.00743033127057924,0.020444177553112,0.00508203947957569,0.00325768443491873,0.00566328596230623,0.00620231341538016,0.00490576095434161,0.00201469095846956,0.00565972608641027,0.00608751717262343,0.00421593683829865,0.00300532330287902,0.003979609508934,0.0024566535530191,0.0159770194336131,0.00607357166192303,0.0277952382364666,0.00396882536764272,0.00372630715406912,0.0176252174528092,0.013661182050616,0.00866428835255002,0.000796672355640134,0.00641075028526879
8.52484998614747e-06,1.25501052714149e-05,8.91090603219841e-06,3.29176939159021e-05,3.70394653106616e-05,1.0372133176064e-05,7.89316933178022e-05,9.90673395450544e-06,6.02242664598305e-06,2.09126572104088e-05,7.42522303499439e-05,0.00022922246179011,0.000101495138676729,0.000918776632018857,0.000814314881040547,0.00106016779325208,0.00264125342443886,0.000980536877239209,0.000717481949752859,0.00105785779727632,0.00155038773008859,0.00219781519912925,0.00434431923002576,0.00328901475238864,0.00188535971609046,0.0038809423357989,0.00469461015640429,0.00260870411388942,0.00332989575194383,0.00337594520132334,0.00250014464928988,0.0022598949835231,0.00189297714272337,0.00351153579167238,0.00155550141146623,0.000623793876993153,0.00717082865786476,0.0137136232514954,0.00169012208909589,0.00157864619262069,0.00816977004095439,0.00162244241199687,0.00175727808533525,0.0026529782871808,0.00309926246732643,0.00240838762666061,0.00194666610495844,0.000691650404737486,0.00116056795031788,0.00214373711635885,0.00234050300582083,0.00308810418882064,0.0009620374589043,0.000746958975274157,0.000959414797536108,0.000917669724387209,0.00078248356172589,0.000393912842576041,0.000267566431257165,0.000673111721296122,0.000297401279098981,6.67510273495877e-05,5.38485615852188e-05,9.73482410557249e-05,0.000128656830042459,0.000420456884152514,0.00155797687150681,0.00273314239513996,0.0279981438830563,0.00164238524962272,0.00353693247237158,0.00203559813525954,0.00750450250320966,0.00172177024431619,0.00360300386723682,0.00198168224060048,0.00166662069211175,0.00102406029828886,0.00280661491152251,0.00226393078402227,0.00191572637854692,0.00347608353126419,0.00120506542015857,0.000426147930226666,0.000771906833086503,0.000465201947252525,0.000527038157938498,0.000204603348041425,0.00021379646255134,0.0015330906226268,0.000836181161659892,0.00250261889303048,0.00222508464837357,0.00204956543825933,0.00318788215234918,0.00175922044107896,0.00286973363505406,0.0132538339752523,0.00352345169339662,0.00417890768775256,0.00176812401723352,0.00204041736288129,0.00205168618576712,0.0176284275599729,0.00109289758196455,0.00117692649968657,0.00451166969866118,0.000462339611027071,0.000793146566056129,0.00102157126966893,0.00681726578816164,0.00105746613253783,0.00241492379832019,0.000296750733397575,0.000415258815367356,0.000337045376101709,0.000455790002613383,0.00201669729037601,0.000247497909626082,0.00042700466545318,0.000113751054786053,0.000384570605566128,0.000198154121259363,0.000139431886428203,0.000103187209398097,6.30038104297782e-05,4.61826115629285e-05,3.12132150276437e-05,3.92164676371197e-05,6.96386351588329e-05,8.20528486580817e-05,4.96464024835981e-05,0.000110917378211224,0.000897628263768151,0.00136950017432938,0.00143357447037792,0.0102040702199106,0.00633194488802565,0.0018042681468935,0.000762229123697198,0.000925434250330114,0.00462884374622924,0.00181247715635174,0.000484393581189773,0.00056190291805804,0.000341513784651824,0.00045511837402366,0.000323273926824006,0.0022943835181338,0.000314335763925026,0.00322359426024686,0.000604750518200509,0.00603900678636087,0.00207037290075804,0.000590142702283573,0.000724949289049016,0.000553389944415193,0.00149555791763831
1.40854834426398e-05,1.2910000439468e-05,7.26604844180765e-06,1.378032554812e-05,1.75271018375504e-05,1.84748414947458e-05,7.20636121058581e-06,1.88315421516806e-05,5.93206111977669e-05,1.6024936674509e-05,1.46055983490792e-05,0.000124863118528575,6.09522003963757e-05,0.00020502611567146,0.0011743392132957,0.00152545810959457,0.0009223715046098,0.000768985802700128,0.00126219532755482,0.00159257423072812,0.00137338940446506,0.00120687583739041,0.000535418645650212,0.000702139725228617,0.00208332406512357,0.0013229073840557,0.0107500245821521,0.00159738685547065,0.00319911633010521,0.00355927524009297,0.00486699949338089,0.00505158970212332,0.00451780213891943,0.00647683361276645,0.00227593060891495,0.00429095477646672,0.00159048003825336,0.00357647214663767,0.0029612253001401,0.00206336403243815,0.00178018151059121,0.00208754916870787,0.00132621376378291,0.000776904421130711,0.00121604144272199,0.00165925068549534,0.000466009649961775,0.000595861674117625,0.00134784184430979,0.00119229345877634,0.00129139011423556,0.00139950727583625,0.000353366152551344,0.000230933701117926,0.000261668104796188,6.84613943675037e-05,0.00012095556454572,0.000955152099655986,0.000309759997384319,6.62673031655807e-05,0.000155524138281275,4.97670860920765e-05,2.22832886626557e-05,5.04698264588629e-05,6.19969329958622e-05,0.000855694815419587,0.00426777841331649,0.00353161374395463,0.0130121412715964,0.00526211146152659,0.00358455290182475,0.00234363260636685,0.00344717091841046,0.00291852884386254,0.00409538726399975,0.00265728594759388,0.00529742827182529,0.00268155523569187,0.001792676663824,0.00272671854238783,0.000923642207153269,0.000928054483228123,0.000669374742924823,0.000798059860536597,0.000505622582292642,0.000571159806153455,0.000164321307168493,0.000290448334354191,0.000348729187942224,0.000269396210808057,0.00127077901220866,0.00116582563932427,0.00655282987501421,0.00192859440850237,0.00544137625546272,0.00239919106997919,0.00586691719325989,0.00412638419063772,0.00249732226069165,0.00431457796083222,0.00281677381713619,0.0041240616691068,0.00169569648858442,0.00120367331514292,0.00230404692228374,0.00118876077330431,0.00069569425587304,0.00146360551167929,0.000645750122832196,0.000243056134531434,0.000524973571248844,0.000615505724079084,0.000745517933557677,0.000482395475215775,0.000137179734113056,0.00125240914858107,0.000403675009815644,0.00038551670542824,0.000433512062443115,0.00035561563916535,0.000239910233226112,0.0002397637867389,4.09917311929502e-05,0.000156361565380939,8.2799950567168e-05,4.56615271241272e-05,2.58195503232874e-05,2.35108341374798e-05,2.35752113396404e-05,2.83023922278317e-05,7.78241487796812e-05,2.80672107523577e-05,0.000638360905823849,0.000247233856119723,0.000786358109052356,2.91695737833008e-05,0.000304668585759612,0.000500966706287417,0.000788017925069154,0.000874917450096429,0.00212368171497846,0.000339701754947194,0.00119666838552744,0.000354468056830778,0.00100063555163551,5.79615617532342e-05,0.000262456707846071,0.000117375824164175,0.000105783130716389,0.000248527650063981,0.00104008061134301,0.000456958142117334,0.000554536506889971,0.0037984722867298,0.000475895806331773,0.000446593373279292,0.000139958582711348,0.000837170396797573
8.65333840423485e-06,1.91713200861849e-05,2.07998963531874e-05,1.84418654456495e-05,1.13286638867313e-05,2.15330320648649e-05,6.48036195904099e-06,6.94180522259279e-06,7.59219440089803e-06,1.14294149574262e-05,9.65457603633502e-05,2.68040414397791e-05,7.19081823355588e-05,0.000571307236001765,0.000415431837505178,0.00144821000562692,0.00204508238143839,0.00118954507232185,0.00063766244469522,0.000697696865354881,0.0012858841476604,0.001288252873454,0.000684188484861601,0.000741337399254826,0.00170384424892019,0.00285842372234024,0.00213730515618384,0.00320015550305883,0.003489545047619,0.00408549476646948,0.0153192283438809,0.0239203889979266,0.02703792159256,0.0104555575653696,0.00957960711645526,0.0023736538486498,0.00885856137268556,0.00373016620242489,0.0109467130281564,0.00791508098704906,0.00310693750053816,0.00305987940479027,0.00335609594898527,0.00198642426045886,0.000886566569410035,0.000458755523447408,0.00124990021532539,0.00114512432948834,0.00056712197800355,0.000623102026934789,0.00247112750869589,0.0015410245193724,0.000319834029047717,0.00061446551708701,0.000187896998462826,0.000248796804889792,8.95318531508152e-05,8.87255279103238e-05,0.000111984288054896,2.78868392895386e-05,2.91040593920676e-05,3.04677471136016e-05,0.000127282463429578,0.000107539389476745,6.58460263215283e-05,0.000333353586578257,0.000924449941143536,0.00433841622988939,0.00156014128552544,0.0080299249598385,0.00122381499619794,0.00158236029233395,0.00213664087017582,0.00317651989398539,0.00534380815499609,0.00571156389154662,0.00971621015590566,0.00776497688685042,0.0129689665750329,0.0008675296826556,0.000814716398204218,0.00114037722645567,0.000713483768244641,0.000686278887048423,0.00229935707693829,0.00175258354304639,0.000505194928820374,0.000506684564321437,0.000198066444713554,0.000663783047694496,0.000918009770462802,0.000834661088444074,0.0018435578354566,0.00692724354241619,0.00143699127780001,0.00482464837010985,0.00193674117218274,0.00553199866513001,0.00494833921482416,0.00398555393442802,0.00432825114237407,0.00309687715314134,0.00144157316493117,0.00337970372887598,0.0032127585139347,0.00406599102409685,0.00271415535520282,0.00711937872196147,0.00104736073030417,0.00980864280104798,0.00603104246615283,0.00114674197137973,0.000977016955903671,0.00035588306331488,0.000396209050701259,0.000484038554773092,0.000283872916758171,0.00127684108130581,0.00344566319095684,0.000440008159024624,0.000196303739666732,6.9092690151446e-05,4.82830166859739e-05,5.11734170332269e-05,2.35526497210314e-05,5.3921073670014e-05,5.18762641568901e-05,2.96292849569318e-05,1.05566152618084e-05,6.54199548054972e-05,2.03190242431461e-05,2.28969095070788e-05,0.00014494490435265,0.00024909143679537,0.000240933274161586,0.000283167085465153,0.000435589349656667,0.00057687102233369,0.000171354514681468,0.000114530348239525,0.000159607637458214,0.000194505962893156,0.000264652734653895,0.000156769042369595,6.12412835167868e-05,0.000225054372484594,0.00013508448999642,8.49240786416745e-05,6.34718811888304e-05,0.000105076385796404,0.000356178994613769,0.000298847458036562,0.000120216285928914,9.84124897721595e-05,0.000260482665304124,0.000144002148268808,0.000919886442236825,0.000117019832575717
2.70273228047198e-05,4.12243892153805e-05,1.21936016326846e-05,1.47865177113258e-05,4.53122144954214e-05,4.20070535451489e-05,3.24293319610275e-05,1.08874934185055e-05,1.49767450830106e-05,1.07407688608836e-05,1.84169067394323e-05,2.63109745960825e-05,6.74408030719836e-05,0.00108689323546958,0.00372297807083467,0.00439314003543261,0.0044171708734407,0.00650456744135378,0.000680234664393958,0.00250192844455123,0.00058203037725416,0.0020021095514886,0.000867392634070074,0.000249566644491956,0.00278856087536084,0.00059951938345438,0.00163740215051319,0.00232274081705773,0.00295467638268202,0.00210127004174044,0.0141913692525806,0.00936989944679136,0.00964809050029517,0.00678588006921145,0.00104243681905492,0.000630214614525447,0.0010308658013626,0.00204037443909509,0.00437575263162123,0.0010901386665633,0.000959884731602593,0.0043718064218018,0.0005304250805822,0.000920934149342825,0.0019108945747374,0.00251597729823764,0.00130973625380906,0.000918008545810616,0.000496154375321916,0.000844583849202007,0.00224828364018243,0.00147682223621043,0.000329053251065127,0.000706001169387429,0.00040426229549707,0.000298009602824174,0.000209717832843991,0.000330019882575276,6.34683403712334e-05,9.49176751721683e-05,4.55372327333726e-05,3.44857566091419e-05,4.70901873058969e-05,5.10380927365796e-05,4.82033430348057e-05,0.000176119412826638,0.000810064893340209,0.00528468475435043,0.0084002382746495,0.00235570965133656,0.00638862537467261,0.0133771640748047,0.00402820888322733,0.00627155341035079,0.00877107948977482,0.0165715815336643,0.00845619032871762,0.00546053554468051,0.00107055335649668,0.00211353868512085,0.0011765144584151,0.000704119716009895,0.00109097811317549,0.000822657870344893,0.000654901737770375,0.000455734714964059,0.000292259326547437,0.000245152044294392,0.00025362371799067,0.00052783609325426,0.00059266781410507,0.00095951037439989,0.00332483219650771,0.00141413641537841,0.006661787867876,0.002179138875375,0.00546604844828185,0.00759640390024123,0.0250842816678745,0.0246708804784757,0.0219264690091061,0.00165700005093574,0.00154829078577705,0.00183566233187942,0.00289477537530766,0.000692332126471767,0.000794132082363209,0.00052614266201262,0.000444437814888409,0.00123104514578383,0.00102885954511346,0.000671482153431168,0.00175344665187499,0.00062906943964309,0.000764450240068672,0.000421233311233357,0.00077068948887711,0.000221272390901708,0.000460244155541553,0.000355618634187845,0.000222694762212491,0.000157743369486494,6.58882718891605e-05,0.000136241667115611,8.10151960914308e-05,9.71821075017328e-05,8.6039396008098e-05,3.09761477734044e-05,2.01240780019883e-05,2.75471404828105e-05,5.78215379966118e-05,7.82013189879495e-05,0.000254267483701838,0.00044842873859038,0.000407646418208469,0.000403849812587132,0.000884824813887786,0.000732144379154536,0.000153944772471942,8.79099947071775e-05,0.000175538438120243,0.000274965213256829,0.000531846085467172,0.000223079777551232,0.000203114289429707,0.000302552934112264,0.000158757392405697,0.00024959279369032,5.71405492558009e-05,0.000309826528772263,0.00018737090324066,0.000218547140513541,0.000583173905038859,0.000941140637858039,0.00069808516238163,0.000635640868445532,0.000272057077192573,0.000746666076865994
1.7657917482732e-05,2.61441900110338e-05,7.25940780369693e-05,3.35413842936623e-05,2.68366793351014e-05,1.45366818020982e-05,2.37470486610504e-05,8.02869293938975e-06,1.73786531870516e-05,1.7063035937324e-05,7.42722159110418e-05,3.51481413489344e-05,2.09555108518912e-05,0.000137802241374116,0.000246417217474848,0.00041369992389426,0.00021249979426974,0.000382968784973656,0.000302667618851407,0.000286213746845419,0.000384661059109467,0.000555476660773721,0.000462349002216011,0.000498656812731129,0.0011869796173593,0.00143270879445161,0.000983108626959669,0.000872176206848443,0.00315723203687586,0.000952767036572814,0.000455552033563276,0.00247935244139618,0.00209153039288312,0.000789729376217997,0.000888399688046203,0.00158542232217844,0.002626105790748,0.00205867290797834,0.00186901603003647,0.000782691357586004,0.00170755355357029,0.000603127354225846,0.00128186562146503,0.000579738388984887,0.000271579452251,0.000559864492543367,0.000184669252644751,0.00161433186579513,0.000404667699717495,0.000720237347655166,0.000894446886428484,0.000614763699423954,0.000875044248560736,0.000188163223622827,0.000199439900216153,0.000144664407203601,0.000230962516627065,0.00022260865491014,0.000141261990719168,8.65647646439383e-05,9.55346124011553e-05,4.22794286062571e-05,4.32821826387283e-05,0.000184882860821163,0.000107266148646819,0.000493010085862955,0.0029077547196178,0.00172983430312804,0.0089954654380548,0.00468343307383197,0.00792551568728759,0.00383882340156517,0.00469359454113114,0.00340941910803309,0.00247194939096217,0.0040904215485004,0.0012022072153201,0.00115582628121456,0.00189554835367575,0.00496003059091676,0.00484119530433326,0.00206240372461726,0.00301231929551936,0.00313133364029543,0.000873425858888408,0.000550294169660138,0.000603971914411068,0.000984532282686337,0.000275379691348623,0.000831397370011373,0.00262462552516356,0.00269827320029046,0.00706883667412919,0.00227736362371258,0.00174513127475506,0.000992738820542823,0.00144935904656624,0.0027252736700701,0.00197641659934073,0.00323588151960531,0.00249598277774531,0.00564690673638034,0.00614491179309148,0.00515706511749552,0.00245446502226578,0.000614714362565254,0.00237517414189965,0.00216517012858247,0.00105565202946462,0.00208276664849904,0.000355167845789389,0.000382065994444126,0.000352255566570385,0.000134212340876689,0.000223189903646576,0.000608146511348862,0.000172254005778805,0.000180116451114796,0.000143772241264538,0.000199434405669006,6.56624292508133e-05,0.000235938295709316,9.58632378102544e-05,3.94068887931041e-05,0.000216849478004208,3.66938671225204e-05,6.71461790720777e-05,2.17866022762879e-05,1.29837450007376e-05,7.18481987540721e-05,3.42956646073541e-05,9.43749149063252e-05,8.37251675153454e-05,0.000160325296866637,0.000210989123454894,0.000189834788770094,0.000733373201635919,0.000317800733072802,0.000423928165415022,0.000230579844005031,0.000300284411773062,0.000358827386483511,0.000278397738162927,0.000347983658288272,0.000255081607259782,0.000237896003288841,0.000109244674429622,0.000121386581938339,0.000119485242089127,0.000160529035973417,0.000294468747645989,0.000461358118979265,0.000566510872655669,0.00265369368402805,0.000629623008799335,0.000535383291121307,0.000623095150439244,0.000456347006065825
1.27885382738825e-05,1.89252509139736e-05,4.35358609184525e-05,2.69816546727241e-05,3.96706805615943e-05,0.000105104035873059,2.01950440431933e-05,3.7757360068865e-05,6.35957027721541e-05,3.86355856152126e-05,2.64045492443648e-05,4.393242751637e-05,8.40129019813203e-05,0.000203748448064803,0.000294978304736206,0.00066918995479443,0.00165244627927735,0.000382055900375147,0.000482203188385215,0.000756264863836022,0.00046291454536881,0.000316237564469371,0.000924769461942269,0.00032293635874538,0.00147023482201373,0.000755966193119001,0.000730998818213001,0.000749674467612218,0.000468244744244116,0.00186319316199888,0.00249173700671362,0.0013124479576051,0.000936254713741428,0.00154125459990821,0.00357725734692878,0.00118995127438891,0.00142436292483436,0.000891398469151598,0.00133197509623134,0.00046598938957374,0.000333893125047665,0.000256704594871668,0.00025558232017477,0.000596872108153313,0.000248447936649147,0.000339033816286445,0.000985545296472781,0.000223229431447189,0.000384997261125295,0.00152136294366718,0.00159809483911475,0.000909355853274982,0.000694416958316912,0.00103926688946944,0.000600029363008056,9.07065284386811e-05,0.000178760072646829,0.00106574428482467,0.000220495829094842,0.000241315501904759,7.60763083795456e-05,5.44267969944918e-05,4.0237460598744e-05,7.45291858326995e-05,4.90239591163898e-05,0.000181243272231131,0.00137522538469382,0.00314863603256045,0.0026956977111022,0.00181693478169919,0.00192031633497957,0.00157241280500322,0.00100360563691909,0.000837594413008338,0.00137368605008941,0.00191359452600981,0.00241268246118836,0.000947849167713253,0.00102547705219536,0.000761944200119247,0.000658691594458722,0.00046393804109455,0.000512518998705692,0.000136223195437631,0.00014999008872624,0.000962248060949518,0.000556189767388045,0.000255081485265181,0.000103667553877033,0.000245279699955207,0.000139434228119947,0.000353984956816748,0.00333914693031989,0.00262813548074008,0.0016281415395924,0.00162537379986327,0.00240546829040829,0.00298441545176179,0.00159877550927836,0.00116458611340578,0.00144826159154221,0.00123979084994035,0.000523149290294646,0.00140325906774785,0.000663114584255204,0.000406264853590596,0.000454777911818278,0.000503771115462477,0.00037316073041293,0.000346482373952696,0.000849815063813463,0.00044086784914376,0.000270258771190158,9.6655096483868e-05,3.25481294037881e-05,0.000174510807781662,0.000424416679276931,0.000186568718191491,0.000387167594116205,0.000219283365284467,3.85811361630552e-05,1.21784509014434e-05,7.94528029132034e-05,0.000160652986989297,2.16923714394782e-05,3.66886257048852e-05,9.66035232579305e-05,1.31298628409923e-05,1.74582231284805e-05,2.93079305583793e-05,0.000104353331543752,4.31663698468396e-05,4.72901978513456e-05,0.000445126314016837,0.000390117847370436,6.17988358481347e-05,0.000412216252794154,0.00111514985496648,0.000643107016581992,0.000211793706391877,0.00021008723485182,0.000763281928913222,0.000497914073264047,0.000370765598492256,0.000322108673073861,0.000219295475091955,5.41013791032166e-05,0.000165395215893959,6.87505998724927e-05,4.63527780958726e-05,0.00050643760042398,0.000193200639124534,0.00136324051462375,0.000470637456951728,0.000253486352634825,0.000122777399107097,0.000281964226320896,0.000304432516648089
2.1501729805147e-05,0.000117711288387085,7.01127836803971e-05,7.8612489857699e-05,6.52363305523938e-05,0.000156784976187446,0.000150164266823274,1.8316175190712e-05,1.61745718050926e-05,2.32102458568109e-05,2.73943539353802e-05,5.93393033772944e-05,9.51523792179028e-05,0.000390652844730177,0.000380034016513013,0.000694239174968731,0.00144776296450851,0.000223932596613036,0.00013322410785966,0.000346855616623459,0.000103168454785511,7.03130339793681e-05,0.000342472266852201,8.09865767208511e-05,0.000225670630749909,9.22022293264832e-05,0.000695773060555549,0.00139774508266143,0.00104533853543333,0.000555033101846691,0.000831333329496301,0.00260543488030886,0.00185178319691455,0.00135389527146448,0.000586460221383876,0.000435641340144215,0.00111235984431361,0.000863535260402819,0.00089001184053638,0.000162363212280117,0.000249292534710699,0.000648379065092867,0.00106447103372071,0.000596213358061269,0.000973258900731254,0.000331454772743416,0.000373775674202392,0.000525191448545202,0.000247661775942802,0.000916701339678706,0.00100440120908965,0.00305597257162268,0.000701242005590075,0.00108252124371364,0.000245133083281013,0.000506210387486977,0.0001608338664806,0.000101730532255148,6.74213297318492e-05,7.26057047088474e-05,0.000118835250801882,6.52849408563812e-05,0.000119770025267138,0.000141767609410271,3.9833570226963e-05,0.000104633562413606,0.000356120424233219,0.000696370058548248,0.00128490970196384,0.00351545967339822,0.00151711979120613,0.00176127971646018,0.00142480225409202,0.00198447655939251,0.00201289733632695,0.000518764372486318,0.000690094797271886,0.000682406428039269,0.000982083703678808,0.0015589532582575,0.0014435651938602,0.0014570602603736,0.000599271131651467,0.000199717969739809,0.000745918903993217,0.00101996534975303,0.000450580892074,5.70812577768751e-05,0.000225483931194701,0.000121290256723639,0.00022738231841941,0.00033488726052734,0.000723020254278795,0.00124276774461731,0.00133902025524593,0.00172035656867885,0.000509116382777559,0.000587069090981523,0.0019901670129638,0.00173240619304385,0.000769856284241641,0.00102820434468869,0.00117739551266828,0.00143419049736125,0.000571917926671653,0.000317275181981001,0.00040582255618626,0.000382767153260823,0.000146118819690885,0.000884816893097138,0.000169654836235058,0.000353715631560663,0.000760700993259903,0.000222782018330996,0.000116675902839877,0.000192247568057025,0.000357293465591769,0.000180977826067901,0.000186931422182255,0.00013130729445119,9.19743779262106e-05,0.000145522097024272,3.81478275158774e-05,5.94873018844389e-05,9.38802408637775e-05,7.70056396976092e-05,1.92916655650119e-05,4.21774118481433e-05,5.7034271190094e-05,1.2771256781494e-05,5.15432279711221e-05,0.000175409898889571,0.000180913175690014,5.81264898626261e-05,0.000149666003882412,0.000125821855875948,0.000536778708111402,0.000201755763163175,0.000624280479001814,0.000284235035969423,0.00027167438197215,0.000418774637115704,0.000257992304659717,0.00103679565828782,0.000184052792212944,0.000157869943295484,2.62293452961748e-05,5.90316870958084e-05,6.78658455737092e-05,0.00017950914340748,0.000218358237685672,0.000308658112079443,0.000698128952883089,0.00330289430454075,0.00282990990858533,0.000730319456317685,0.000550951452356467,0.0014078638426533
3.20525440240591e-05,0.000115152694396006,3.42991484791921e-05,6.51404842747319e-05,0.000109652167264895,4.29183376191965e-05,5.41834421065204e-05,4.38226699481134e-05,2.36548575284146e-05,3.23703461880861e-05,6.61144816556912e-06,6.17530359549462e-05,9.85819990334984e-05,8.86599201299688e-05,0.000194328099673456,0.000147035485638084,8.20081722975888e-05,7.54216648912158e-05,6.83271264521784e-05,2.47376912826411e-05,1.82156398051658e-05,1.95603422722461e-05,1.73233165917754e-05,7.91919547734025e-05,9.39735678591065e-05,4.29317436165253e-05,0.000196459871388194,5.60807197775039e-05,2.90644224055033e-05,0.000154915087232253,0.000227701013128783,0.000210317915461479,0.000512809005626339,0.000313372785750409,0.000667134507921554,0.000223446620883314,0.0004669304692133,0.000296203396348494,0.000271291017582588,0.000193369629231288,0.00055670476227398,0.000215172354776713,0.000115921037561464,2.83522705916599e-05,0.000455825587328987,0.000106764844866429,0.000180539633475528,0.000563519107024304,0.000780683624580001,0.00257751403217487,0.00244733457725707,0.00167696600864319,0.00276135417584981,0.00162500276272849,0.000657741508040761,0.000773223376383578,0.000689466530492752,0.000247194404519441,9.44318972588906e-05,0.000191138724008596,0.000105483757558437,6.89372086626897e-05,8.87297931294941e-05,4.17510926706469e-05,0.000185170233228533,0.000277503352318623,0.000696970361292877,0.00108445066902198,0.000480088773638773,0.000688611956806925,0.000771089428985694,0.000821251996021826,0.000265344819584622,0.000274526796262765,0.000506206531686804,0.000872289475481992,0.000381025087354003,0.000868233040739134,0.00112809435505487,0.001190204692542,0.000869436787620307,0.000300056017573758,0.000192294705488173,0.00052059063744763,0.00033429920658615,0.000386145068762338,0.000437794663669846,0.000122142808264584,0.000182081967489904,0.00015856371602845,0.000402819985702957,0.000400068769114043,0.0019040510879984,0.00165487298654538,0.00150099693886085,0.00140748075188276,0.000351105453974475,0.000431797073669268,0.000952962634275769,0.000607776653070581,0.000451370768487585,0.000341490640715895,0.000528186157435412,0.000691154721687672,0.00112742707519731,0.000480103361631028,0.000119217249026527,9.58528234732073e-05,0.000242773667327248,0.000122136166193954,0.000106972351269707,6.86332845376437e-05,5.99506607602963e-05,5.31031022767007e-05,3.25619194052847e-05,5.98581090727822e-05,0.000103417091987692,7.81391744508432e-05,5.49099986033074e-05,5.97249104342837e-05,7.31335670441024e-05,3.30310028400898e-05,3.53732432190424e-05,6.20358237462083e-05,5.31839398599024e-05,2.71879796075024e-05,3.39447693139502e-05,1.57474130475121e-05,5.65319039782539e-05,8.21390455674043e-05,2.78894769483596e-05,0.000231840664164723,5.31085071431473e-05,0.000114768835931709,0.000218127978580139,0.000247779360788958,0.000647812997144692,0.000687136092269768,0.000187435447137335,0.000165503503036762,0.000164649054522851,7.18017495017834e-05,0.000352213288783491,0.0003123491777166,6.12027483948908e-05,9.57495525088472e-05,0.000242212516091469,4.6784717464381e-05,0.000424543471379727,0.000208497709021457,9.27905982162723e-05,0.000150532495364993,0.000144646754271288,0.000563845378293558,0.00010578010896904,0.000131419933103605,8.28552717173885e-05,0.000356025506121917
6.06006167361405e-05,5.34518368570695e-05,0.000117926342112307,2.88187970941788e-05,3.73647781254053e-05,0.000144156061487729,5.89898563444578e-05,3.51034162120583e-05,0.000113365468058236,3.79964689197575e-05,3.78895862884864e-05,4.20497111993629e-05,1.80370262702786e-05,4.49206737494974e-05,0.000158987717411709,4.33480394167722e-05,3.44774013988211e-05,6.20990026075549e-05,3.97293225854853e-05,2.23811225132062e-05,1.51098581383669e-05,6.21741130167443e-05,3.14069319091367e-05,5.55697000953041e-05,5.70249870632806e-05,9.23727426691117e-05,8.43462757124875e-05,0.00013798154642446,0.000126977948880779,0.000425007422536938,0.00041415059783225,0.000281262349510995,0.000803264618826843,0.000282913930982201,0.000458932282730354,0.000189537813971708,0.000166147232213465,0.000133128803274482,0.000444283421737094,0.000180781337977271,0.000289676526193255,0.000168880680889817,0.000124003787900349,0.000152124652688556,0.000219082934699828,0.00026378924931727,2.50353697265162e-05,0.000280432199761935,0.000205048613622839,0.00155335232336375,0.00216049222272048,0.00245577260935948,0.00160132110267932,0.00130229157733816,0.000819367410199723,0.000510889252098003,0.000429500718534088,0.000285265695807305,0.000388753997176598,0.000245823254214514,0.000397734182812055,0.000101640832850953,5.68591050964646e-05,0.000107651855404226,0.000132364057687337,0.000241344383964865,0.000594228888547942,0.000675332030920192,0.000510526001063582,0.000329193982378222,0.00044509537340873,0.000594852776866073,0.00033495299222322,0.000952523777812981,0.000724834628064796,0.0006312883843725,0.00108172553788757,0.000408090914109279,0.000698728284518329,0.000588284666605221,4.14177843347556e-05,0.000482502927995219,0.000197961044820499,0.000117874406387974,7.35611743482133e-05,9.16158130811643e-05,0.000131936942872748,4.15838600379293e-05,0.000237247289500813,0.000855357174040784,0.000424910545016474,0.0002993467087474,0.000181001263377257,0.000340756774974465,0.00106272807234522,0.00027525371924928,0.000729428504315988,0.000412572317265411,0.000781875043361093,0.000268911187503805,0.000495864487057078,0.000522086544834865,0.000290048017512334,0.000216779793325783,0.000618499734087033,0.000300208411757052,0.00010766610524476,0.000126312098864603,0.000171526670841006,9.9794463059262e-05,0.000122253235248426,8.88023153707554e-05,2.53836675544843e-05,3.1262811465831e-05,4.50447076589996e-05,0.000123977460948133,6.13402545388012e-05,6.95063357974985e-05,4.17343817111205e-05,8.23545489671344e-05,8.71009556473068e-05,3.80308086590866e-05,3.66341789815676e-05,0.000237354621312171,1.04480163890452e-05,4.35149200385088e-05,0.000132805111089047,5.15881940283373e-05,7.72784593874719e-05,5.72868612815275e-05,8.42560686923349e-05,0.000147564529798727,5.25196261687262e-05,0.000151999825850974,0.000250746725789917,0.000171953793447331,0.000389135583112383,0.000259037965648971,0.000472898814093873,0.000812347587289778,0.000664035401415161,0.000307611440008061,0.000359680046475486,0.000691875046759563,0.000417666959711296,0.000115087302704484,0.000177942481576549,0.000163695489159879,0.000177051937458651,0.000168338195651283,0.00028716984483083,0.000489759170967497,0.000907147558594739,0.00225766430024012,0.00116120585516111,0.000465298873620055,0.000586958040738699,0.000352715773428521
1.58380524950292e-05,0.00015699712090925,0.00020246015486937,7.98386704069726e-05,0.000129283722581268,0.000133677543258271,2.49956876013182e-05,9.62523079916722e-05,3.60628272963141e-05,3.78624105076382e-05,4.50285544152151e-05,5.9718640007456e-05,7.32394187197168e-05,0.000224689664898329,0.000307027317395643,0.00010460705090502,0.00035395169970319,0.00040709853277068,0.000272185155028919,0.000548134770292842,0.000580813126963893,0.000302324028682915,0.000162334647929147,0.000169518497334997,0.000255227222595173,0.000104237810742689,0.000254501575619859,0.000255067473813403,0.000420788028550913,0.000438252670708544,0.000250128268442782,0.00122329413531972,0.000214449437783731,0.000259509816183137,0.000584838158426841,0.000205915182287089,0.000231499144847569,0.000161483391915075,8.63648402487221e-05,0.000230289299303428,0.000167540094741475,0.000439097570946736,0.000342244018788026,0.0004744419575185,0.000123472174156538,0.00042501839507613,0.000235332498484992,0.00013505616569617,0.000233330346094164,0.000578909606306866,0.00116443086401581,0.00304149145610806,0.00217485419382372,0.000154315067475705,0.000436494704503018,0.000178874012914191,0.0001638579407001,0.000548636941629539,0.00036333248410853,0.000189950380259431,8.97473643474199e-05,0.000168135307654227,4.49026545901229e-05,0.000179250515318452,0.000127886171433196,0.000103344353208151,0.000912098656949108,0.00178952475914122,0.000518882642893454,0.00280500655951214,0.000389545741126835,0.000785698609484833,0.00134503119825026,0.00130073744602627,0.000333688696066409,0.000965805628406771,0.000950701712364953,0.000339062683342877,0.000460237972867877,0.000300504794681617,0.000149589516234759,0.000197944753323944,0.000156969159769422,0.000119756994036936,0.000101853298179957,7.8135647447683e-05,0.000111136770849904,0.000219501727791626,0.000199353822746532,0.000337374791108658,0.000229843259393625,0.000283312800820616,0.000746003211919397,0.000447385928965376,0.000433547564209153,0.000469679937977612,0.000499530837400112,0.000577418642551455,0.00121887454350141,0.0013913648717644,9.42611367678709e-05,0.000191316814037817,0.000216396169351607,8.41933933799306e-05,0.000601541838748495,0.000341684527145497,0.000112596274331265,8.18494834467305e-05,0.00013383336773795,0.000162083562471895,4.45395240752566e-05,9.27618751822877e-05,0.000123279957999462,3.84146616770867e-05,4.29182916347839e-05,0.000102576683670781,4.19949055830384e-05,0.000114043619627728,9.37145674986883e-05,3.07472090374696e-05,7.08935179889872e-05,5.700209467467e-05,5.04851593056982e-05,5.59093116483009e-05,0.000105330373896151,6.47211980248424e-05,7.94588754996595e-05,4.46153840750249e-05,4.08047923409106e-05,4.50416843682674e-05,3.91937042901076e-05,1.92904870772674e-05,5.62040624393068e-05,9.35365143727118e-05,0.000112943456244321,4.24644604268119e-05,7.66678280125799e-05,0.000137182062961272,6.98296008374164e-05,9.87728885879628e-05,6.64937335399878e-05,0.00028265223569138,5.33093951350935e-05,9.4532641772108e-05,0.00013325466498258,0.000142341428887142,0.000199813898784463,0.000110029052011549,0.000234214483999943,0.000153778126482429,0.000115712881954247,0.000421126472905153,0.00021048615406982,0.000193416223713812,0.000296705567733025,4.61125428552996e-05,0.000182629456995322,0.000189768935868218
0.000122413798539719,0.000102204863745545,0.000154253684887325,9.5157151242257e-05,7.50082622709359e-05,0.000116305434794343,2.89426420357118e-05,0.00011124660396615,0.000168291154859045,9.45602614825187e-05,0.000160019010262294,4.84996894781619e-05,6.67769772732486e-05,0.000179009542062734,5.63692607863046e-05,0.000121678014982081,0.000298153682587855,0.00032710951558174,0.000550364768062953,0.000377630891544772,0.000509837526755856,0.000182218433277981,0.000105957422574816,0.000347254382244771,0.000199688933872834,0.000560035959174647,0.0010669633631372,0.000104721967842334,0.00175413803574103,0.00221226765687729,0.000446569085102859,0.00160248460486494,0.00275573734241244,0.00477719473256067,0.00321214828628565,0.00303642969916594,0.00226417015997797,0.00142937464136106,0.00113967165220456,0.001246215228694,0.000152682716162855,0.000280289002524187,0.000394086999309669,0.000605837376431426,0.000202377205078644,0.000174640965311579,0.000219922613943479,0.000150001667122384,0.00076562781327956,0.000327557051294309,0.000959780083604404,0.00110606464991979,0.000255450624481114,0.000633511304844632,0.000204721227518985,0.00034550701445192,0.000515846632479063,0.000342301674713349,0.000220205496366568,0.000359215617114145,6.75912719277801e-05,0.000158106786929111,0.000213445300607369,0.000213782880859812,7.76903351655365e-05,0.00045233857094152,0.000757392075155066,0.00168550624932473,0.00472458762270399,0.00199925300607768,0.00347001118061617,0.00524540956664341,0.0012164490647611,0.00146285460303023,0.00113956298124714,0.0010632200212141,0.00112451072515876,0.00305987585212969,0.00217592801446999,0.000519672671257063,0.00167594941477993,0.0016281145998342,0.00278814991535124,0.000681889214126161,0.000323645091568158,0.000292547783599851,0.000288554094728862,0.000378605350512009,0.000699552686914254,0.000873367547558822,0.000991910403239757,0.00153048190151434,0.00188951088962873,0.000876837060245463,0.00158746688573891,0.00113216000966138,0.00378210493973699,0.00540479150426118,0.00105253731591969,0.0013276715344496,0.000576796035317093,0.000639229986551795,0.00158575044511436,0.00179490733128696,0.000913046204843774,0.000827893615481886,0.000795450435323115,0.000282327894785741,0.000311242944711908,0.000159150553674708,0.000145524340427735,0.000108121600855598,0.000165428383675446,0.000114209674564216,9.3857923970361e-05,0.000157865145316681,0.000132161008868293,3.42673721243797e-05,0.000140681997944604,4.19009578096176e-05,9.43649773919801e-05,0.000205913556558261,7.03660761237047e-05,7.58556484288861e-05,3.26247987091122e-05,5.47309066828065e-05,0.000120727866198644,9.69082542744918e-05,5.80753043988397e-05,6.87725928632649e-05,0.000138336019314494,0.000122354792904159,0.000209933725497613,0.000150699511161854,0.000180607575415492,0.000166810010912494,0.000144349998434407,0.000356519836091817,2.84824825228978e-05,0.000215940064541925,0.000188960013794923,0.000139260117061271,0.000357420499960097,0.000269912245732252,0.000107432910348465,0.000162424627756607,4.73657263851453e-05,0.000194278452446329,3.56511223803865e-05,0.000259392584734912,0.000184656344829051,0.000221804120537791,0.00101962799904094,0.000377657522812336,0.000421245527615487,0.000306875122187875,0.000237603816138508,0.000503618932197544
0.000316587052615145,0.000294442549836064,0.00010469287958199,7.09948851500643e-05,0.000154561708943761,0.000152572728776094,0.00025349976891819,0.000122625902036006,0.000189266795885946,0.000145624786091702,0.000120934969828129,0.00014404222182452,0.000199938513375946,0.000424449148279152,0.000927173783710953,0.00129264822941601,0.00151778019004806,0.00101746346985953,0.000354650440861113,0.000435965525173072,0.00113493595124603,0.00040201072839977,0.000422250963748094,0.000441152741405265,0.000182766062746537,0.000764982438382078,0.000336834473671987,0.000745826327439794,0.000733186201344059,0.000587938718557276,0.00352259689095236,0.00611894079726808,0.0016617277077231,0.00385403992054976,0.00156782693784989,0.00512726040778067,0.000997197299755677,0.00339168743337917,0.00211100807192506,0.00056758225750404,0.000428043652534716,0.000718915388877579,0.000425932624667608,0.000123907847715995,0.000696007228212468,0.000245450530679252,0.00010948407326432,0.000121122991674111,0.0001496549696687,0.000216416024233325,0.000358721678168499,0.00157631463404077,0.000859002525840383,0.000104817314131618,0.000259130888301538,0.000167896317072365,0.000231586353243572,0.000202471808496721,0.000208120077399908,9.03724174284635e-05,0.000163980933354848,8.51464746489153e-05,6.7243556756384e-05,0.000313867850318848,0.000566937097894789,0.000296464422439365,0.00329412960770171,0.00234787156210869,0.00255842219421463,0.00555548190968814,0.00234271321331104,0.00257948562060624,0.00127464608688312,0.00267156389718941,0.0027561709191495,0.00184827762459945,0.00264396759552548,0.00132868424130089,0.00167488346994385,0.0011215112660716,0.000532228949326332,0.00234086397947775,0.000736271226280795,0.000422678345929713,0.000435686413022305,0.000229704863172927,0.000144585405956507,0.00032301934758521,0.00120126279313301,0.00184104920259618,0.00194411671904615,0.00274053415842431,0.00229615651904701,0.00275070446599864,0.00214909474780421,0.0029419467466189,0.00306510589353097,0.00234657836408543,0.000566984147583678,0.00301704764695033,0.000631284467253392,0.00233865302578793,0.00070240726182379,0.000971850508654284,0.000167980673124228,0.000871639496342087,0.000292142819908416,0.000658185292570945,0.000188873754978553,0.00022538802482466,0.000366516640726784,0.000157776192543522,0.000255730829294327,6.45128492480471e-05,0.000336742606722737,0.000327766534765474,0.000112463713278856,9.47679907616459e-05,8.44845954440721e-05,0.000117409808239746,7.25613625607762e-05,0.000183358767946613,0.000220944899744461,3.46350974941683e-05,7.49192702696103e-05,6.53549246202691e-05,0.000148013068869041,3.84085543985696e-05,0.000339779339834286,0.000120699402975745,6.07908733992574e-05,3.02262195848954e-05,0.000363655760942737,3.82156697010365e-05,3.9045512364293e-05,0.000239669047289132,8.46118490493726e-05,0.000209543480203476,0.000975939977701207,0.000321747486437544,0.000620778759831947,0.00138978209197788,0.00100939382713949,0.000572075346987525,0.000395440295415233,0.000281805839733388,0.000203877055788005,0.000511468610038822,0.000187978509080503,0.000351495011071453,0.00011191634760233,0.00079750800850262,0.000694585718096141,0.000833930715445908,0.000715337555339659,0.000149112354690866,0.000188992600474784,0.000635443170126763
0.000432434660763872,0.000299927721344436,0.000358939362556166,0.00039833970786748,0.000245646914315948,0.00015217940230987,0.000107362807405035,0.00022024766304863,0.000238749433354163,0.000114402858083977,9.03092961829459e-05,5.99176032055172e-05,0.000166140233558809,0.000481945044942718,0.000745354303473729,0.000530090599876982,0.00162401032654343,0.0015472514900655,0.00183112715131847,0.00342611496770024,0.00163710493178473,0.00171150051586518,0.0013098792831542,0.000398864112386017,0.000564549066832625,0.000837106456656769,0.00294068338000976,0.00268722649099983,0.00518080216887015,0.00473475201163212,0.00168862185729135,0.00848463630046523,0.00362068109948794,0.0027960644538897,0.00178956507436621,0.00218125000250412,0.00104235651284139,0.00325835177339577,0.00160306993211939,0.000909865357925247,0.000715970872372012,0.00034929581948666,0.000683133568897725,0.000319259656580998,0.000204885739373649,8.5126523258877e-05,0.00038767007265263,0.000120550939334288,0.000187958838297411,0.000282774171680349,0.000259378564902943,0.000453514873764869,0.000314179914667944,0.000240238097169197,0.000335634555517449,0.000361519218657313,0.000197704082176677,0.000197502742916135,0.000284823989876111,0.000176917864326598,0.000228087981302826,0.000171603799399507,0.000276162970839356,0.000113400902302756,0.00012812737122703,0.000699440355707845,0.00230238637048301,0.00173764359572074,0.00367043564873489,0.00240449731692586,0.00422077071551057,0.0042117494603126,0.00209341729951601,0.00482784258112293,0.00330868024897144,0.00255150882417004,0.00306934456353815,0.00122702448668337,0.00267742973683535,0.00089292612332761,0.000852241045144116,0.00175702667332344,0.00137171675300604,0.000547187781973362,0.000561308843224458,6.94482584399173e-05,0.000283994905813166,0.000318955500845062,0.00191179480143885,0.000412942195405998,0.000917817172265973,0.00155208949631059,0.00134780639572003,0.00200960112978472,0.000889360896794999,0.000697539805159731,0.000272650976388093,0.00148265732667836,0.00064588340089888,0.000815267662017405,0.000690976879358202,0.000528699598476428,0.00046678783791175,0.000334590683324264,0.000128208456130051,0.000506168283649127,0.000366887244983368,0.000123916246002434,0.000324511756278214,0.000222896200541171,0.000261775571192571,3.49210538493955e-05,0.000298446254666946,0.000190137399869537,0.000234474996157453,7.92648794822251e-05,0.000194804173903729,8.96718561764498e-05,0.000570053101303065,4.40301386034756e-05,0.000110694056242991,9.91765654384227e-05,6.54505684183755e-05,0.000117231699672305,0.000186351519296461,0.000218352649375228,0.000152690600306846,0.00039177436634768,8.25810968902738e-05,0.00025242394554086,6.3378373133708e-05,0.00012064032449636,0.000165621203673403,0.000269121592018596,6.30772375978068e-05,0.000325451718458216,6.57014947960403e-05,0.000427500630340438,0.000110303807652584,0.000251311536610638,0.000118280829461691,0.000275500587440076,0.000497471519290731,0.000248721343914646,0.000161168814089383,0.000179857036468121,0.000135488507808131,0.000283311111077073,8.28176621195627e-05,0.000337108139779836,0.000368806798287923,0.000301096926831133,0.000977311580960735,0.000523235471847054,0.000457342673897458,0.000250759288769241,0.000335383354467563,0.000330951644674418
0.000537680996960814,0.000223541394244487,4.43723155371042e-05,9.37512255216527e-05,7.2037900696204e-05,0.000191615553253858,5.6407257508963e-05,0.000249966531636,0.0001388214490418,7.04191562054283e-05,3.30633975864039e-05,5.06029239615602e-05,0.00031522823906698,0.000537174815551979,0.000709515299331782,0.000996569763869186,0.000326530203017161,0.000347643245095739,0.000353072982348313,0.000805044761270614,0.000792641187672762,0.000569311490483548,0.00109577953341886,0.000474494839834804,0.000346718339239345,0.000311728150270118,0.000443144313268378,0.00137636444142096,0.00405622334118023,0.00258452311126074,0.00664852380405001,0.00124843711901921,0.00177599987608429,0.00601401515223769,0.00066624797885444,0.00183966348215318,0.00193603349936039,0.000288858663419402,0.000297270958375258,0.000617327152060588,0.000264485542355916,0.00105588255918274,0.000328227875204685,0.000216190366849732,0.000390870297055103,0.000156652841131637,0.000177140173729417,0.00014745341566895,0.000325412271657419,0.000228051069342679,0.000356913166498627,0.000356720711749423,0.000148355452042005,0.000337904416863358,0.000209826406782055,0.000222525689367005,0.000268879146785159,0.000163919656374175,0.000466490262021253,4.2487838023012e-05,0.000137803504279991,0.0001655053641396,0.000217980606807813,0.000478948794928221,0.000262768310214853,0.000883681951816073,0.00196511504610171,0.00198540238341357,0.0020704124341463,0.0012144391610072,0.00296643803667991,0.00460404387106254,0.00106372709515592,0.00156272074091627,0.00118202780014669,0.0024408244939018,0.000616551213821371,0.00130581534398453,0.000371668249202674,0.000294644834077505,0.000279754064358674,0.000563685382784958,0.000214740220969039,0.000152043013586084,0.000427992284849397,0.000188441293776381,0.000499970537045703,0.000140556488027444,0.00288889142743731,0.00193701897925526,0.000963600902229761,0.0017722821246461,0.00208164725692737,0.00337195300578676,0.00145227327642154,0.0011326819587206,0.00210039192618921,0.00143859431457041,0.000608544523784664,0.00119325582481422,0.000634606325361748,0.00101165303684805,0.000525757401302565,0.000337017031530485,0.000453028163226828,0.000883924453840804,9.63783804120071e-05,7.53667666568073e-05,0.000206938979076561,0.000330397643887147,0.000128468405792629,7.354315620002e-05,0.000255223016797536,0.000172420431808968,0.000220615268330595,0.000146347038347465,0.000200398200870277,0.000142141637000008,0.000394875156659076,0.000358030409923513,0.000212734473536097,0.000253972824936357,0.000172891472456114,0.000155861844515294,0.000146905023690055,9.91578300798042e-05,0.000204197420974147,0.000203398593829653,0.000262274057376423,4.99204899320602e-05,0.000645016170136917,0.00037602376740408,0.000191802969037775,0.000114995808176029,0.000240218811045663,0.000174413324946667,0.000110921581546697,0.00021063029047556,0.000156871236891026,0.000139487905118136,0.000243981297325374,0.000234236244400531,0.000285505746389398,6.23500151614789e-05,0.000197273214993169,0.000121436120552474,8.14268268251821e-05,0.000193499868785368,6.01598481526256e-05,0.000551989221764165,0.000261468136250288,0.000654774423562997,0.000226168411680892,0.000681197730172799,0.000518399134593981,0.000492675978749857,5.99740212315552e-05,0.000480540987390386
0.000302199342998855,0.000619129734964155,0.000290940983653333,0.000105325430951006,0.000259040216676052,0.00016318411816082,0.000100685861435179,5.94257067989564e-05,0.000129836633965044,0.000154639340094339,0.000161280600680199,0.000316999748997743,0.000103905665369678,0.000583129687158055,0.000789707167316125,0.000900489019753764,0.00130616386382198,0.00172891007884284,0.00105638306713327,0.000676108489765747,0.000622063668516197,0.000911635682720049,0.000160015640378528,0.000513449137879357,0.000400695977292883,0.000902682213583306,0.00113209912376141,0.0017605285517984,0.00273898147301447,0.003500039493213,0.000876301462490994,0.00260474965996937,0.00146797715275334,0.00116604397001994,0.00173468686057166,0.00137957973387833,0.000214641931485502,0.000918456485833615,0.000720296398258218,0.000163120802417491,0.000231082262606741,0.000109349030346234,0.000222641580439555,0.000183943409859816,0.000155474994012119,0.000178198951412316,0.000268693223338824,8.64637879609581e-05,7.04659725407517e-05,6.74823711921548e-05,0.00017128669801985,0.000353640318064254,0.000405828313929785,0.000159935922050691,0.000273761905886942,0.00014634731781853,0.000298220593261353,0.000318447700987857,0.000686807816413576,7.82684998148656e-05,0.000418393291258163,5.81964107337531e-05,0.000388766799800939,0.00037503807459089,0.000695256788014319,0.001156807160946,0.00151491679778787,0.0020289158978023,0.00232810257909121,0.0037233701953241,0.00203644127663583,0.00137013201828702,0.00241594624829449,0.00100940106401121,0.000863729773339072,0.000676223692476,0.0011521091611031,0.000478574688229938,0.000637668497166908,0.000333052723954353,0.000294866690334909,0.000441115507767948,0.000197782274256467,0.000196113268556574,7.8331223876969e-05,4.94325223845501e-05,7.80895640257345e-05,0.000430806800835177,0.00062872123395595,0.00121325162697888,0.00223350025273351,0.000447361180446056,0.000431197166923171,0.00321096983844535,0.000615365757467096,0.00226486689531903,0.000808691994701725,0.0017226357343041,0.000732031394093419,0.000492392245360208,0.000445640160128926,0.000504714705701273,0.000388966111133378,0.000140941669493935,0.000126069444809791,9.17696532408945e-05,0.000219947831656703,0.00017373965977179,0.000262586675711988,0.000128912116312254,0.000151533340562395,0.000290392684062035,0.000126091006210656,0.000218115119726211,0.00025046899507527,8.18990120611225e-05,0.000123901156768995,0.00022235871741074,6.17182220435654e-05,0.000180201674251489,5.91632684909685e-05,5.87854062595537e-05,6.90778673836314e-05,0.000154784218932991,9.74739272849043e-05,8.2333274834597e-05,7.10060732480096e-05,8.18090734695256e-05,0.000152810991058692,0.0003938109638838,0.000317565606910806,0.000411331021102233,0.00014148325570217,0.000443101425596363,0.000133307687476054,0.000152604051865194,0.000209442272542478,0.000107964249557266,0.000129293052817487,0.000357657242028304,0.000192035452605021,0.000325721384400722,0.000192683759363189,8.57161367585816e-05,9.06961431624741e-05,8.47663636867027e-05,0.000116751187418218,0.000104442270164718,0.000119258049635923,0.000347627126127394,0.000907391106236622,0.00133886786588616,0.00218767331576434,0.001687167100812,0.000421668879191806,0.000573141762523845,0.000674515498221392,0.000332228023548703
0.000166960215712662,0.000340564998411624,9.27747107669626e-05,0.000307772265701446,0.000232311226348778,0.0003097016547872,0.000155845587625953,7.64657928405315e-05,5.02670580612918e-05,9.59590577885029e-05,7.07903543874864e-05,0.000109234427171382,0.000225338131913753,0.000245513390289007,0.00141304711857507,0.00129614758273598,0.00218103993736298,0.00138374397828358,0.00100645636012081,0.000529479548422737,0.0003748751756749,0.000537263483818196,0.000844921093039693,0.000499605336735613,0.000540419835035739,0.00115597288240573,0.00271098615423989,0.00165670981672653,0.00220944890082647,0.00322117111496207,0.00121759376479802,0.00101328268348221,0.000524553829800836,0.000551537901623558,0.000312523416676286,0.000853816362072138,0.000219947631196451,0.000249021952441314,0.00028812322829427,0.000105882937993792,0.000167610807159626,8.30379731141501e-05,0.000122507407020396,0.000183891360780386,0.000129311995122648,3.98160961134555e-05,0.000176439835534797,9.45857860329724e-05,0.00010907990051564,0.000155642564086568,0.000334168427247492,0.000228834408392314,0.000385973161169035,0.000267572919919064,0.000311464285699411,0.000268594994461122,0.000243456819938339,0.00035557810104511,0.000332257463047318,0.000228926127501702,0.000317423325649893,0.000775726731184577,0.000340071057902014,0.000928660380968645,0.000620073449503953,0.00353447819982545,0.00212236347156405,0.00377383527446665,0.00216441089450846,0.0027981280312319,0.00320766132087852,0.00276337949821958,0.00231687008259979,0.00547251642139782,0.00480164757475821,0.0027258605669,0.00129316925373217,0.00196573824146407,0.000540204973683068,0.000737859609346575,0.000526298560035559,0.000320847982607472,7.57708972408355e-05,0.00026523411143976,0.000199672256313884,0.000352303103250402,0.000176731737509119,0.000242373006824554,0.00022505065629905,0.000796862933355872,0.000542848195549143,0.000820880045453146,0.000667547849308466,0.000822700946342392,0.000325882142380034,0.000638337547890725,0.000840213018453228,0.000630192978863799,0.00131025369931808,0.00149386285827398,0.000240599347687332,0.000758897433951984,7.89935120979066e-05,0.000309294898428195,0.000452112547730368,4.19121803012162e-05,0.000165966574150004,6.24299024419183e-05,0.000103744206943549,4.5024447526107e-05,2.85746829405505e-05,0.000110732583019153,0.000164707911415667,0.0001155880308468,4.75650994905448e-05,3.09143532929194e-05,4.41109166663416e-05,0.000158250013909463,0.00018033766494883,0.000117983598660008,0.000274416132934543,7.5511084075393e-05,0.000118543354235899,0.000296692865586824,0.000195382515021735,0.000198883634852977,6.82257955665506e-05,0.000301513427731628,0.000499751112997594,0.000412128875622333,0.000821337582714906,0.000556966687418634,0.000288190844119007,0.000163522285156718,0.000291907818742036,0.000362166336448092,0.000411092318874639,0.000477663372068616,0.000370214980012289,0.000515388623795941,0.000670612943851172,0.000591989588697478,0.000678397061711045,0.000527826711264619,0.000136886618644537,3.8705770578267e-05,0.000378001475978602,0.000138993058980019,0.00029363212030572,0.000625735925557362,0.000699542200407972,0.00362325286630685,0.00298544157204433,0.00278307546821013,0.00201215200801282,0.000597604165039276,0.000479407956424077,0.000445269138185286
0.00013507991171148,0.000304113432241271,0.000166659017255685,0.000270576410070848,0.000260737356083234,0.000237536077700742,5.22318093045928e-05,0.000111087002166781,0.000237538066841887,7.56527561215824e-05,6.08353727073533e-05,6.67508190989174e-05,0.000176946642252921,0.000308736821699621,0.000906290463985446,0.00184431266112313,0.00118600528543006,0.00127724782202436,0.00168213710778243,0.00303025581506416,0.000420310946959862,0.000510851216059026,0.000661786898710324,0.000444467110608098,0.00127511887552405,0.00216533541950947,0.00126584231032145,0.00270648604459285,0.00102200707723137,0.0031340093523589,0.00139529760026827,0.000963314248548478,0.00108845567162976,0.00157908522011578,0.00157297125402209,0.000497843535591975,0.000774270468744309,0.000640352618276639,0.000289125882144191,0.000236293531682065,0.000374152333622053,0.000302358360714704,0.000120434052515544,0.000117653514909828,0.000152890799704118,3.02026474169041e-05,0.000222646197964759,5.57272998189677e-05,0.000180985400110869,0.00020721310139915,0.000187900969347518,0.000343176751647348,0.000291698521707176,0.00028714164375106,4.1227254629625e-05,0.000303453904017169,0.000356441321044819,0.000684934029740568,0.000996652761744986,0.000229884727139226,7.04734255460848e-05,0.000269748873583269,0.000486648345578667,0.00200188193065385,0.0018225237295868,0.00379849445312224,0.00214080723385993,0.00303806967357215,0.00172510598936357,0.00409905633866771,0.00236405499239553,0.000620507140066318,0.00274332788212867,0.00433264729553798,0.00305845980918679,0.00195125596720262,0.00459794759203253,0.00145670327827648,0.00161784738442773,0.000710419281487301,0.000637158357133117,0.00053018677787767,0.000168160756647325,9.94943329083123e-05,0.000141417771031366,9.39791765386493e-05,0.00014400263239563,4.2818538922445e-05,5.3515953911674e-05,0.000217648686771807,0.000388241471494679,0.000919956715922261,0.00107445215726862,0.00133610162978737,0.00196289921605734,0.000609847640664643,0.00044310651323404,0.00176496181968237,0.0010244225900302,0.00072847873291018,0.000797250091042734,0.000187174102868293,0.000256481237426086,0.000544954311502264,0.000106396884605484,0.00015713177385875,0.000272963645212521,7.91762317712542e-05,9.37641564719815e-05,8.573510741981e-05,3.2411191127123e-05,1.42423923555634e-05,0.000221542602794881,0.000215794256776149,0.000145669878015812,8.3825690614494e-05,6.6456602205249e-05,0.000265085090148723,0.00015449339014159,0.000181646400085828,0.000155598685401981,7.33096976254992e-05,5.80305224317818e-05,0.000189673717683072,0.000207974288913139,0.000294354418882255,0.000253621828055435,0.000858334842582578,0.000901432629392234,0.00629116473805129,0.0010184450816597,0.00214442140546248,0.0018056024242591,0.00171438397143453,0.000253859555852162,0.000720398571253612,0.000422893440327208,0.000429283516239002,0.000471336282007047,0.000268451882888938,0.00117548371861302,0.000466502518941402,0.000288951684741648,0.000150400782160676,0.000350919280956107,0.000193824393170328,0.000124392766203536,0.000103275386567757,0.000390229342799313,0.000344107723752964,0.000647950906937181,0.00152369837709762,0.00205158137093585,0.00097575633112757,0.00367705789995895,0.0010727683738465,0.000284284165308843,0.000629042427430178
0.000122972425542097,8.8328540179113e-05,8.50663279269253e-05,0.000188023012182136,0.000300312375064259,0.000164258267897271,6.00719124395749e-05,0.000117654060535731,0.000103398122973863,0.000126084380936138,8.72788659887877e-05,0.000144615312016036,0.000472355480433412,0.000432435833587259,0.00136661394779499,0.00239925349270068,0.0054029066522254,0.00284176834131112,0.00386875179467939,0.00275673121801484,0.00173260318002023,0.00294169152122158,0.00216094759358544,0.00130680044450125,0.00248385024933249,0.00659007870397058,0.00549696144421609,0.00125469941210343,0.00128065775170012,0.00447681396982092,0.00404609672920902,0.000739954049229208,0.00192110800147017,0.000877762281144488,0.000923217382377432,0.000149433672512771,0.00264146509502256,0.000472666570328127,0.000263885019740407,0.000757481767649161,0.000236987279916749,0.000197407248138381,0.000138667879335384,6.16000481671381e-05,0.000284758454757388,0.000135374261592274,0.000190841033949587,4.91539232435356e-05,7.73838199376426e-05,0.000208598585966807,0.000188456528037901,0.000457142290052054,0.000419337910812364,0.00013621444741002,0.000324815830681473,0.000314274758403435,0.000326597643928779,0.000752418701170584,0.000808788892731036,0.000286055704667378,0.000882513204839434,0.000921493146980944,0.000538043279735907,0.00269666256920446,0.00459929385775061,0.000731996369407581,0.00257573451313124,0.000347859146562206,0.00180866599211369,0.00395204835774805,0.00145345664045887,0.000815673707866652,0.0056975586815932,0.00778574558954753,0.00315249802223185,0.00191425180467117,0.00248083129660198,0.000636786839608345,0.000758456578335566,0.000590648034058704,0.00052208373098359,0.00022769683197768,0.000956431109639918,0.000400429076955988,0.000278634757304986,0.00023719624814472,4.42558168317593e-05,0.000166342075678232,3.29996402660371e-05,0.000329593692724143,0.000252265657560545,0.000428366225553771,0.00103306671962881,0.000526928417794411,0.00080767290519248,0.000287162776023197,0.000621440382123619,0.000378621126526224,0.000283166256298462,0.000224161392653707,0.000341083941603355,0.000291619781315881,0.000761147835934217,0.000397160517259669,9.82161992022684e-05,0.000146105058475013,9.07682340651626e-05,5.59591167064746e-05,6.2862161608246e-05,0.000311160613086501,0.000220542355384438,5.71429599032678e-05,5.87757820210721e-05,0.000118390910189796,0.000129416342062235,8.11332009196123e-05,0.000199607665566905,0.000114186197495533,0.000199137273384102,0.000190368971950264,0.00015812290627854,5.1318591613409e-05,0.000103471873002248,0.000173472613162634,0.000251347773210213,0.000158602014601855,0.000285260558848392,0.0026784349613358,0.0039060763425371,0.00548474832188506,0.00320992711117623,0.00594581429483123,0.00382421908975264,0.00186556878576458,0.003465479725671,0.0036545633374441,0.00435664002251029,0.00138327399490194,0.00119961002777356,0.000207843038780054,0.00121807844859997,0.000779389298208719,0.000497240120418809,0.000527634500533957,0.000456348695082602,0.00046324642161156,0.000476682110284032,0.000158258648025024,0.00050830942111693,0.000593004659512821,0.000192064816046835,0.000715283956706545,0.000635341327283248,0.000809377482185057,0.00180880189602974,0.000201512987345077,0.000595790769960423,0.000361451439005113
6.52125974533607e-05,0.000242903703529571,0.000166476355358861,0.000367679077436585,8.5112715180232e-05,8.81841319883879e-05,0.000154360939969895,9.45355867557516e-05,8.64138940461431e-05,8.19806706453651e-05,0.000130240224284009,3.92761779952093e-05,0.000171389409612435,0.000468025415462716,0.000568673961379918,0.000927675762803536,0.000627541990135996,0.000653960187068019,0.00121517982141905,0.000207473629219942,0.000353402468959214,0.000635698435627105,0.000687479958077242,0.000423369642164367,0.000796781388360439,0.00116336383785892,0.00221061951111999,0.000916165968130293,0.00291585044872219,0.00158869351686497,0.00144433266275507,0.000392021216876104,0.000885419904242294,0.00057423256711059,0.000631500332318602,0.00027719394755061,0.000722346877450945,0.00039613208582078,0.000324908783970882,0.000135494365193496,5.18044046705284e-05,8.15778243437215e-05,0.000115621567244223,0.000118804196879689,8.11940607425331e-05,6.2762063397539e-05,0.000161090140984774,0.000153942718853815,0.000184825159536025,0.00012710357696107,0.000195420700314652,0.000313565825253391,0.000217360710541476,0.000140933428218997,0.000128752498213333,0.000218292133340235,0.000180595157443983,0.000386464431305751,0.000859430361888782,0.00100505130471392,0.000398773312744398,0.000935414261246904,0.000409056942507728,0.000404988017314087,0.00213526745408033,0.00161961885073888,0.00194996862014637,0.000629999154250518,0.00133608677189783,0.00150688839156889,0.000881140691483027,0.000564430885500929,0.000942682760871692,0.000974694858153686,0.000670594500888439,0.000362403399297322,0.000688516980660548,0.000115347057558518,0.000192215985996114,0.000310818651944028,7.13961160729318e-05,7.03354047381371e-05,6.60520139937647e-05,0.000245912330621468,0.000255603231300247,0.00020379363927259,8.66182246938437e-05,0.00016065854909768,8.03364748650815e-05,0.000384277550925606,0.000357715953752741,9.59199532433099e-05,0.000285878866289748,0.000280249899232842,0.000114568633306729,0.000166881841430525,0.000117622213002312,0.000200427993911495,0.000281081226255146,0.000100997381209534,3.12502189368643e-05,0.000236497111513863,0.00018653498811413,9.05168495044624e-05,0.000101062013114329,8.79040434368039e-05,9.338647690655e-05,7.21216387972899e-05,7.68616969217135e-05,0.000192519358636913,3.23330863587556e-05,9.97244366799664e-05,5.77111169001015e-05,6.23706538980334e-05,0.000184925340402709,8.83583938916286e-05,3.6820938986549e-05,0.000156092703411438,0.000211717618829934,0.000224324833819011,3.8042615327383e-05,9.78555201422447e-05,0.000134150496302223,7.46717067735667e-05,0.000149688059563868,0.000288098153582322,0.000647936775808346,0.00457401475822038,0.0075730424961902,0.00422717178891132,0.00613585971141912,0.00186279033608438,0.00193360773876852,0.00401656310898193,0.00152013311393678,0.00161749486200327,0.000622621600357271,0.00102321346533654,0.000960678764100407,0.000816126346248632,0.000813369246844073,0.000274516585143484,0.000658689638835508,0.000321322873847176,8.25204891139627e-05,0.00015673646356816,0.000120954572830365,0.000304382398155933,8.69133853385138e-05,0.000311280644866816,0.000230370029030728,0.000224294815542348,0.000425515601019011,0.000430338088914705,0.000184423783121893,0.000219434104429779,0.00014741443527418,0.000210442379264641
5.91032601553917e-05,0.000238925359054304,0.000108080545718013,0.000275053124547185,0.000139746524917993,0.00012535020199843,0.000131725634334121,4.04029556201377e-05,0.000101088746794843,9.48905427371699e-05,0.000116101746924593,2.71596264002836e-05,0.000149429604911527,0.000162388024002257,0.000145279252632027,0.000213271707164132,0.00014457125172015,0.000163792762144005,0.000303571548327318,7.42833973567938e-05,0.000174099070905283,0.000129921087720265,0.000347691636679069,0.000173579031674162,0.000221448961816881,0.000185219883929233,0.000325921603844474,0.000494501408360219,0.000945508082252739,0.000525586381990885,0.000378908973111248,0.00078320953069868,0.000236616103328526,9.31612526836562e-05,0.000316482654297864,0.000129126117652021,0.000213961754865682,0.000163310517904467,0.000241949649237957,0.000208735355513917,8.08105038752431e-05,0.000125094146304622,4.84058535171183e-05,0.00018226861098241,8.68278394378309e-05,9.40277153275532e-05,0.000165484193414653,7.03273835723182e-05,7.24956990929203e-05,6.03929687415504e-05,0.000300254048662085,4.48637940805333e-05,9.62936383846791e-05,0.000116706702362634,0.000209341651765814,0.000173748457898107,0.0002139515663886,0.000300360021253207,0.000205890797971148,0.000570021648151533,0.000321803104848038,0.000475337639069231,0.000271183531452399,0.000772644253107474,0.00216447815747281,0.0013317528735926,0.000890140224230248,0.00051886758182173,0.00042518910015176,0.00052454880158697,0.000329565665306459,7.15982572825648e-05,0.000157933537995424,0.000390317869833196,0.00011041981469545,0.000256779808196803,0.00013944095553011,0.000196721197595073,9.92069783539894e-05,0.000108934159618572,0.00014127675966954,0.000114905026258769,2.5245049415104e-05,0.000206627396036401,0.000137643285279533,0.000177771798073265,0.000112257162367746,0.000338526976849199,8.08453032472093e-05,0.000113579896138208,0.000185092150439593,9.02678026337418e-05,0.000128121889480811,5.23789787837934e-05,6.44081431870046e-05,7.24248219431415e-05,0.000100794545953415,0.000134750126637027,0.000163226556856379,6.79419011569218e-05,0.000283291553353557,0.000126378090694974,0.000137505627110644,3.88334354379706e-05,9.03314776161953e-05,0.000170934985690727,2.71948076400088e-05,0.000109682469356466,0.000125734443029302,0.000143611753967327,5.82565020784014e-05,0.000103978382883632,7.90676923336926e-05,6.81821737956754e-05,0.000140343114520872,0.000137262591616529,5.63245056491932e-05,5.54275405750452e-05,4.94497841746334e-05,0.000100369779453893,0.000136924449054466,6.78251765956851e-05,0.000158765080501439,0.000201287935538614,0.000132911013174023,0.000319133584079215,0.000583274411391977,0.00614101814332591,0.00796616284408106,0.00510751824416231,0.00836565215955159,0.00769836968881242,0.00482772846081099,0.00279658130569975,0.001874435892638,0.00204030026637276,0.00116297378486199,0.00212950018494685,0.00146754590168099,0.000871654628024253,0.000780647668703687,0.000784131657489906,0.000362891095111592,0.000204714437300577,0.000139628571867561,0.000206411726630034,0.00016814838248455,0.000109668740595146,2.3038807837943e-05,0.000200652100774415,0.00012478682006923,0.00024021655447232,0.000125248144149657,0.000125004285038104,0.000186156664939034,0.000219809753652592,7.95487020381517e-05,0.000130160292332685
3.06171109676414e-05,8.42775555624256e-05,2.52052965469e-05,6.36410213294303e-05,4.82897182579813e-05,3.8833042172894e-05,3.60317990481536e-05,5.59276238944344e-05,4.62162221023889e-05,2.71460212323767e-05,4.54306549436268e-05,3.31801021978428e-05,2.04610078774319e-05,3.20365177892627e-05,3.70071648781178e-05,2.63205345868182e-05,7.41691058451258e-05,8.66777643006003e-05,1.92865640779879e-05,2.60358666245883e-05,3.74555222541561e-05,6.60158579409713e-05,5.75838490979362e-05,7.40346300266906e-05,9.82422595792938e-06,3.42445695184427e-05,8.32699078502642e-05,6.65796845401298e-05,3.38105310910988e-05,3.02709709604872e-05,2.4264128071866e-05,1.66314636528875e-05,6.99725270618209e-05,2.78003030331126e-05,4.66681865412342e-05,3.3307719539812e-05,3.64026027273704e-05,2.9328606829948e-05,1.80373534084344e-05,4.23300036022697e-05,2.40388901818178e-05,4.10165990173285e-05,3.13702205353108e-05,5.9999590453974e-05,2.31275658102205e-05,3.4418774581046e-05,5.10536233227427e-05,3.45221254521605e-05,1.60045224439229e-05,3.09736599652594e-05,2.81642047659065e-05,2.38569328893531e-05,2.46915318227043e-05,4.33546281585002e-05,4.20051927171481e-05,0.000121238134571963,6.11870500947251e-05,0.000160463402828601,0.000429664497458136,0.000208396277678739,0.000146563055387186,0.000215280765620551,0.000270779269059543,0.000641092908993555,0.000382868957331343,0.000405537254384983,0.000586010424365691,0.000200339709930234,0.000253016793635797,0.000136949640827983,0.000173747598706708,0.000137924202076601,4.48586013904696e-05,9.2638175311271e-05,9.19865692741241e-05,3.61555012792428e-05,2.87607485196872e-05,5.16076979029987e-05,4.24795215807491e-05,0.000134665085536423,2.70383089688509e-05,6.18112866881026e-05,2.92875264676208e-05,4.39955297229365e-05,5.92390352224684e-05,5.13777425129949e-05,2.09806520754482e-05,8.24522533490082e-05,3.86885030563932e-05,4.28915492764782e-05,7.9038465895838e-05,5.21407664282948e-05,4.09439315360857e-05,2.21082607631596e-05,1.7800971601414e-05,4.77124131642599e-05,3.84490368008207e-05,2.07430049648033e-05,3.63722615873067e-05,5.90912170452969e-05,2.95434521248949e-05,8.20713088516592e-06,5.32099575748983e-05,3.46118504824702e-05,5.52088205210336e-05,3.39693441257385e-05,6.3611376953082e-05,4.33620658761385e-05,4.30005851907326e-05,4.25041409212506e-05,3.20111185255134e-05,2.19986915323273e-05,1.49210998545217e-05,5.22539001648379e-05,2.01893176412477e-05,1.83375331186929e-05,5.26543053853424e-05,4.00274443422362e-05,5.72599244814737e-05,4.98044847269171e-05,2.95173778031163e-05,5.0848601016433e-05,1.73425644404184e-05,9.56537357546751e-05,5.53458331011248e-05,7.97991477054188e-05,0.00085345808201296,0.00137908370499124,0.00427343437735691,0.00159838034810429,0.00158162421849482,0.00263778160754553,0.00129392130984065,0.000635666811842971,0.000636794362572105,0.000773840614090992,0.000379631824784636,0.000218430414358463,0.000403077320259672,0.000180662921104401,0.00035286647796689,0.000147257070211433,5.71063718915148e-05,8.4438383233984e-05,6.58331772147838e-05,9.26039790019338e-05,3.48809049012735e-05,1.45255029244432e-05,5.27633967806647e-05,6.92221593530143e-05,3.75239560655526e-05,5.70796041048514e-05,0.000129803746701032,0.000127316973437032,9.47216716729876e-05,7.54874259411474e-05,0.000163638834218519,2.87737538665202e-05
0.00123064225921706,0.000752893562296637,0.00126153680469293,0.000948153240110263,0.000491334599573108,0.000680280283674111,0.000577399012282102,0.000860078749983405,0.00101759695755247,0.000684373770287204,0.000184080183139546,0.000363686253769162,0.00125075318521606,0.00208154674625661,0.00356643084914347,0.00645766216761536,0.0068640131958205,0.00543121065058577,0.00845708875107,0.00928254344145691,0.00662437168951174,0.00768898390377502,0.00792024025337841,0.00526514949802277,0.00434149392599274,0.00960981236216287,0.00879264054795497,0.00701892016257743,0.00478738919247591,0.00401001749322119,0.007312399066445,0.00745873755352508,0.00478188270664,0.00398318996408736,0.00830768626079342,0.00617175571888632,0.00845404992836319,0.0160984991935106,0.0119750764930292,0.0145596479353317,0.0150492626466399,0.00885765494488528,0.00885637568127099,0.00581329585307489,0.00539498348291505,0.0138376769106199,0.0117905016654772,0.0228129499600449,0.0150180460008193,0.0304764203633544,0.0153206890743189,0.0143177620465372,0.00837444138781484,0.0082071735855677,0.00602587078858764,0.0166911389096538,0.00429464619292544,0.00202105776657663,0.00295915142493038,0.00126378600341435,0.000958799847399319,0.00160356015228764,0.00210576921008743,0.00305178535070979,0.00144725172520955,0.009178213836443,0.0342600543977134,0.0374596914823116,0.0400143392458621,0.0191903598234896,0.0122936754407413,0.0140530814739766,0.0184140693831389,0.0130400784532828,0.0149972465702281,0.00560284341673569,0.00353470539109606,0.00328302249621855,0.0089477574987185,0.00873720590774708,0.00647652193770255,0.0092677672616575,0.00600612514935643,0.00597992017186372,0.00718716905737516,0.00493986967613905,0.00283030285013961,0.0021252230394066,0.00226641028751276,0.0110758096290417,0.0272202307492645,0.0153669078694331,0.0335206170413679,0.0108988227547119,0.0106009357243582,0.0053242003051842,0.00794907320348385,0.00646250950060464,0.00875214220402522,0.00964024333148713,0.00746310922802395,0.00807181568744378,0.0106062368998632,0.00910556032912037,0.00831426040449613,0.00705813467210516,0.00461025453777886,0.00317389688341748,0.00446225619702598,0.00430447847743807,0.00348433630489563,0.00740387697456542,0.0147127192951262,0.00831786182581158,0.00636956357066294,0.00451575073138838,0.00635147115255899,0.00248449652570733,0.00657173118463553,0.0138968294707722,0.00518873355634666,0.0065212780047563,0.00591783259745985,0.00784954851689107,0.00601945884379942,0.00440396073235113,0.0124228346534751,0.00879661301231031,0.00133683896690071,0.00477665473251349,0.00314546945495305,0.0015701602957588,0.00642408620575674,0.0104981133691045,0.0124495531569766,0.00455550000233833,0.0122250444972183,0.00467203467068182,0.00117790920258599,0.00459339306607643,0.00287291960283005,0.00188204077078049,0.00558081637445326,0.010122438749903,0.0320550466988778,0.0376387490295337,0.0341747488885895,0.00260460078237295,0.0445169131478195,0.0731812138415572,0.110141439296115,0.154611637601075,0.127794462112217,0.129787239220183,0.116612649355043,0.0675777897006924,0.0250323525853427,0.0398371809229052
0.00122600085137822,0.00234246869765104,0.00146420121477536,0.00246161559801953,0.0027839514019905,0.00225896011405496,0.00187901283897796,0.00167154989848642,0.00215132697079092,0.000754314263805219,0.00162169544638103,0.00165698245712776,0.00397878656850943,0.00378332409728024,0.00417717933351042,0.00611385323414412,0.00962054389256777,0.00566794697586717,0.0199422706175741,0.0208267075383953,0.0181434019369335,0.0249437595165466,0.0427960003793547,0.0518932798769884,0.0432367978254569,0.025278119942961,0.0190010116986986,0.0173700110387506,0.0216494925235046,0.0275519369418803,0.0296001153014673,0.0318786546136458,0.0361434452394058,0.0306504121159237,0.0188535705113644,0.0320054021269375,0.0529143957027098,0.0520912284858183,0.0338456269472108,0.0148781178933776,0.0168178763139037,0.0307712084678492,0.0339515274594156,0.031030845796355,0.0344670711747826,0.0192236179767539,0.0439375906010819,0.0538953499512811,0.0217891170251558,0.0398953242472837,0.0808388029184672,0.10272491909382,0.0733670718620769,0.043565915786506,0.0248287730849428,0.0118129281941059,0.0102162280389866,0.0168909777248148,0.00571444734261943,0.00328452144180364,0.00356511596578518,0.00170068269229053,0.00240703638235671,0.0035537101074983,0.00301880988737686,0.0117866800940294,0.0155573480379223,0.076368799007193,0.0674027910681503,0.049918835490321,0.030930301670162,0.0292328009285981,0.0161663833881126,0.0144733207268565,0.0200830991734097,0.0315659295729759,0.0337701798975602,0.0332385271338738,0.0359067531439563,0.0347490838853954,0.0211166798176354,0.0118554933579955,0.0115716526741889,0.00965428307634581,0.0116063237783718,0.0122113589807213,0.00953839630560465,0.00819344357646984,0.00405851949028533,0.0258414685962225,0.0279642783657523,0.00422504084757324,0.0260053099533646,0.0351011665125071,0.0294162540469662,0.0213919677725817,0.0123709046033612,0.0172073997617102,0.0133799211020174,0.0163398708177982,0.0235989646607971,0.0331009077090414,0.0276931651324148,0.0227922699699737,0.0211553388811635,0.0145512969220033,0.013397131590265,0.0179343636474475,0.00835140466392422,0.0140901629259272,0.0261568606436432,0.0132295312527112,0.0210281234901268,0.0180383994432399,0.00965182818181261,0.0077737320117906,0.0175741171041295,0.0146777173846364,0.0141014940634,0.0128482881792323,0.0106532707226144,0.00492321772831236,0.0111084194593653,0.0135695766983678,0.00462248503914708,0.00401880512444297,0.00624964763120916,0.00357115544662825,0.00318024849838244,0.00509710187703385,0.00372328852812633,0.0035685013332092,0.00701790884514062,0.00342869895651394,0.00861094124241916,0.00878400806523192,0.0126530736574512,0.0114707390847725,0.0151069605479327,0.011373171485099,0.00749870729951313,0.00341399782175072,0.0031905365343293,0.0046707688474576,0.0201726121911615,0.0386727230730393,0.0107819156953165,0.0111740626370433,0.0326076975831405,0.0213482016842972,0.0908978660081857,0.0339964362696678,0.10324325277181,0.0383733553799692,0.0383454611824869,0.0124853462391229,0.00959542513103111,0.0156596035125519
0.00610191576182236,0.00678042823202645,0.00304575948904215,0.00176402053776865,0.00301971739429725,0.00358547831568642,0.00371273727481498,0.00370824536064849,0.00648501391396661,0.00602062304617927,0.00571484069628496,0.00923389084928016,0.00290356090469231,0.0544514736915445,0.068168706534822,0.108862573843262,0.136846197524073,0.0994671970669225,0.144636202903452,0.222470299414188,0.265067806787385,0.264323321790786,0.301623575406834,0.371864123819136,0.409630651361892,0.422721734554611,0.404041813568033,0.377377926526246,0.331940324148366,0.248343614142902,0.211297913338549,0.261998933652282,0.337908291076854,0.40122584516345,0.335233798568278,0.253181353274443,0.198062758776689,0.111286297599161,0.176666634337388,0.227206051488917,0.183335601649521,0.170021673362465,0.142416635761459,0.171277736893021,0.229032751725127,0.223820046247866,0.171431283506255,0.0671803395675946,0.216925866795811,0.320634728507588,0.346734555388316,0.373231292799329,0.359955519483729,0.257779428170441,0.125568162685866,0.0399126086104352,0.0548480188870441,0.0349038367614209,0.0150728873340502,0.00719397208667776,0.0200753600497345,0.00911140412599223,0.00701098750761866,0.0132061720660679,0.0163647763707809,0.0363422971395046,0.238977319731191,0.16576567599839,0.101814968889884,0.276452792500038,0.334489115423096,0.308908036627855,0.226327683703079,0.175305784886288,0.170869252968918,0.222621919334663,0.272027072638591,0.275276944635299,0.325359847208958,0.367263376897277,0.392879137579442,0.26841262856412,0.205557047631964,0.110072796126378,0.059604544706937,0.0190394046074839,0.0200193651805655,0.0470838707225115,0.0238917834796078,0.0548792895174573,0.0767672541828633,0.158096462577307,0.187497156760017,0.189312840365782,0.253835054359019,0.252924842717094,0.229726031333526,0.23197714619487,0.239259976616145,0.205331926047213,0.176542787369825,0.138188686873212,0.140188399025549,0.180787646829473,0.183664830357259,0.187437231040001,0.18434652129651,0.165057345792595,0.133859447731044,0.00590676465991609,0.0770409206433769,0.0719190529275755,0.0962722900908574,0.174435018881683,0.201096516783525,0.183076251036791,0.194910465387949,0.0913825146484252,0.0291393913680227,0.141830928598039,0.0794913306692853,0.0787193942988225,0.077246318485397,0.0456750540471082,0.0454143139364583,0.0289838760022438,0.0317166458099533,0.0183884814257184,0.0177863165946049,0.00751458767711942,0.0105889556394972,0.0108655715238685,0.0263470542308016,0.0056152893350886,0.0365519606023964,0.0530042169856226,0.0726294469537448,0.0624596949798958,0.0272980093045841,0.035794003039465,0.0238942106324217,0.0463854751235674,0.0572033478858131,0.0212930029985297,0.0334433873391941,0.0524381772646549,0.105425332448253,0.0630960625294299,0.170444139132531,0.0138931581555901,0.175861041437964,0.237557149563241,0.060251341967019,0.0754267912087444,0.160544479137767,0.0387770942813086,0.0576824204872947,0.0266088486570798
0.00168823083760528,0.00204023517839753,0.00218675857448226,0.000954834649459608,0.002575325354835,0.00328411920455556,0.00112582752721937,0.00232169071415678,0.00197873236700139,0.0024476378832986,0.00261492851759545,0.00514542158214122,0.00259457744176727,0.013142535905485,0.00418347889959055,0.0158929685494967,0.0151564956435848,0.0122726791619321,0.0627677456384458,0.0637381180202252,0.0728237543332078,0.0692520100880806,0.0537262927116916,0.0741546719480917,0.0747076885101476,0.0380022738527847,0.0677619484654648,0.0961060957305627,0.100588627515615,0.0528153278366548,0.0354083743921832,0.0213758049124932,0.0724887871410717,0.154466633108254,0.192628001233375,0.206077793799373,0.238145625210656,0.211093837500715,0.196920382233996,0.136495374886427,0.0830714428683363,0.0523483919437473,0.0428278311748763,0.0834403492552949,0.115905320441282,0.160463312198425,0.205326830928749,0.222898847940027,0.264014787281168,0.348643838252238,0.397964024300836,0.448925358648133,0.238311495855081,0.0288180553800755,0.10710878895654,0.0334905917268117,0.0428560291042794,0.055030134030864,0.0470645127669314,0.0191473657588345,0.010068289239532,0.0107520193474451,0.00303503640586029,0.00317551342836209,0.0133378909570839,0.00987058296078543,0.165816451633395,0.365019120180133,0.140454412304979,0.0991127495345727,0.0451635484496514,0.111010190790483,0.0371191714966687,0.0693551127106164,0.0244864806366383,0.075866455605114,0.0523336688459696,0.0167287245276822,0.0556215263436632,0.0980435338329939,0.128356978588403,0.0740813849971878,0.0361318611793602,0.0133389628274344,0.0192791326332226,0.00442616104704841,0.0145396434580562,0.012669130888847,0.0173384239712856,0.0433912332058498,0.146873555607824,0.104680740438355,0.0799692806721128,0.0836698050063422,0.0429237376751725,0.0841898672246703,0.0148612129326131,0.0350450289451595,0.0650345336184152,0.0737647849544689,0.0813194508619982,0.12555869693018,0.131723100092765,0.086420619698098,0.0433149711415123,0.0659722624166378,0.0304994856140466,0.0458288943841813,0.0588450441996896,0.0250896292863441,0.0877142600059208,0.132900895040821,0.0858043585674884,0.100473648452255,0.0780746026015019,0.0898155826089086,0.0813226321353326,0.025237649744617,0.0405393070157891,0.080854274157626,0.0245634064197276,0.010924006159576,0.0143854146390501,0.0155517138136219,0.0143442869164062,0.0063059723758909,0.00287578314548805,0.00552868323408782,0.0047469548414885,0.00752340391725422,0.0107308181498392,0.00273680445968658,0.0111694074488267,0.0140321867912599,0.0242516949765394,0.047690955087588,0.0182856894828837,0.01107552876372,0.0133275735767675,0.0229352915936827,0.0226163699211054,0.0165407362156398,0.0291138932287086,0.0271471330682069,0.0107069957150861,0.010848703130523,0.0368492689363918,0.00635705075869072,0.0587370277266057,0.0186259071116225,0.0657342674273298,0.0256230651681309,0.0228609222442172,0.0781947712277673,0.0987613093545321,0.0348444891435103,0.00739459271628252,0.0122702240994522
4.47436781117848e-05,4.91484379863485e-05,4.3701174811815e-05,6.81617388328728e-05,0.000127882041836286,3.48287829584167e-05,0.000103537175286904,1.30321847954187e-05,8.2686476139185e-06,2.59977170976555e-05,0.000221845724783195,0.000256328886864856,0.000205310145840814,0.0006425015903767,0.000782179957187126,0.0015691807751488,0.00282367297721755,0.00169629191551938,0.000523609522430513,0.00123681870167732,0.00334932814492256,0.00244933757231609,0.00464065146894341,0.0109018076337614,0.00965464622112218,0.00576170887442549,0.00324182180352228,0.00162360029768395,0.00529999301791597,0.00439654867436957,0.00331479072487897,0.00218795738279399,0.00161066174968432,0.00201474932464757,0.00215607626599412,0.000731438147912422,0.0155125825702841,0.0227938405849319,0.002716218389996,0.00447679408481729,0.0167603162409313,0.00641855496487427,0.00374943002491993,0.00509468837717024,0.00644962174337158,0.00493025299099444,0.00510637788912283,0.00300960490804844,0.00100174880603525,0.00371980013040242,0.00534800027707184,0.00682216941850176,0.00438978532026494,0.00331787148045095,0.00164095159812187,0.00229765572585834,0.00179264345538663,0.0013318458996276,0.000694409123260867,0.00141997654717018,0.000362323034977884,0.000118978975005434,0.000103959016147641,0.000221790215399192,0.000267768216582499,0.000239470381155438,0.00244707120066373,0.00316784490333083,0.0271041055571975,0.0012687047450256,0.00241647725313435,0.00200598263690368,0.0168256763596015,0.00130411829326736,0.0049976280744093,0.00177026192440005,0.00324415417081988,0.00177253714676195,0.00301345826142189,0.00135138223734428,0.00136781424650368,0.00488474431786606,0.00080713308758826,0.000362211180443186,0.000609917817448367,0.000357153080951062,0.000515595737801657,0.000149415618720874,0.000285458939442178,0.00414485510348198,0.00123462872937819,0.00316496906485003,0.0048584824779418,0.00192914611616504,0.00275842034015407,0.00232315311450726,0.00449087706901944,0.0146209886838683,0.00481490480708169,0.00621575160232625,0.00134879341280798,0.0021655170880112,0.00238958304576383,0.0259594263705763,0.00133766041302001,0.000532553490340894,0.00522516891324264,0.00242607194571246,0.0015368605778883,0.00260388501901212,0.0121533991917275,0.00104086742769903,0.00109572364371165,0.000586339339614436,0.00109730583820017,0.000851304184131973,0.000904513636552905,0.00501189155754486,0.000610848575393895,0.000680558217427668,0.000205782653848513,0.000382254681027273,0.00019021090346992,0.000118443452452032,0.000143017655097146,0.00013300124591705,0.00010835718613533,0.000176999879281192,9.92538893647939e-05,0.000141212567617942,0.000136865981456191,0.000217614810715618,0.000683961340731565,0.00131231525936779,0.00268956844998794,0.00190689554281202,0.0181943412252372,0.01590797873989,0.0048149192779878,0.000716915248554168,0.00133447805555047,0.0102600729547076,0.00153088045474391,0.000677074924794189,0.00064085330861827,0.000176899435619252,0.000740239759952375,0.000570040598187686,0.00279407742203148,0.000839742069006116,0.00675293771669164,0.00282482892517512,0.00791116809944013,0.0052517530976795,0.00156797557748359,0.000734802738412853,0.00135182035379969,0.00230547818892415
8.41431054767112e-06,1.12625864937845e-05,7.13728409451975e-06,2.85924942592494e-05,1.08707443724711e-05,1.5039146781486e-05,1.58212615755692e-05,2.19516681763478e-05,4.60634431403053e-05,4.88538858493699e-06,1.16010313787775e-05,8.81550754095387e-05,6.11540289134584e-05,0.00037712960824339,0.000582041448836559,0.00106337618344505,0.00155479952198329,0.000857485905275397,0.000449813270291212,0.00137583608552468,0.00106738652331029,0.00100759538942943,0.000514299739931828,0.000584286229304939,0.000959312158030368,0.00264733505615512,0.00882191606501119,0.00156418522079921,0.00273019869543265,0.0026097516032572,0.00313231974692145,0.00426413113238982,0.00293975388876267,0.00417246186562928,0.00146181864411454,0.00580141708907196,0.000497795140688159,0.00284219542012357,0.00215526005222227,0.00378172884619745,0.00279449058705233,0.00200319420843968,0.00124066335518722,0.000674565803640837,0.000935422421068452,0.00177116422585222,0.000678277627016652,0.000699439894139424,0.000811556507280457,0.00192167933777239,0.00133585999375021,0.000597464840275353,0.000310613559512874,0.000164224970178873,0.000154307207650878,4.92557767308644e-05,9.04274182164538e-05,0.00117196752321038,0.000119243243689521,0.000150861494550793,0.000108584866811769,3.01777180374212e-05,1.42671414170182e-05,0.000102603085414963,4.10224543771166e-05,0.000700139094450984,0.00495095389513057,0.0041414887785534,0.0127424643122374,0.00280355948016495,0.00299749541427598,0.0024679107115056,0.00311941463207371,0.00258112587216312,0.00233810422554982,0.00232680718897973,0.00348257556849562,0.00303570051496953,0.00141182110326767,0.000850467624098144,0.000871338973497099,0.000725463844877688,0.000552705678253839,0.00129021337534734,0.000252842816148714,0.000266184170263842,0.000128993727887497,0.000263176135693226,0.000236335104163103,0.000151900907830467,0.00103785868650363,0.000835981394501393,0.00378943236292502,0.00218136633588862,0.00366771226076905,0.00406888843757746,0.00425501678690108,0.00276010540936542,0.00457017447042258,0.0042403644276757,0.0049566649219604,0.00210377141760494,0.00126684738110798,0.0028950538584235,0.000948614693720274,0.00154337771515731,0.000806370162760758,0.00158458384288408,0.00136113742989418,0.000520345783045663,0.000234078282559635,0.000640591177001374,0.000970568566910538,0.000272813432118741,0.0002107131452588,0.00108427355585703,0.000671545062206097,0.000223287743615972,0.000185381809398281,0.000307104194948689,0.000222209737441066,0.000587958326395055,4.4570400423913e-05,8.9888138812473e-05,0.000130858081988598,3.30410112635788e-05,2.67879525997334e-05,6.10333246859242e-06,1.15581883746057e-05,3.13022406236246e-05,9.33259484901252e-05,3.83485241607302e-05,0.000557657662455776,0.000417626824997602,0.00063943980180484,8.15200840156321e-05,0.00087659725503119,0.000508098568379059,0.00057149499564997,0.00136092493467576,0.00212402814371562,0.000508483669556447,0.000636696638630867,0.000313458325451754,0.00122038420262205,6.04632986014809e-05,0.000336965065672647,0.000215578772801988,0.000116393418850794,9.69209897622465e-05,0.000659789784208095,0.000317617001813996,0.000537421877198945,0.00256086088622486,0.000266818199175868,0.000196558616336546,0.000148977846530553,0.000932851847755845
5.55232305879378e-06,1.74086474967742e-05,2.57759684215811e-05,2.20742112073416e-05,1.75725807655647e-05,1.95104702152432e-05,9.18498963932891e-06,7.77866291932186e-06,3.9913172100061e-06,1.17093107791326e-05,8.22110346386185e-05,1.8017334788028e-05,6.3488747978307e-05,0.000570617333425543,0.000176273141501665,0.0011020700577373,0.00157579520312675,0.00135825310431784,0.000404562461512016,0.000795371595266882,0.000596725459831503,0.000925915659649948,0.00177574021621574,0.000932975932064039,0.00131042896947559,0.0015118717342362,0.00198075604916219,0.00161239882639988,0.00209672598398359,0.00578925135889493,0.00552744951883477,0.0172737083844632,0.0200297060642963,0.00814114244553813,0.0069386591931035,0.000785395154492366,0.00906238954070846,0.0019794638710645,0.00987164667645085,0.00543424792435831,0.00266003194900977,0.00224350251846075,0.00173314716792727,0.0016831968381199,0.000343547565317381,0.00017914495448391,0.00123787984000481,0.000263128162932083,0.000636571630014414,0.000513427336815064,0.00129195113286751,0.000680346206629397,0.000135930876601871,0.000223920244324176,0.00014735527050525,0.000169307704393438,0.000118900482859102,8.26883279099493e-05,0.0001102912808045,1.84635319708742e-05,4.66221876579052e-05,4.90597148984704e-05,9.28587991636272e-05,9.7853829720818e-05,2.0931047415447e-05,0.000132814369178264,0.000574301737504328,0.00330813137131754,0.000848668341358242,0.00282303549187595,0.00113388991292922,0.00207029330988485,0.00402289564711583,0.00135672086775811,0.00279964496965761,0.00210910892707921,0.00442028776221527,0.00702609747127535,0.00900537791995202,0.000575714968970669,0.000550809382226721,0.000775720054099632,0.000466272665358083,0.000257021393116461,0.00176196077889388,0.00145799406707652,0.000279140179132669,0.000143874610150097,0.000179302795873295,0.000578188634760561,0.00080827030998412,0.000572256225155134,0.00102411132124749,0.00286767935432614,0.00161723708697966,0.00148550519239362,0.00159555099622897,0.00279152034880484,0.00275384874247689,0.00227015408733606,0.00509388788055014,0.00268085648966986,0.00131859078955906,0.00614687869990324,0.002377881413803,0.00371627757318239,0.0028491710605863,0.00622902862595723,0.000483124001450698,0.00934733183153437,0.00567542563737882,0.000425621626948838,0.000790969773306061,0.000431273598360449,0.000215775765902925,0.000297449759705305,0.000182191288688251,0.000980217235785431,0.00298017571559775,0.000283195780591806,0.000134767827101709,0.000121803087591047,2.46682605695738e-05,3.08601133244927e-05,1.34220848721191e-05,2.32039364939678e-05,3.47964003247284e-05,1.60400414437465e-05,1.00675411981705e-05,3.8549847881101e-05,1.19002125035358e-05,1.03921362543963e-05,4.40749891754843e-05,7.14713859199017e-05,0.000153730243976415,8.36700787878874e-05,0.000178311033188007,0.000421547696168596,0.00034387376659699,3.51605029536231e-05,9.97144987388219e-05,0.000305568215887046,0.000286803292301176,0.000152481409803749,0.000115588135093775,6.60961108111427e-05,5.42328643611808e-05,6.86198536028955e-05,2.60175804318984e-05,4.00954981587446e-05,0.000238843033155208,0.000266557099087783,0.000181035169893968,0.000203343969420432,0.000147640716496634,0.000185111000735541,0.000756653787704705,5.60077184882971e-05
1.19080579101827e-05,2.4915160393708e-05,8.00536560844195e-06,1.95341934473712e-05,2.56442878483089e-05,2.75471614734916e-05,2.63066034421087e-05,8.1522353778842e-06,7.3610998002519e-06,6.26167615966925e-06,1.51566971346703e-05,4.23360118726329e-05,6.82221052179648e-05,0.000441928735101752,0.00215712409132468,0.00163744668459196,0.0023469978985667,0.00439612828311209,0.000421658674229915,0.00217452732460263,0.000524199093707076,0.00181746920328395,0.000650116759441452,0.000457151365795049,0.00192206361333915,0.000789624151727665,0.0010181841417672,0.00163821264801908,0.00203107154359491,0.00182406720526096,0.0146918055182002,0.0092437263559648,0.00559442727555355,0.00750888187444947,0.000900351878514755,0.00108993105883182,0.000674962341586444,0.00306034252571783,0.00197124531833808,0.00125278041939351,0.00097697001001189,0.00335797536816847,0.000785359498912585,0.000427557067547065,0.00112352769699377,0.0022693137997524,0.000772343993422433,0.000658923931197631,0.000717209368993681,0.000795129251295805,0.00182802796974475,0.00102856035749806,0.000290919392618319,0.000497973429931727,0.000489788482713906,0.000219207435462876,0.000150935386459749,0.000277045101567692,0.000102930060494904,4.51132282604301e-05,3.8627845222054e-05,3.49130188206031e-05,3.75005448316405e-05,2.40957158330122e-05,3.2518257929275e-05,0.000319147621280334,0.00040888567782455,0.00502589774286477,0.0047310951402583,0.000946066977459465,0.00451452036062076,0.0128888106324875,0.00098752404461727,0.00322427360954621,0.00863664230100621,0.0132537586794933,0.00329143334973927,0.0043096143237222,0.000376234170917989,0.00222886234380835,0.00168262297139777,0.000642398326108089,0.000368505311099903,0.000559679357586885,0.000661405699183688,0.000370937708859819,0.00023893873951812,0.000421407220764313,0.000342814090197672,0.000387586768898009,0.000531490217347716,0.000939621393131746,0.00151076799032255,0.000948620408016363,0.00741645775932124,0.00320352428142513,0.00610951238234954,0.00649781528793471,0.0220222126791157,0.0231836590376187,0.0195393982884243,0.00188106498405805,0.00181912297153182,0.0054833007700405,0.00265093096317358,0.000713683510544307,0.000596155835561748,0.000449968702491781,0.000373309918373199,0.00101391812823042,0.00102185533312082,0.00153372228356181,0.00131755404370161,0.00100201633326405,0.000596994410568963,0.000486673581256918,0.000340525708153115,0.000990220908115765,0.000354366403693124,0.000156633454506484,0.000298704322314216,0.000110904145374262,4.62834635373017e-05,0.000177598862725341,4.67439605999822e-05,4.23337039760338e-05,4.44425745294489e-05,1.44793730565583e-05,1.41050579225217e-05,2.65922706862092e-05,4.08275995344439e-05,3.99925329974529e-05,7.31335450695979e-05,0.000207703322377953,0.0001484146970951,0.000140356169502714,0.000360568272139325,0.000178476783372147,0.000205725057224666,9.37930850015996e-05,0.000188185761649103,0.000155838392532099,0.00038205816154665,5.56241503784207e-05,0.000112154860007973,0.000190714497254468,0.000155142929590926,0.00012676116085535,5.61407385470424e-05,0.000209249444165937,0.000152043808408008,0.000284248143355821,0.000688228323003693,0.00119617223106788,0.000427339960372005,0.0006911036188729,0.000299949819498413,0.000809177128556958
7.23656266647005e-06,2.29695144449313e-05,4.9344083353306e-05,2.45142706046131e-05,2.8071727397568e-05,1.03387403481804e-05,2.28809922814626e-05,7.02779401147848e-06,1.03360105411277e-05,1.25130040823755e-05,5.22398386892036e-05,1.73930183713836e-05,3.07868063896934e-05,5.35942311107583e-05,0.000125593558346591,0.000133026754221024,0.000151881407969061,0.000291065222458231,0.000334001154853272,0.000372266363031869,0.000270943462866132,0.000445194356375174,0.00022575957270941,0.000547542495834311,0.00091020404156466,0.00133642989461207,0.00059224469977835,0.000784105235912248,0.0029290817620263,0.000262947515964597,0.00050338472974141,0.00201368098880428,0.0051689654515097,0.000565549017301265,0.000777208376129431,0.000603184548783429,0.00125449821149456,0.00139235944923185,0.00146633396476039,0.000748846068062597,0.00147839093526863,0.00043374450186399,0.00160714443331756,0.000896215497181933,0.000262540821923264,0.000288944274400355,0.000212732226995756,0.0016023001919989,0.000353973607126069,0.000515237421888088,0.000497666623826492,0.000612526340290317,0.000773281829635493,0.000118795490729974,0.000170781699173478,0.000157353721466177,9.29751298764001e-05,0.000179678896109793,8.64783155931917e-05,5.10415163353244e-05,5.12781602281295e-05,1.85177338506884e-05,3.18694347875718e-05,0.000153665660583835,3.2684239432324e-05,0.000409413376584476,0.00296258449371557,0.0014475082950569,0.006291804614858,0.0028959425462776,0.00373983700285592,0.00284353934528396,0.00278192151838697,0.000637464655404922,0.000796050366600878,0.00247162659652698,0.00196267367952517,0.00204189868193956,0.00523050311062982,0.00518138357290327,0.0047532624059668,0.00245732697247383,0.00444486169523405,0.00188139193280149,0.00145627618914039,0.000525181163777006,0.000236982493528625,0.00131848830211276,0.000302089040006999,0.000807695227386027,0.00173561529566668,0.00175235453609479,0.00623592713472935,0.000945027244457346,0.000692379064156658,0.00120247488684097,0.00269726899066392,0.00153355901322156,0.00316554266950854,0.00235334836698115,0.00178421636678456,0.00502542741876769,0.00613008713997151,0.00413055152327319,0.00091028953482277,0.000552307303583833,0.00203361540292336,0.00121863995413086,0.000759746090114866,0.00147663926528038,0.00033226816776574,0.000119418478679244,0.000343670767612422,0.000277277450952566,0.000129401858636593,0.000375154719778591,0.000291014233371498,0.000144879250384103,6.39475004375164e-05,0.000158719840344799,9.19506647882476e-05,0.000170722007637637,7.72848854122466e-05,3.47013885920287e-05,0.000154648548034796,7.34789671796734e-05,7.87135632897013e-05,3.39925289169494e-05,1.66353548936885e-05,2.77803626224279e-05,1.34860816643263e-05,3.18482877298431e-05,0.000147571712586306,5.87251538391537e-05,0.000234035165407622,0.000202708610209305,0.000422770412220299,0.00046653420345824,0.000129187266784896,0.000179280425437676,0.000383107940584987,0.000309292070814321,0.000241972458320204,0.000207487192924125,0.000144556978510755,0.000197119352848471,6.11244253330981e-05,0.000100416041380823,0.000123632629627552,0.000204853030088088,0.000135443395555805,0.000633916614822738,0.000438155316500535,0.00178775489868158,0.000419517975222324,0.000374094954005892,0.000252736932890358,0.000258459518350682
9.01674363309279e-06,1.45282043377036e-05,3.67978248860394e-05,2.50888548738893e-05,2.24488949644589e-05,7.45785442569482e-05,1.69222101998026e-05,5.5792843390971e-05,5.5577292261256e-05,3.31229006223075e-05,3.38396312113564e-05,3.05982628885496e-05,3.69955306232038e-05,6.61701325513242e-05,0.0005212169029449,0.000555963798955798,0.000537400117950131,0.000202922389561654,0.000744844964010279,0.000390757180570834,0.000424349011765828,0.000440784327358523,0.000609206969020743,0.000402080992216536,0.00135161217006088,0.000864476799997329,0.000467903695471442,0.000318472401808843,0.00116595823723783,0.00149864919395654,0.00127192498837962,0.000959011630244825,0.000849546307824843,0.00197067381279691,0.00286906327150004,0.000439045138421026,0.000552228905443553,0.000538666151333097,0.000660629460183211,0.000248614585361962,0.000149116748291908,0.000134522376605844,0.00011295941859076,0.000686609501160647,7.27071619273348e-05,0.000242052047903292,0.000654144916769792,0.000235676748223282,0.00037069093540032,0.000798298929748139,0.00208437049807036,0.000470826843469311,0.000336120881335066,0.000626385533756531,0.000431492166603078,0.000146444654287286,0.000156555331951922,0.000845713060682939,0.000198999163231276,8.43638349306747e-05,2.84635417852956e-05,2.46745521498801e-05,3.57653714011702e-05,4.50142100839358e-05,5.6864987151862e-05,9.5368111346395e-05,0.000966553624866772,0.00128039263305491,0.00190376904722326,0.00191132274007862,0.000946073337815474,0.00121740970761274,0.000432347020200173,0.00166953507118392,0.00145924208189587,0.00100610108910494,0.00162073535624344,0.000662104220935679,0.000770771237105569,0.000810144638353701,0.000926302279594808,0.0006147386226426,0.000230004150750916,0.000202603837005297,0.00025992196424123,0.000919126473987208,0.000455240199357512,0.000194532309312552,0.000135854837407672,0.000162983974377947,0.000522103900949782,0.000747799236695608,0.00200774047705087,0.000812816653145367,0.000822500040128358,0.000977374030168102,0.00186205226721398,0.00275767349327189,0.00138757112577292,0.000855304109629496,0.0003485415293901,0.000925171849440419,0.000318655475138112,0.000712776688654355,0.000343224248074563,0.000308050255076363,0.000371008560101595,0.000270627775906531,0.000149188390251812,0.00022522790265893,0.000485689760955283,0.000226339815985713,0.000278801355431671,4.24564927425559e-05,5.55624264349516e-05,0.000105033495774951,0.000283305212187067,0.000133136505873007,0.000148792480256575,0.000238965483293089,2.73185072617334e-05,4.50042883708289e-05,3.98648932801334e-05,9.76976818997934e-05,1.87141788120858e-05,5.44597586879018e-05,6.65198173161803e-05,8.555604949904e-06,2.39978995559203e-05,2.46557783280291e-05,9.00965652201808e-05,6.13445305559501e-05,4.0582537528858e-05,0.000381496808722829,0.0002400581176466,9.0310863026168e-05,0.000413828325944286,0.00107775689694376,0.00047366798047114,0.00015207051940064,0.000193109762666853,0.000447684441874732,0.000708343080544356,0.000218916549700376,0.000196879031909707,0.000136117225161581,5.47713195058654e-05,0.00011728355834344,8.94144147073031e-05,5.93984021716939e-05,0.000244664615363822,0.000144873388901819,0.00103084451826964,0.000270284876813196,0.000208302010855461,0.000317154532094292,0.00034119273059192,0.000299024623529003
3.56034795120636e-05,7.8132497755734e-05,5.38971214097795e-05,6.69188380380399e-05,4.74795450901744e-05,6.50597985674486e-05,0.00014605620900872,1.2650731788654e-05,2.55665880204566e-05,4.20638752327987e-05,1.29992209294382e-05,6.31222051342771e-05,0.000102176171303897,0.000222726599924953,0.000535253973123948,0.00113305725036089,0.00127541096847219,0.000231402099720024,0.000218114366283154,0.000481449402004026,0.000239285888213841,0.000125349713770176,0.000442754860823134,0.000232352062577797,0.000315331170119371,0.000322985602702881,0.00122095943348572,0.00178476668325696,0.000935614208843196,0.000977128711189284,0.000897980999625756,0.00193588754295485,0.00147114669277713,0.000683277469315048,0.000618927325144987,0.000703417136287175,0.000644471587907291,0.000699954569825191,0.000799128716758248,0.000247516145132437,0.000555963862378936,0.000349788110800215,0.000534870338640098,0.000360056806386533,0.000430587228249101,0.000444414715378439,0.000309261778930879,0.000500515087578654,0.000195277705732589,0.000625328129807816,0.000877616908436907,0.00321850489887605,0.00124284194064414,0.000540021457188117,0.000111142983622542,0.000365656371258503,0.000159616159032613,8.759347621504e-05,0.000153254623664787,4.9104189514254e-05,6.58187013304848e-05,5.69295497582293e-05,0.000121480403107627,9.80006921860385e-05,4.99568570431865e-05,0.000215375953497982,0.000443693155864042,0.000443964193454396,0.000973632179740623,0.00199201589220291,0.00135053696122442,0.000601127496314583,0.000696300363258237,0.00188704156248635,0.00190893565876595,0.00051699870840826,0.00069860773149079,0.00067124213115084,0.000747847259141612,0.000379164466621973,0.00093792841431134,0.000761476203034926,0.000333832114822506,0.000169533602213968,0.000308491205857803,0.00065923710034764,0.000251367561031959,9.10471936496031e-05,0.000103077583409148,0.00010316757598214,0.000147730788921684,0.000144319892322593,0.00032903677547723,0.000985675380107443,0.0012813385790746,0.00138420899838042,0.000512802767556034,0.000969667382047466,0.00189630558099083,0.00132772803834318,0.00111091862075472,0.000900048208934544,0.000482375702250939,0.00132429473634558,0.000336214326889089,0.000270323433844821,0.00016086794894433,0.000331380291512606,0.00021379344498572,0.00069988487969308,0.00032730470462893,0.000578358919287959,0.000513054704067475,0.000297086480982251,0.000146209447514821,8.82232325666866e-05,0.000362881687166408,0.000157626821090732,0.000161133497538021,7.95063581308103e-05,4.51334540074102e-05,7.59615372169642e-05,4.2025816180615e-05,1.41658170127141e-05,7.26056227521343e-05,4.6682671915454e-05,1.04007650527238e-05,1.73788515611008e-05,2.44470188074081e-05,3.0995659061e-05,5.49766619153981e-05,0.000116888507056163,0.000140558309681751,5.18906579792565e-05,0.000114524490430951,0.000171870374986753,0.000219352821936261,0.000376358472558596,0.000415809111425864,0.000247589585066695,0.0002586996737452,0.000480209536502129,0.000131267420007509,0.000780818330904561,8.4670740372172e-05,5.38877081941053e-05,6.62839959115588e-05,5.75229326039982e-05,9.36746223320244e-05,0.000171646561678375,0.000170965452349732,0.000277152715706347,0.000419841264760748,0.00573627590959426,0.00184526439303686,0.000456923765227394,0.000296795160373881,0.00107504430988577
1.83644517012424e-05,7.88292359478148e-05,2.29922009469602e-05,2.61792317315402e-05,9.47126939410465e-05,3.32192188762872e-05,6.02861982247197e-05,2.04719823721639e-05,1.35069236928147e-05,3.90098292466079e-05,1.66506857824057e-05,4.12216171129996e-05,8.24811450690256e-05,2.60784621957336e-05,0.000255802124023483,0.000340170059943957,0.000231163432745338,7.18617144425999e-05,8.63101420283987e-05,4.26677111608557e-05,3.65257028463261e-05,2.29691937535067e-05,1.10661918390053e-05,6.89601846541574e-05,9.06262039111962e-05,0.000103032258314416,0.000176312726501532,0.000329513088358581,3.64315470602536e-05,0.000470062107574018,0.00027253212858404,0.000771640934048863,0.000929904009410501,0.000862703696397586,0.000803602616875726,0.000142360331831591,0.000651897171350529,0.000386121624050107,0.000544335645433483,8.44376836230231e-05,0.000992202041050108,0.000571455781909659,0.000311351912399262,6.20309886195735e-05,0.000232379546153822,0.000170889207040474,0.000194994360941384,0.000429804850082156,0.000194958244747549,0.00184085220296802,0.00255958649533804,0.000969767280296794,0.0030636148483665,0.000970682532443755,0.000732212463879342,0.000437897398713185,0.000596261589595673,0.000220698864030561,5.68239989282165e-05,0.000179504309848732,5.83924213382999e-05,0.000101330502180161,6.56862504369422e-05,4.51118830821007e-05,6.20668039425401e-05,0.000144792314096369,0.000821610708813757,0.00056831276178257,0.000176488668544398,0.000800440698365768,0.00103642009574589,0.000624407890657891,0.000613008391098887,0.000153985824982084,0.00129543103918294,0.00110703767636174,0.000808925802806412,0.000706716247430866,0.000709026965077769,0.00127463771921056,0.000982710527169978,0.00054391280459527,0.000407266558481108,0.00037903904279271,0.000692165095193874,0.00044937719430704,0.000356824623293803,3.32761331732733e-05,0.000180741911953839,0.000125146746011987,0.000218681978134574,0.000579412504707869,0.00141845071834041,0.00137836339209467,0.00169131907089601,0.00145553142192727,0.000858351414352948,0.000676270131553412,0.000755628328579737,0.000793086908366472,0.000330750665205793,0.000428006261028474,0.000239173507838179,0.000640683825076631,0.000946896331032252,0.000252689880852667,0.000151320800363588,0.0002798683976858,0.00025364028168394,0.000313279297809812,0.000108403490474195,7.72864197840907e-05,9.37804262658957e-05,7.39408146145573e-05,3.59938738633069e-05,4.11632879275871e-05,0.000136592495238018,4.11442759316604e-05,0.000145369760939376,3.25198328892676e-05,0.000113754636524577,6.10730988144099e-05,1.93891333949833e-05,6.91921259342728e-05,1.44222944759949e-05,2.24770054125915e-05,2.70300990235046e-05,7.41311238591301e-06,4.9838369262415e-05,3.49316368698758e-05,2.56672866711949e-05,0.000214581910299506,8.5341826100587e-05,9.8426882034057e-05,0.000327237262337084,0.000150144777955285,0.000387086871351771,0.000479286873074335,9.62096915518934e-05,0.000101675201202346,0.00033506169687453,0.000113802609651446,0.000304625797796197,0.000314435878066076,0.000136299274954749,2.08080290136005e-05,0.000174160836440891,8.42604092408066e-05,0.000225012021523745,0.000149510147424369,5.3666408192385e-05,7.00730089154117e-05,7.26548970382117e-05,0.000722179049563368,0.000134183337826949,6.78294312761362e-05,0.000146839985499847,0.000333302215786126
3.7234774223273e-05,3.47837301242766e-05,5.31687832527487e-05,9.53516085888177e-05,3.54725579824383e-05,0.000109996895486464,3.53851323320487e-05,2.07484460914314e-05,6.66178885250033e-05,3.41296412400974e-05,6.49234219134411e-05,3.47748459193276e-05,4.69277651191992e-05,3.20531141353931e-05,0.000173447237312913,8.41662211530225e-05,6.0910498704829e-05,6.08632997601123e-05,0.000155551014316479,2.126918201289e-05,4.16247548588964e-05,6.45309998500899e-05,9.66303956628217e-05,8.63560869678507e-05,8.74655365385677e-05,5.25455603514673e-05,5.60674303077988e-05,0.000100261213164722,0.000202415095204972,0.000482570571522144,0.000360626141388855,0.000886208582354829,0.000649003976747427,0.00022922137668084,0.00092079924569793,0.000412014736883875,0.00031949488210784,0.000298501510987886,0.000267563197350348,0.000261962733866179,0.000318783077189063,0.000222539037037761,5.07475618470836e-05,0.000130021972416645,0.000246885501466627,0.000187651855420663,6.26792820783472e-05,0.000251350729198434,0.000458353903112603,0.00192543520963134,0.00263810337856682,0.00133663356161358,0.00112850852121043,0.000786773098069194,0.000830654169977417,0.000275218047302621,0.000485273843166655,0.000221486186868121,0.000206731071947298,0.000194904184905434,0.000274869746431645,0.000158713062040557,3.3877709804987e-05,7.1599480625548e-05,0.000133270775676105,0.000162439081465705,0.000526018971757732,0.000531341888985766,0.00063033224104832,0.000790698521745164,0.00049315056529686,0.000469415745233683,0.000380984371199919,0.000633624621724877,0.000932212831907135,0.000715162912818391,0.00116040399187742,0.000564622187063084,0.000472356941481384,0.00053493944740083,8.62021957259801e-05,0.000364117281813339,0.000208425104720629,0.000157571839506581,8.26348125425316e-05,0.000119262101920792,6.05406751273516e-05,9.45377833514091e-05,0.000218011047035026,0.000656665971932049,0.000316965334353189,7.54450091515312e-05,0.00021661809933461,0.000192359423619743,0.000700264332255185,0.000250153099191365,0.000183514784710515,0.000297426352018748,0.000390567180178872,0.000101203359405518,0.000466729041246484,0.000326266467258694,0.000335599120318018,0.000198696614334942,0.000286181615999944,0.000282842607108957,0.000127941706438121,0.000121617647277664,0.000129160677852347,9.04576278512171e-05,8.98310212331258e-05,0.000123495877235296,2.51043048348037e-05,6.74849736630403e-05,2.08666016444539e-05,0.000101691981915809,6.0342736995481e-05,4.22591466035333e-05,2.91124732290288e-05,2.00686167132213e-05,5.99014708455475e-05,4.58828250657183e-05,2.11659675209077e-05,0.00022183099406441,1.7586956531236e-05,3.00293697788913e-05,0.00011327600964678,6.15137518746697e-05,7.18236871759947e-05,3.3389384971056e-05,4.76220827933437e-05,0.000178005597511986,6.9763618272726e-05,0.000175511011109548,0.000240867242012747,6.84913094580244e-05,0.000426061769396703,0.00054280082866768,0.00042451107764812,0.000571373453810623,0.000414626155438068,0.000415372474033976,0.000427173665131064,0.000235140263365659,0.000256302606992266,0.000224250205456491,0.000127233902204504,5.34682388304412e-05,6.52612249170344e-05,9.35254930512541e-05,0.00013375335896435,0.00024758380116589,0.000490770547424844,0.00150807618225476,0.000854315178771155,0.000348636402282634,0.000227116777356512,0.000122735987277398
1.307096320183e-05,0.000125173422818836,0.000150811447903956,5.06800164551553e-05,8.41104404718135e-05,0.000111860425420411,1.70605360144432e-05,8.13980056548038e-05,3.76078527240403e-05,4.25788790211735e-05,4.26865200404715e-05,5.06349505433436e-05,6.46151812322729e-05,0.000121499274322617,0.000123717523564149,8.26716904826436e-05,0.000560724373797028,0.000444359546487237,0.000406722253480562,0.000357252814771358,0.000934145590107187,0.000382129068509167,0.00027822135794798,0.000203825083918682,0.000242920963510088,0.000251504139121023,0.000497061676871936,0.000481232527719104,0.000376791003917804,0.000447877142028998,0.000144061851152633,0.00132901223273196,0.000184703849749617,0.00016117356527102,0.000672538220613686,0.000318268808969274,8.89473576605449e-05,3.63142374131329e-05,5.67660861927702e-05,7.75709356769917e-05,0.000182344051599042,0.000281650661289857,0.000322343327001056,0.000303542053588048,0.00016897814738836,0.000189723854957074,0.000181098825590437,0.000160895098847299,0.000131342425666052,0.000417410807725582,0.00105153669530704,0.00255754435793535,0.0015922906466047,0.000423869064425005,0.000441377330548698,0.00043956561137758,9.0518789862072e-05,0.00036715716863071,0.000277921644759962,0.000202854274434809,0.000111749772566034,0.000142847884585189,4.43294465859923e-05,0.000160897177281905,0.000122217061445043,0.000168066981096478,0.000702163419194138,0.00134170805694578,0.000397930023541622,0.00196961759572207,0.000143756490388986,0.000271046726491698,0.000839517002687571,0.000622785833089963,7.01862543458391e-05,0.000979095419507684,0.000455189199792722,0.000290118032649198,0.000194272340572972,0.000141660636021448,5.32709833522937e-05,9.09902654551363e-05,0.000151603103618825,4.12370585714441e-05,6.6584272638755e-05,5.32476094967935e-05,4.77637656474921e-05,0.000158612338705389,0.000146213948113404,0.000269229648109287,5.78525402118548e-05,0.000155038959370015,0.000583588255008385,0.000377975525328868,0.00111594504979007,0.000645707649818,0.000274235022665637,0.000652755694043016,0.000929907902393675,0.000909104550243954,0.00012976539143736,0.000240231432690648,0.000116275364837849,3.36134927294813e-05,0.000547230278738583,0.000233827119638147,9.71143635010129e-05,7.23073108752028e-05,6.3247443040223e-05,8.40236884628484e-05,2.47339604929849e-05,0.000117207896120177,5.15163473045974e-05,2.88525778342094e-05,4.3776342537246e-05,6.55481589210797e-05,4.7233583632869e-05,7.67736146193885e-05,6.58217082802821e-05,2.69927710615658e-05,4.52061997505954e-05,3.9532518524758e-05,4.88239125264275e-05,2.91618612869408e-05,9.17549491678007e-05,5.84538609054375e-05,7.0329803392162e-05,4.99217614449312e-05,2.86729801855012e-05,2.91246799298728e-05,2.21921695707853e-05,3.43885420473904e-05,7.51448451693896e-05,5.18049887825187e-05,6.29664044822789e-05,3.35507438298693e-05,2.64902649085902e-05,0.000108410736619328,4.60452315579245e-05,0.000105639170659993,9.28659487914438e-05,0.000293725666574045,8.91831152278298e-05,7.92177183562777e-05,6.66187839221109e-05,8.92384460398785e-05,8.62002809317513e-05,8.03223444175644e-05,0.000199359570562258,0.000169347047399708,0.00011209927706684,0.00034636714306414,0.000349717317417925,0.000685972567451905,0.00041883395184692,0.000114588826676027,0.000156841811742314,0.000155012700763123
0.000125320872715746,0.00011180449278731,0.000159254439634019,0.000109483653654722,2.60207874325785e-05,7.72573083535471e-05,2.41723076059538e-05,4.62435690094813e-05,0.000184275747123561,7.76495120681634e-05,0.000146591747102953,6.28192744988305e-05,3.42434495632529e-05,0.000151575350909637,7.76853164327519e-05,0.000148453388437265,0.000316492593758395,0.000321357637841284,0.00059703217511198,0.000728653972361158,0.000499025822029543,7.25530836273296e-05,0.000108423487836269,0.000268434739012567,0.000301688297521784,0.000444305861780516,0.000536644274182244,0.000108553693695392,0.00141345237292116,0.00199387248640141,0.000910451351380943,0.000905410751349535,0.00257826366510433,0.00350030925198511,0.00295851587374418,0.00308716413051959,0.0029600925906705,0.00089864112839003,0.00182051787268064,0.000750089081399648,0.000202063738991651,0.000197478490802968,0.000343004929118789,0.000470148169612419,0.00035470899686158,9.02293673853307e-05,0.000221940385823636,0.000232165095021216,0.000666075997458236,0.000326636616763946,0.000807412587272423,0.000496531522713467,0.000343520988055957,0.000463870882789259,0.000148430393943125,0.000357064923169319,0.000381585561374346,0.000206022862047595,0.000222860340872763,0.000319590058778908,5.90712322132592e-05,9.41181781776705e-05,0.000118074291496064,0.000292304195337696,0.000277287421190296,0.000428908902552389,0.00141002917004252,0.00303148799464262,0.00317771694111787,0.0008230992019857,0.00476886174665496,0.00455875947632046,0.00127788634979055,0.000609280825619719,0.00131844646403888,0.000746681417114364,0.00134613612724877,0.00325412259187055,0.00264564519286533,0.000469034489742986,0.00104919127997483,0.00113815811467994,0.00204545285326855,0.000816610987080014,0.000136986879528184,0.000288682313752499,0.000193853817176735,0.000357941296848101,0.000742884055045325,0.000543358415915579,0.000498655067422741,0.00109665728014693,0.0012964454060649,0.000857255913869579,0.00140064704444508,0.00159494395647713,0.00296421935761358,0.00384866972497933,0.00155557833667489,0.00246160408880136,0.00098873103602634,0.000530410179933453,0.00213214770299596,0.00170360863824082,0.0010154189887091,0.000598923359016072,0.000532335583461208,0.000189700586287764,0.000307144328818517,0.000164280983581147,0.000161794815449718,0.000103381690672834,6.83478328920037e-05,8.9150944857564e-05,9.03238599797759e-05,6.7209260439538e-05,9.24944214115371e-05,5.48270878852233e-05,0.000104489152005041,6.40053791663201e-05,5.11091472064035e-05,0.000140507579859553,6.77717168993751e-05,0.000103595782911436,4.16689719187712e-05,6.55144783940731e-05,6.9589882141121e-05,0.000109670774894589,8.0070922716661e-05,3.38571616428387e-05,4.09498225007815e-05,0.000150700730334795,0.00024457862797921,5.72704068386319e-05,0.00012015871340461,0.000226539987721081,0.000101627386847328,0.000138328205986859,8.58091328779969e-05,0.000137768733052983,8.47001846171935e-05,0.000272314098336218,0.000288080574752135,0.000147135674343698,0.00019090699560104,0.000103094331054941,4.717845966122e-05,0.000154024491766265,3.78453815412175e-05,0.00041262018462048,0.000204339365242948,0.000284696516293552,0.000605621004341131,0.000199586028551116,0.000496786787947362,0.00020060076098368,9.80822006631239e-05,0.000290611142156284
0.000176556047370262,0.000183873775578901,8.9793296137079e-05,5.2885512955912e-05,0.000152044605560087,0.000128331599761849,0.000237768095528376,0.000161498942728615,0.000223604484673488,0.000139576422889008,0.000101907501324323,8.60747454198003e-05,0.000172410603213231,0.000309496918437339,0.00064013474108514,0.000791554654508505,0.00246207828480865,0.000606957524414154,0.00113252002000045,0.00119051950715809,0.00183789479682088,0.000277080502849756,0.000353469476048118,0.000467406719610749,0.000195258902185956,0.000454408140994344,0.000412500880678291,0.000349303861767001,0.000426812585644884,0.00129319308333863,0.00479475872780832,0.00372974018202828,0.00122523769020874,0.00327153075830633,0.00102862877883469,0.00403364891315525,0.00125112874830592,0.0024035089242521,0.00248293147704217,0.000388686168446117,0.000327550157212046,0.000812957502457412,0.000306971209856607,0.00010223013090359,0.000478442259396705,0.000234917153633543,3.5101693031486e-05,7.39225846841567e-05,0.000203969165515195,0.000119869106377258,0.000484785431973917,0.00162351523732883,0.000719748370315922,0.000186781793767175,0.00044099936516392,0.000126274271337867,0.000192169977311482,9.49820170098889e-05,0.000116321245440577,0.000134550295071514,0.000112417871835291,7.58901790005006e-05,7.05147900387063e-05,0.000247485945055624,0.000393841799229068,0.000310644151596042,0.00304673900532731,0.00155395708312209,0.00273107301628411,0.00342271445475103,0.00235957806246596,0.000921327249979335,0.00206661690185343,0.00110604285536813,0.00262702540991915,0.00162939537123955,0.00212683522739488,0.000590665173966172,0.00275751114692829,0.000520741166473341,0.000585084001132818,0.00237405091754585,0.00121064397686531,0.000280474152088807,0.00075725910618311,0.00014596673929345,9.69755778231815e-05,0.000315829478895698,0.000453073161365494,0.00137474349865466,0.00222818071382369,0.00112491454319032,0.000927926148996758,0.00147671190409461,0.00217939583506771,0.00286809946291527,0.00309268105185396,0.0026123166435392,0.000554731465342712,0.00232684134300201,0.000533272883744266,0.0021245120904724,0.000288877532681122,0.00045922143790303,0.000318671844710399,0.00107866586861908,0.000142601910253163,0.000333952513045176,0.000199054651156725,0.000204225624070767,0.000345306985793411,0.000106013964140751,0.000139784949399153,6.81448171599458e-05,0.000248290689054786,0.000253591638483797,0.000108543278508647,9.99903989367411e-05,3.99912449553033e-05,9.49581633640516e-05,9.23595970341477e-05,0.000136071208009472,0.00015146681985892,1.45358272172592e-05,8.21226044814063e-05,5.21390463023684e-05,5.23927319102535e-05,4.92158106404569e-05,0.0002821496182195,0.000126987605288782,4.56665528007754e-05,0.000124291926662979,0.000150351552103887,5.01714356509926e-05,0.00012071189049677,0.000237502288659817,0.000130396995955949,0.000357382680667336,0.000790602833726543,0.000147727803654595,0.00106025893720083,0.00105362180803639,0.00134715770583447,0.000900324055883559,0.000487615951102318,0.000350205052293051,0.000242369606449136,0.000351869045216238,4.83934288615028e-05,0.000551374422972727,0.000251037645211219,0.000584101767884277,0.000395835114480744,0.000301202819742728,0.000267422152915835,0.000237568501861138,0.000259084567729901,0.000312329492892155
0.000400116605499352,0.000103113816064795,0.000226535747503656,0.000259284935003474,0.000173088711864665,2.94668483441441e-05,8.0944898677569e-05,0.000213967001287735,0.000119892159398482,0.000159579969713326,7.43595260595084e-05,8.00634529369044e-05,0.000134250300811683,0.000333971664413938,0.000628860973820408,0.000674400650749876,0.00162133322430289,0.000657744923011205,0.00336586451769788,0.00195110439395693,0.000438815348879929,0.00110103991033324,0.000711929845396968,0.00059445364070888,0.0023079316129331,0.00107971882709029,0.00246056588376033,0.00452708564757808,0.00344573138568055,0.00436506963708633,0.00189013197843969,0.00922825082024824,0.00207953702807379,0.00158593356242521,0.00325304496161133,0.00298478327363792,0.000909138494887145,0.00380810795916038,0.00157207050626907,0.000655139124634843,0.000712595833870754,0.000446206193140834,0.000730607298030448,0.000192397253844541,7.01592385624203e-05,0.000117747260168831,0.000272112738870435,0.00012431324420032,0.000186135735806622,0.000278010691530266,0.000175452609711352,0.000360421318526671,0.000383209841904695,0.000190956044071184,0.0002772952363045,0.000186337373250644,0.000190510056785098,0.000172853873918891,0.000158332106050948,6.46965188694998e-05,8.45747878196689e-05,0.000126065356753658,0.000296288008080063,7.4966047092152e-05,0.000209909929008495,0.000259662151112016,0.0017787478183974,0.00197968556763311,0.00324592705643136,0.00459456022618762,0.00483443125247906,0.00506254082867308,0.00341474129499119,0.0019733486186654,0.0029819364999251,0.00363661126233026,0.00594774159473952,0.00200067826912121,0.00108228427219477,0.000911343997031086,0.00101290383528539,0.00175544681919946,0.0007909494176465,0.000441185511083772,0.000280245727792271,5.21590274453183e-05,0.000328552114934991,0.000221813530198485,0.00115029010801794,0.000171787562023484,0.00134177626279153,0.001499819061235,0.00201819274162234,0.00175587084226283,0.00114552623419052,0.000996958075646361,0.000562916599723871,0.00264746591468738,0.000792177097772804,0.00110105607694225,0.000908746873311864,0.000545972920543713,0.00073367844077717,0.000220937664383422,0.000205365749659782,0.000765593774849177,0.000279060833941631,0.000168712635137783,0.000415575531833747,0.000299492942142416,0.000153570061060193,2.69083177193552e-05,0.000245504609706213,0.000159948581386985,0.000121702914543681,6.38043885504331e-05,6.44793786855925e-05,0.000106942471682717,0.000219376681205159,5.16645732205702e-05,8.63017742928294e-05,0.000100191296026334,2.96400281374136e-05,8.10368165691792e-05,9.74843579217169e-05,0.000147796182142114,0.000125203100278458,0.000165926003555787,0.000101033070295421,0.000142939320943131,1.95299536556902e-05,0.000105909427539262,0.000100457919042111,0.000217843693039843,4.33620355709293e-05,0.000208629583175333,4.79486936717972e-05,0.000166204020557828,0.000200928334675363,0.00010319785119812,0.0002475228715587,0.000454457407981221,0.00032476794272053,0.000460509127516166,0.000103269477844916,0.000247474568684519,0.000123678395978006,0.000107239462736312,6.19999017732493e-05,0.000239544702802734,0.000358270484315394,0.000317592935416616,0.000772768735025728,0.000257888506178702,0.000388012451797715,0.000184650970124299,0.000204373661156881,0.000562411308875907
0.000237969335836692,0.000203333454698866,4.9456676460498e-05,3.4480062584043e-05,2.08711563312176e-05,0.000203234008355529,8.17837741100566e-05,0.000128235199434445,0.00013481113683974,5.06308780877603e-05,3.49309793057263e-05,6.78690553621163e-05,0.00026325824558793,0.000578016181757147,0.000988585539714388,0.00065369030004007,0.000347668799137727,0.000707277214311786,0.000740105026100167,0.000550101674623864,0.00107351606345076,0.000258442234074683,0.000755632600199777,0.000494296003212268,0.00065859074015456,0.000658258598382802,0.000399053055622528,0.000474431616280342,0.00326481488813341,0.00102599175658513,0.00543655428135883,0.0011506912341596,0.00137842579847814,0.00315781563173113,0.000361889964866163,0.00190968472541984,0.00123843671573522,0.000430929589188917,0.000359611877195815,0.00043070686340364,0.00016604076114198,0.000513595338348142,0.000333435267489825,0.000285659105738943,0.000182856246727663,0.000114604283812515,0.000152038312419653,0.000164799491141899,0.000276575768470496,0.000189449267093794,0.000172328485890771,0.000494216337965326,7.71561233749024e-05,7.83359470121097e-05,0.000187701924554159,0.000144837873830098,0.000385011336960827,0.000174368101912855,0.000283777648605277,0.000121096805569472,0.000209141202733181,0.000147207382196596,9.46631586923624e-05,0.000215529953530795,0.000467509013539853,0.000900480687441935,0.00256257869874058,0.00248280411737185,0.00164080146398239,0.00403312693562096,0.00147479032229376,0.00275048027586951,0.000993659132227343,0.0020684313255412,0.00162881177860268,0.00196712419052511,0.00135655330836671,0.00074408430992684,0.00041546517630121,0.000529964748854909,0.000171080213778318,0.000527414716272586,0.000480385406666565,8.62984466685963e-05,0.000337119843801786,0.000207150789309637,0.000397697880246514,6.95078206835873e-05,0.00159470339902084,0.00105015671207445,0.00135974621448864,0.000973076271485633,0.000575633021637919,0.00303135691032938,0.000669384560608764,0.00123846360454048,0.00170850375586536,0.000566000430258675,0.000441026728208145,0.00133474273343369,0.000587329599940586,0.00073488064010086,0.000444608078400282,0.000155425430010778,0.000345218603850532,0.00035820577849668,3.73240059415927e-05,7.73414924624813e-05,0.000195759206183878,0.000214275616865061,7.71631015844919e-05,8.7901663141096e-05,0.000142123669724186,0.000201069281630418,0.000227467070016773,7.48921026274648e-05,0.000207200393474102,0.000145787356044274,0.00027675128290966,0.000255659867489756,0.000172899037609777,0.000256607588309788,0.000161226744377594,8.93829345596482e-05,0.000193929284991469,7.5690836493466e-05,0.000102300263200479,0.000219051175357514,0.000163891530087284,4.01452031610368e-05,0.000613354933697423,0.000222968051436015,0.00031332319062233,3.87398686499185e-05,0.000244131636805302,0.000200197705845165,0.000146774663749371,0.000116905072240222,0.000101768279551026,6.15871153344806e-05,0.000136364082057998,7.94968777806594e-05,0.000133390737386748,0.000152826421781228,0.000167671678141752,0.000144676608389099,0.00012416964026274,0.000126129880366394,3.61320208154701e-05,0.000415201207781409,0.00051847251507226,0.000480520406938282,0.00053934849621876,0.000632110881723813,0.000607257349339003,0.000610236383190727,5.62617529512211e-05,0.00030441186608364
0.000319307332666108,0.000316177213714471,0.000282121537816037,9.57037332913294e-05,0.00020062652597512,0.000174514349318813,6.59496783059818e-05,4.88447436428706e-05,7.55958249340676e-05,0.000211207298782612,0.000153257205893301,0.000273771733070047,9.18390470066291e-05,0.000505349517153621,0.000399014174218708,0.00123279405483853,0.000847401592960129,0.00124228026591415,0.00144717121368541,0.000716210320804064,0.000940755112871457,0.000775215288555656,0.000172608500169412,0.000869011145154474,0.000943769005339884,0.000717921295016915,0.00143991890210829,0.00174820133661564,0.00327061998934382,0.00189433625065347,0.000217335901789553,0.00201082575636936,0.00186373684955631,0.00100037609011256,0.00132322882034633,0.00221070914947703,0.000573573450589043,0.000512532985124252,0.000818347467007091,3.05614138007375e-05,0.000272705318735796,0.000120724452052946,0.000206405346237166,0.000245542399696219,0.00012258780535463,0.000121384152873564,0.00011375710583751,8.10911572031273e-05,9.6348691429606e-05,8.92506460755968e-05,0.000169700296634073,0.000243123701096696,0.000264562710273589,5.60956021412291e-05,0.000103826983936907,6.96804705419356e-05,0.000396139972570088,0.000126615735621611,0.000510753379213746,0.000147522797989064,0.000518402422947514,7.35083130253667e-05,0.000543088491855139,0.000470631514103003,0.000383139423364292,0.00084199185578884,0.000255567921587297,0.00298004126231584,0.00159087646324084,0.00122268887050361,0.00193433522668181,0.000476103519345905,0.00316372381722557,0.00158230550642197,0.000999513007753432,0.000597148849443701,0.00110705218574524,0.00084343854054249,0.000632869106442801,0.000442597848885998,0.00065906603642289,0.000189741723984824,0.000421137521895662,0.000192751952416953,5.06317351822315e-05,0.000119654163387689,0.00011299758851176,0.000476277442817326,0.000656603383657711,0.00117652895949155,0.00192894949364836,0.000448893605463714,0.000419632628803016,0.00186663775317219,0.00077324806955637,0.00112466257364944,0.000738425251372004,0.00113319374632196,0.000645686608884942,0.000575002924189228,0.000368966979407792,0.000428782135132639,0.000106397419320567,0.000102220843605767,0.000351260381926313,0.000179710546005962,0.000113864256091273,9.08083426709907e-05,0.000153668154387628,0.000123499931567209,8.1230588907612e-05,0.000221710589321989,0.000122991429833332,0.000231234625265774,0.000163608362243659,5.17163118488327e-05,0.000110358524127598,0.00024503622768881,0.000121841985369552,0.000149960638212088,5.14627680853041e-05,3.59464862504475e-05,0.000102575339417628,4.88913258077226e-05,8.80566912332809e-05,6.02644667106263e-05,0.000138800265403807,4.65639444905485e-05,0.000141539622832881,0.00032934120513655,0.000433704622937859,0.000548400560425337,0.000249605548546302,0.000235612030293828,6.56296879374083e-05,4.07616069259766e-05,8.38919274406738e-05,5.24332482100433e-05,0.000231381750120067,0.000314683543659416,0.000154178969971446,0.000205493598559066,0.00020626623753641,7.25684989582964e-05,7.18663123260304e-05,8.11590896036435e-05,7.70797077198213e-05,7.44993473902687e-05,0.00015285095747887,0.000288260935523969,0.000679664669661337,0.00174438180257774,0.00202450823861434,0.00282948656850501,0.000444702744315957,0.000336390082740217,0.00034443637267602,0.000375524602234478
7.07829798643151e-05,0.000275996404489148,3.57784468477095e-05,0.00023667469737801,9.770032435036e-05,0.000278796982010544,0.000166738067959786,3.8352883396879e-05,7.97714034879998e-05,5.9224761361117e-05,9.13433378210487e-05,0.000137564675360066,0.000183239312428495,0.000308098758161559,0.0012466895081278,0.00110881824953841,0.0017540348799161,0.000901638293764188,0.00245938330524202,0.000325088955990138,0.000247626115781841,0.000278382581713615,0.000817323928493806,0.000490388557214326,0.000464887807610708,0.00148085727105622,0.00163667841274897,0.00208801999377698,0.00153147805390446,0.00286985999930007,0.000407200448155792,0.00117659528131936,0.000746861179634647,0.000950342198319449,0.000544962854515941,0.000407308796201831,0.00016115947641092,0.000116594547086884,0.000309559555947293,0.000280806425188852,0.00014741617467702,0.000134910046123499,8.15175316313661e-05,0.000161838701268343,0.000160741192918367,6.13173259659488e-05,3.82719103968279e-05,0.000119294018108615,8.02198708049766e-05,0.000123191273844578,0.000281259836736792,0.000432022176597169,0.000497314317807974,0.000204491623586341,0.000273920818741664,0.000136215909214748,0.000296825517584238,0.000322799728902727,0.000488223642192827,0.000230646485679505,0.000137178575158889,0.000402428828089897,0.00044239904869631,0.000729618332995494,0.0011110595445471,0.00296116879768905,0.00120627806322144,0.00197344764601711,0.00222052007075955,0.00214976755752307,0.00460253357039121,0.00208459458405747,0.00391165487000361,0.00380882091667734,0.0032644624128084,0.0021323165564595,0.00181774925354961,0.00134104150359102,0.00025931830612801,0.000443114330353865,0.000375331030344327,0.000370335488560073,8.45487153932853e-05,0.000360933165574896,0.000153536872851801,0.000220759574139825,5.90491261424837e-05,0.000243850174129022,0.000222374671451524,0.000875332300876818,0.000407648592450733,0.000588195207929215,0.000330039439294895,0.000234104208349973,0.000271622453097201,0.000727664590219819,0.000724746152699043,0.000760654565653724,0.000715725530788579,0.000942740397913289,0.000482297768553725,0.000366261382384857,0.00027020493260806,0.000224669543282393,0.000252825180246565,8.01556398261279e-05,0.000184456096600557,7.86097524499127e-05,6.42489272739315e-05,3.30085893376678e-05,6.01577048867276e-05,8.89603314674866e-05,9.12032044018375e-05,0.000143573956440613,5.63016344022267e-05,7.8304547464637e-05,6.39378830842795e-05,0.000140872803429154,9.54445173418184e-05,0.000133161798564668,0.000173407761709627,9.31885710427303e-05,0.000131897872290967,0.000273282410655429,0.000179722156167406,0.000123013541695272,8.23904450513715e-05,0.000316258822522429,0.000623883010854651,0.000455684298181913,0.000453340964387989,0.000408832921656704,0.000249049521579336,0.00034447861150695,0.00023318161924705,0.000350624737928947,0.000406782564519135,0.000401692774781328,0.000365827143618954,0.000338949952211575,0.000456331083145275,0.000246968918142129,0.00045274916418969,0.000429172827828777,6.40406147804479e-05,8.44675679514978e-05,0.000227660117167439,0.000215166809337914,0.000406193389718347,0.000388115717017894,0.000735602929762875,0.00191142914856063,0.00162286607148403,0.000855593835396228,0.00113521609868639,0.000510143588216026,0.000282529518585575,0.000257480040921824
0.000128838719823849,0.000162782633214605,0.000205034395381228,0.000195584594625472,0.00015483601994479,0.000178835545493978,7.5076225547971e-05,0.000108925582573978,0.000125543688421623,4.92920071684735e-05,4.88447366560142e-05,0.000118194967930382,0.000151072228927051,0.000101848359835254,0.000524137498911357,0.00166866821411904,0.00200992476369587,0.00117138628893384,0.00218070846133025,0.00240675040769849,0.000483597909251474,0.000745102109813325,0.000510712007707605,0.000665064926271824,0.000761162773255961,0.000953298470466881,0.00106154543717828,0.00278444022429719,0.00279571304050435,0.00116020112747107,0.00104112842146254,0.000846723360450135,0.000294847433067475,0.000741054242623688,0.00105676733606906,0.000339995365548997,0.00135518792294951,0.000295637814851402,0.000545097520523197,0.000202713067523575,0.000230807456573494,0.000150260916077835,7.45793741614829e-05,4.96453197097845e-05,0.00010142045695116,4.96667064557614e-05,0.00013451606346404,9.83667381779592e-05,0.000141596027746898,0.000260029249922942,0.000144803331649186,0.000410901900599124,0.000107852311801502,0.00019563286716892,0.000132447709558349,0.000225536110318145,0.000299048740227847,0.000492234717025577,0.00123310041647772,0.00036550504402374,0.0002039302336529,0.000494549807540429,0.000314664751081917,0.00298667759034039,0.0028501146223936,0.00339768149276371,0.00135525858462326,0.00250020841136285,0.00297983464905815,0.00195895656470915,0.00119959194673086,0.000543454983413299,0.0030333691794632,0.00351254601380526,0.00316405114243408,0.0023683698544815,0.00396481278392633,0.000730040304089698,0.00151659663872461,0.000474909264161568,0.000599082082503415,0.000431319687155175,0.000210435884743987,4.34869682140021e-05,7.18716116727966e-05,0.000108363994024136,0.000106863365007032,9.29912521790677e-05,0.000146790862248371,0.000165211890153872,0.000403568954331134,0.000902679946822668,0.000926796022331901,0.000463371038648941,0.000569902166357751,0.000929887872907928,0.000411853896120901,0.00167308868150925,0.000417793063799357,0.000502313062524932,0.000345153009741762,0.000147660628004769,0.000157690440897924,0.000433042860952683,0.000148277219592642,0.000101302847255562,0.000178455398370245,8.89068085430302e-05,8.31701108221777e-05,3.36986904783623e-05,3.10976024372057e-05,1.50939102249001e-05,0.00016724939504082,0.000109785236529181,0.000128820995870538,8.73181292684259e-05,3.34404789895415e-05,0.000176338974359427,7.80134258016246e-05,0.000205103731227582,9.47253371182332e-05,4.67600970046761e-05,4.83987665039599e-05,6.76008336549641e-05,0.00021056008475533,0.000180763631784799,0.000307667509625388,0.000768980448541005,0.000339753292628184,0.00444884858870179,0.000682186272457259,0.00188736637252002,0.00156781512495691,0.000992982357754513,0.000377745857263191,0.000484665216599198,0.000290071925265082,0.000675415097490892,0.000426896661678106,0.000151687013983985,0.000579800900304627,9.50151027934949e-05,0.000268649498007941,0.000164150925982264,0.00010384471900448,0.000163823111781902,7.97545571853154e-05,0.000117225130051797,0.00029362716504995,0.000196589100043274,0.000358500252329129,0.00170504619089874,0.00199579643688655,0.00163104631549374,0.00240169512106506,0.00109934917868678,0.000335115535780792,0.000357607939044998
0.000150717430613032,0.000100439653049308,5.89032072400918e-05,0.000133381272328563,0.00024397200639292,9.8283304208985e-05,8.62992226718512e-05,8.23559619347863e-05,7.3419796006636e-05,0.000116867242527363,3.24604674717841e-05,5.64198339572739e-05,0.00038139900547426,0.000241080548623827,0.00148446120983498,0.00211448873992425,0.00447712784726444,0.0022797745476396,0.00432252247828643,0.00367703003602599,0.00270458820908854,0.00227610150671055,0.00224724690530892,0.000601701404742495,0.0023171849351672,0.00312570203277321,0.00504589806830478,0.00162904334340662,0.00192979930449834,0.0019937739190695,0.00258584873075367,0.0011825319163025,0.00128208341499553,0.00223991246052104,0.00161360237699029,0.00034955134367232,0.00185324269899156,0.000439064746929637,0.000366165820527282,0.000557815028642676,0.000351162150751107,0.000175490674160518,0.000148494853816648,0.000117454581701781,0.000287044174471779,7.90295589184162e-05,0.000163202980780005,9.21803667859257e-05,0.000121111855228362,0.000158596502333165,9.64980137950598e-05,0.000363853166848913,0.000165445104783448,0.000143197676417685,0.000207676300677295,0.000198480494016222,0.000310496397205655,0.000476015985162122,0.000467576912472917,0.000258102982503307,0.000673063911723644,0.000621856971100309,0.000604247109088394,0.00221444563589123,0.00295652347743908,0.00113188863100174,0.00175500251229943,0.000237404377548933,0.00143601620000133,0.00449567011380135,0.00232588879195227,0.00110172242857673,0.00515831195231916,0.00602240158544874,0.00423761280706494,0.00257736067102754,0.00199235111747854,0.00134588899123783,0.000617024049274278,0.00151016536330644,0.000510247305448957,0.000816903274479958,0.000794610012205895,0.000526609274296283,0.000427200046785863,0.000188095826894904,6.28949661542153e-05,0.000196284980763314,6.35153589488386e-05,0.00022924135255534,0.000188600753817538,0.00024897952085668,0.000355436124990477,0.000690991283742617,0.000504881941149632,0.000301601312565639,0.000359625762768132,0.000387678367726949,0.000218496659218852,0.000250296965857848,0.000792471925541812,0.000163311346160361,0.000473631669908069,0.000389727426493055,7.24907273049438e-05,9.71077842104431e-05,0.00013699839537588,4.024696190604e-05,5.99079569279774e-05,0.000224753494147391,0.000110598161425121,5.88969305657491e-05,4.74460626835995e-05,0.000147880864171327,6.73720833675428e-05,8.26646009927113e-05,0.000203132722756953,6.81686654008549e-05,0.000132375448805491,0.000129506527072935,6.83409823864506e-05,1.52941324362042e-05,0.000131455315898396,0.000224667704527571,0.000316068461749777,0.000189001772180314,0.000429654657225855,0.00347984629980367,0.00366516933241541,0.0021486545145176,0.00277640628357193,0.00674522598300111,0.00243448994251837,0.00202661343452392,0.00357383991432924,0.00272101278676735,0.00512727308437985,0.00113958312701859,0.000542774167507475,0.00104943464807463,0.00139941244053639,0.00103812365373972,0.000801221007372457,0.000587249719824381,0.000149156418035718,0.000499154485956721,0.000313624882029156,0.000274717991010783,0.000342860006660956,0.000203225530003683,0.000316348574946235,0.000775203964502741,0.000533965260244402,0.000571149221422076,0.000544816111283163,0.000184635882602993,0.000648047782240306,0.000205038300188171
0.00013437353013758,0.000280585503841742,0.000150780701204662,0.000193956372404456,0.000150251475017486,6.82825523148395e-05,9.18127820438241e-05,6.73853734012653e-05,5.42095169526551e-05,0.000100581935231464,0.000120032340048233,7.3475779437409e-05,0.000264551609457046,0.000481164531045363,0.000979425309719859,0.000610203392574784,0.000668001273656817,0.000834358562265393,0.00145370562548956,0.000340762957887616,0.000422551296449165,0.00076772059613667,0.000600723886231318,0.000196854035071786,0.00049352966810376,0.00135642036144369,0.00179576342391413,0.00143755173454662,0.0019766237893231,0.0021409441530824,0.00185429128793035,0.000130631513539243,0.000395318069660063,0.00040472145603887,0.000203800022410242,0.000451274592201985,0.000490004359573246,0.00031970100656588,0.000266360674077141,0.000202112448693353,2.19747147904376e-05,0.000171324118850165,7.7723637119216e-05,8.50746189348612e-05,6.00003698111895e-05,9.58322111601914e-05,0.000158569817056562,0.000104442425043616,9.43235144125985e-05,0.000130410179743893,0.00012919695461412,0.00023365426888882,0.000147918072725135,5.16632436936279e-05,0.000181888537043475,0.000290943414893674,0.000260568033942443,0.00040077193131374,0.00075355365625118,0.000578045469646425,0.00040937415429943,0.000800774098108427,0.000345737058150335,0.000177083891008544,0.00229093451045492,0.00226229534907089,0.00146131473974244,0.000434809220152245,0.00131041391497568,0.00162380627561754,0.000579078931678472,0.000339073106821083,0.0012281950135224,0.000737087549392221,0.000810810288736166,0.000526493281067038,0.000750371715285087,0.000367846577423956,0.000121346218322938,0.000627260066912814,9.40456316753713e-05,0.000138391428566406,0.000125008191462499,0.00020530742162438,0.000225356448697465,7.43645244868743e-05,5.35106543645122e-05,0.000192974081350485,0.000110076534531738,0.000288674572757333,0.000362223623352604,0.000175973015239568,0.000106566046250862,0.000207308484968604,0.00010634762188625,0.000230925351760241,0.000126962159975421,0.000255204276553129,0.000230284622951309,8.31137874867998e-05,3.61740407675171e-05,0.000206040294252748,0.000121511059277603,4.79687253848302e-05,0.00010210259350447,6.94955187682339e-05,5.66526406300904e-05,3.07877548430812e-05,4.4633551393408e-05,0.000149921891607782,3.72300300911291e-05,0.000130340525170104,7.99514390330493e-05,0.000141329728392161,0.000122110192002253,0.000110360565216128,5.63945386034114e-05,0.000151428978918122,0.000169768182202854,0.000107684547511533,2.07077148964728e-05,7.01267596323748e-05,0.000151568231067715,7.2352059629624e-05,0.000157459146814189,0.000238494881905842,0.000444005795683861,0.00443091417609863,0.00695272309360784,0.0032780416461562,0.00395647304318752,0.00225520532748703,0.00208633078996272,0.00348824626776931,0.00272182863344833,0.00229864996128437,0.00109390488518797,0.000646428449730731,0.000768811048578023,0.000165564615954742,0.000526337083092433,0.000368846456955157,0.000384821496759438,0.000222140912753397,0.000156322627371117,0.0001531401196479,3.49584590662442e-05,0.000237810620998367,0.000234752325703014,0.000475923654187212,0.000219042955933293,0.00034428765494322,0.00024417234230998,0.000255667761152246,0.000289757664158824,0.000139005886482855,0.000251483028867462,0.000165012048094608
0.000113729233159984,0.000166180731762325,0.000126617007962105,0.000208359804850989,0.000112693428976133,0.000127286429864037,0.000117055873396635,5.92152923809432e-05,3.12789235978083e-05,7.59496954070184e-05,0.000155763711190541,4.87825951601427e-05,5.84490668825998e-05,0.000203398564951978,8.96152723292219e-05,0.000301258305034727,0.000171517706241857,0.000168507892678295,0.000243965839996422,4.88673381530237e-05,0.000162209624955005,8.6131527837623e-05,0.000214299200993052,0.000122987067243955,0.000146168244755746,0.000230235263873469,0.000124885042020244,0.000403769736253713,0.00111673875524691,0.00070242293089303,0.000481421682236471,0.000702658790675896,0.00024295710026647,0.000227681847021642,0.000321358528214989,0.000197801904324644,0.000124300327993813,0.000189920912961858,0.000177023671814185,0.000132779950756785,9.77729071780145e-05,0.000141304531703017,6.8750403305917e-05,0.000183673329364335,8.33329185152613e-05,4.63622412934652e-05,0.000210286887411533,5.07047152356499e-05,3.14226864551044e-05,9.83774684928298e-05,0.000288976030910893,6.61374287755331e-05,0.000146922528820087,7.48789405673441e-05,0.000125257109548825,0.000142087582593298,0.000281925533569253,0.000221036281331106,0.000567938326506289,0.000374865685904333,0.000236816765546469,0.00043199360275878,0.000240637068396977,0.000425229040716922,0.00150242269081947,0.00111617160241502,0.000796010588781776,0.00115557812699057,0.000520632212290047,0.000562645564778285,0.000173810291825303,8.53247885078973e-05,0.000131719404650456,0.000271534995558997,0.00016789782223362,0.000240237951963365,0.000133848921915275,0.000173219979658873,0.000125925720150064,0.000131429858502684,0.0001031764103341,8.11636699004006e-05,2.9820911844001e-05,0.000164896421116678,8.24422726981756e-05,0.000102438879864646,6.00406649003879e-05,0.00024906577280806,3.86191860481194e-05,9.23492467094873e-05,0.000102648006000383,7.50306540270558e-05,6.93567010916815e-05,0.000120201221002137,4.97278133287529e-05,0.000109025490567558,6.73151112021877e-05,8.51391290010525e-05,0.000188564886145792,0.000122892268568277,0.000217317782337489,0.000162967927402182,0.000112377504980766,8.75945495035455e-05,3.72700757961582e-05,7.34711083016602e-05,4.67140471785387e-05,0.000136488403164539,0.000133479624898293,0.000151012137874787,2.48908770015057e-05,0.000128863698350936,0.000138422799886063,5.65264503115165e-05,0.000149583411673458,9.28250328920563e-05,5.26726266640653e-05,0.000110763807374518,3.60183710591261e-05,0.000116520208627469,0.00012068560538436,8.13828578666073e-05,0.000126816172276046,0.000260435954238473,0.000279773701051331,0.000127861757368986,0.000328248753241817,0.00465138451857458,0.0054159541973623,0.0119017163605535,0.0078656612122721,0.00941786054571185,0.00508053518648162,0.00531505050375109,0.00443012400239549,0.00213804451117512,0.00221235101314075,0.00186003079168066,0.00191895086404448,0.000507985877327703,0.000553416403203133,0.000520211959063701,0.000237905502322774,0.000178517406564938,3.64416594351869e-05,8.01514636471837e-05,0.000227468630366832,0.000143292522831832,7.62969422510004e-05,0.000193084178996937,0.000134281411347803,0.000257935785505332,0.000191600583589057,0.000147643373668403,0.000188433504165105,0.000161842529668904,7.92610730857262e-05,8.17116807498854e-05
3.25541534079364e-05,9.38171863465384e-05,2.12747627666198e-05,9.86993393186366e-05,2.0331217464869e-05,4.8599523658721e-05,7.17548389596076e-05,5.48523880480204e-05,3.13368096853086e-05,3.39969872903443e-05,3.50704958620955e-05,3.81333983997679e-05,1.52824372854475e-05,3.01014672959874e-05,2.8696062263204e-05,3.92959688779073e-05,3.58253218423992e-05,4.88433662592259e-05,1.49558702502023e-05,7.44310064535677e-05,2.99962272788671e-05,6.30871637572762e-05,5.30168330150909e-05,6.44575593096126e-05,1.19742857312354e-05,8.37780384456612e-05,6.61735458747862e-05,8.95420286735113e-05,8.22036337596963e-05,6.95928502207696e-05,2.25970392966325e-05,3.55677859639304e-05,8.34336375040647e-05,3.28290066745445e-05,3.52106347437019e-05,5.96504863441778e-05,4.23598757607594e-05,2.35944648786372e-05,5.19152820159271e-05,2.52520266843024e-05,3.52431173343341e-05,6.52794227868132e-05,2.24984557761151e-05,6.49688523767873e-05,4.14271792690708e-05,2.58629664292617e-05,7.42727678341769e-05,4.22661131936618e-05,1.72586631783001e-05,2.01804001830604e-05,2.30275053406971e-05,3.15087128833057e-05,3.67850501588543e-05,4.27947705568734e-05,5.92212253156254e-05,0.000109201164815159,0.000138055105605194,0.000313153874957594,0.000663757894555544,0.000230923965041739,0.00072334800559756,0.000539560435966388,0.000484838831999599,0.000812445556667492,0.000222895467081382,0.000824104814011327,0.000572666813805506,0.000174241873661183,0.000215104229297205,0.000221279478157052,7.39932518870715e-05,7.04072579118263e-05,3.08043025915501e-05,5.05252888072956e-05,3.18317910418472e-05,7.40789697678211e-05,1.52592059543618e-05,2.84279633985289e-05,7.03296368855995e-05,9.18296240711397e-05,2.63638936889128e-05,5.545201081441e-05,4.85599112648375e-05,5.00293562464605e-05,8.4319167814171e-05,2.55364884386445e-05,2.48219888832912e-05,7.65641128805262e-05,1.84830156458851e-05,8.20038174575991e-05,6.89100754667114e-05,5.39958062161478e-05,4.87573238311136e-05,2.85152496232563e-05,7.2165552731028e-06,5.43190680103189e-05,2.82701641027955e-05,5.16010336380841e-05,3.94197874252667e-05,9.19357355752636e-05,3.13728136671301e-05,1.30380313496902e-05,2.07392504410397e-05,6.26516844717092e-05,4.11913611885777e-05,4.18507016032917e-05,2.75721632710792e-05,4.46687363814739e-05,7.22853906821783e-05,6.84633808406044e-05,2.13406527016874e-05,1.81899862038764e-05,2.06335045941145e-05,8.99475116383736e-05,4.52501596769755e-05,2.96556676579438e-05,3.41519856251935e-05,4.04826648886569e-05,4.70557125099629e-05,4.64897708421965e-05,6.2046618674923e-05,6.31329852327699e-05,3.34901047739078e-05,7.95917857337076e-05,1.75351552752134e-05,5.45842495087853e-05,0.00109353899302671,0.00174637284808492,0.00451877748474102,0.00180293451763921,0.00324448615202154,0.000935780845767317,0.00125358506823613,0.000865265138006981,0.00069149864033556,0.000872657831277177,0.000662577853023752,0.000302329071169979,0.000428444736449749,0.000118071840105991,0.000312051568339411,0.000131308208597915,3.56697746409477e-05,0.00014497051580699,6.57211268388574e-05,0.000107465410248946,3.14979434538113e-05,3.19686783912806e-05,7.49069241588073e-05,6.24896592109195e-05,5.61123457131871e-05,8.00479696736209e-05,0.000127703606744889,9.17241105624177e-05,8.79065983996016e-05,0.000103925867168988,0.000172414879466888,2.96232542533992e-05
0.00107689850102627,0.000556454263105465,0.000867088855268604,0.000798038752963383,0.000320365560811543,0.000452691536126309,0.000622236567757472,0.000769879145339588,0.000692175097234727,0.000447683224643508,0.000120119239901786,0.000372632260295362,0.000858496078122303,0.000910952942000946,0.00201915320423479,0.00226934380565449,0.00269245876513646,0.00329376794727582,0.00516284131551775,0.00579973868035693,0.00216812637958099,0.00298368224024874,0.00435215825017279,0.00267764211625777,0.00135337816483543,0.00217234173541921,0.00390568142558748,0.00644451725581972,0.00655211087293986,0.00282757666201372,0.00289524658116058,0.0023929159460881,0.00133201321028127,0.00224747612054997,0.00659310721131091,0.00477743980542112,0.00602595335892133,0.00982988757398077,0.00771417581020142,0.0117135882612195,0.0125737876967444,0.0069886354439107,0.00623526667162999,0.00565069971083608,0.00814510086658291,0.0101259838425091,0.0155365402870295,0.0173136170346195,0.0171068880368018,0.019794959897137,0.0195701024153982,0.0101413333380626,0.00357513355994547,0.00579878680449522,0.00493442355172715,0.0115250488109154,0.00335224866603005,0.00310970135026517,0.00170632139438197,0.00123993016813545,0.000811380730093015,0.00111454032657047,0.00106081227165146,0.00185880678205457,0.00041191537099703,0.00487925464445007,0.0160655706485239,0.0229513664131852,0.0370133657310832,0.0180525360512375,0.00546193589737978,0.00957244604730484,0.00551364440982429,0.00787909567015286,0.00830348365155513,0.00233335889736376,0.00291108608472119,0.00328698492326777,0.00579981758807629,0.00447866248157192,0.00602857993772473,0.00575059096856898,0.00414887863924446,0.00333481735521025,0.00222641349732127,0.00265788936012507,0.00205741117011548,0.0015679136370346,0.00286666994169825,0.00757920302977007,0.0139073677975119,0.0207064217406531,0.0210299185233085,0.0177998626854452,0.00695449002305935,0.00437694398373516,0.00687789202679136,0.00711890859375092,0.00483953558670741,0.00750288544494447,0.00825058511231459,0.00791130120165832,0.00714388421152267,0.00402769033698149,0.00585771027970872,0.00435421406943353,0.00174331849893054,0.00293878954994679,0.00252886469799264,0.00311317765694469,0.00458819782453446,0.00843097775280223,0.0172825611999082,0.0106414361315728,0.00483576591578486,0.0015895466968153,0.0038846865081944,0.00255004162512477,0.00475139909180389,0.00786396276904737,0.00397962836226646,0.00236145642370224,0.00440017759751477,0.0074562755899728,0.00330916640251474,0.00503083974805267,0.00339421695567507,0.00367115958728381,0.0023007720707775,0.00222353266693727,0.00171908026769193,0.000878471869412231,0.00561706816848318,0.00533244061140105,0.00482351107961153,0.00726895907496415,0.00981993326496758,0.00910984397189734,0.00338257846253763,0.00353232232598525,0.00184933406961029,0.00300934360018639,0.00300649903451337,0.00632644356562518,0.00815859120438372,0.0239486515325522,0.015176451133553,0.00424281524889177,0.0153830960557576,0.041434913498668,0.0396250224820358,0.0468212428900773,0.0522120468520654,0.0567280165497958,0.0379559095022312,0.0314855798085923,0.0177732088910431,0.0303302643814257
0.000665121498214464,0.000601635292661262,0.000415219470413514,0.000229473065170744,0.000288781894625076,0.000343940909002304,0.000172553732090441,0.000320573000117219,0.000388503633045985,0.000325448368823398,0.000239403428448731,0.000538083943509092,0.000687956982456755,0.00164496427951313,0.00281133544931513,0.00345182284924237,0.0101516318124977,0.00963996914858963,0.0147280549425137,0.0141102884122227,0.014388612997102,0.0163426442179378,0.0181854253344794,0.0207271070309871,0.0190218601941067,0.0117101542541033,0.0104977931340189,0.0132893233998937,0.0159852572904954,0.0132320263051469,0.00678843024857946,0.00533348831219914,0.00715850672767988,0.0102303271133617,0.0104133783275479,0.0113494810034652,0.020018235891734,0.00777792343562225,0.0105753269603279,0.00713450789076565,0.012664729471922,0.0100443460732684,0.00572808398015925,0.00580543814840226,0.00647679628450319,0.0153845595485977,0.0201883077103919,0.0136791139946867,0.019594426893255,0.0116983477700677,0.0274425853446501,0.0198088648311268,0.0115012853285272,0.00292787623078466,0.00399239100338517,0.0113737889017114,0.0162534963958565,0.0151990915003266,0.00908023343680877,0.00645312441736054,0.0032840614226743,0.00117560178536245,0.00112606235055588,0.00171008820029968,0.00303788709979593,0.00580175043837236,0.0137898500299002,0.040174158129934,0.0143533008892425,0.00926243935698814,0.0148535070246952,0.0242218374327637,0.0137313176128834,0.0127345474719952,0.0202036603123077,0.0141459422856263,0.00900569341811294,0.00632088671681292,0.00774046779017899,0.0128451476777205,0.0105521444195587,0.00917242620972502,0.00679966347585509,0.00538514271707651,0.00365042411146638,0.00565961439893826,0.00531847703807017,0.00736901452769569,0.0121017892448724,0.0217278041443216,0.0256477830338248,0.00291335707940233,0.0307140832040531,0.0201614040639507,0.00501641484061784,0.0057116583258521,0.00635863367698736,0.00738724366316331,0.0107200447713726,0.00822044528066061,0.00727687717071534,0.0135078085531872,0.0050732006546211,0.005926082864348,0.00589452525963265,0.0093923044579729,0.00840676123971537,0.00841888517281517,0.0120711235364595,0.0183202802492128,0.0162778878919673,0.0235035061887936,0.0379317717466465,0.0421907699448658,0.0208380874489752,0.00672900121361387,0.0161111958570946,0.00850157162488503,0.0122496126018328,0.0232638133417956,0.0145367828104914,0.00632819699514429,0.0139275874667674,0.0137344198301029,0.00532871886800457,0.00357301618549214,0.0076584296650758,0.00250247001598169,0.00718135440609114,0.00241839809548264,0.000773512172133269,0.00319536540261179,0.00914823516750674,0.00624038832343461,0.00691664447753729,0.0191003866126408,0.0252608871569152,0.0246003225576695,0.0234566911203356,0.00894943365396962,0.011405295766554,0.00593155518458075,0.00302662255001554,0.0135961722236927,0.032063423455653,0.0719763116698505,0.0343053548826399,0.0189982334392954,0.0433651310301583,0.0134043976512276,0.0765030737399843,0.0698002483878477,0.0587565508280441,0.0303767059070891,0.0242535607039104,0.0136890956257745,0.0174299667124298,0.0175890741582729
0.00247897639019627,0.00186291641864286,0.000882795187320917,0.000903832676925236,0.00299895054410964,0.00208052960752984,0.0017925240579761,0.00172269466345055,0.00304243430409955,0.00271752816039095,0.00364976637758963,0.00951285191454939,0.00388242044553225,0.0355840761420687,0.0345488160793107,0.0654199937126131,0.0765326972329818,0.06428963855823,0.102881562662329,0.149703374972117,0.172742995115642,0.163842446796703,0.150996079789044,0.19672095399412,0.262623300774737,0.295136223463709,0.274951710966723,0.264296840797437,0.238942159422536,0.170949505127123,0.13576429268463,0.182633593613105,0.260338655966235,0.315320756345031,0.291591344001554,0.25672929162341,0.257897304604378,0.209546151032277,0.179782591244278,0.165703801022952,0.137875099494783,0.159839833457062,0.173937836118852,0.181240978903688,0.205809172550118,0.204782926315075,0.148086733550566,0.0649653500218333,0.226253245284406,0.349371169727731,0.436701876308661,0.497118776111777,0.372437461870621,0.245797342816744,0.130693823261115,0.0185067505786643,0.0476452329006878,0.0468839268474729,0.0277265507417621,0.00904238357461829,0.0110440887199527,0.00904591075145393,0.00533552695116623,0.0111814920200878,0.0109699029473424,0.0239539548195367,0.239305448331308,0.187556926048321,0.17522604347016,0.244965031890282,0.240475452913064,0.235686293670257,0.15224828605294,0.14443329741401,0.0933362889108666,0.16989500201139,0.20357385291846,0.19900438665606,0.238369228531058,0.268507896348099,0.276400870015959,0.200715875246979,0.1366033135012,0.0732385767330288,0.0432895243691196,0.00867566007587178,0.0129403938098212,0.0285089002863734,0.0175513933100051,0.0710053169809328,0.130360520495757,0.1285972399739,0.114095754577308,0.18188443954892,0.213951745859438,0.188747010359035,0.145172860778642,0.152141009627207,0.163890324615268,0.166028722642556,0.170259787211908,0.174180143245279,0.173794488289914,0.159585463968068,0.129626843134173,0.135392021993357,0.12436328533178,0.124915657790236,0.0974589953996039,0.011728636150776,0.0375363989581884,0.101625324195761,0.0793054102628895,0.134540988166525,0.141424077069628,0.16008936828045,0.159186973496608,0.0994414109859159,0.0715918607184978,0.114647290643775,0.0695863920603565,0.0397714236883296,0.0375849799155224,0.0404967207963326,0.0377694573537401,0.0232579122718675,0.0150386337571331,0.00789076200316678,0.00906528730556757,0.00986024107847152,0.012719062633729,0.00589208415118945,0.0237043952087851,0.0116908933504984,0.0506133919764212,0.0614112789422169,0.0542115285195981,0.0401920396218096,0.0176343449263992,0.0161469689325396,0.0204197552926242,0.0361267941372878,0.0465510151929745,0.014354865896808,0.0155673998942709,0.0267412769110857,0.0621077876280839,0.0153003406355112,0.0767018883297096,0.0140494360726797,0.118520953756263,0.132391536858608,0.0363142609659813,0.0402928087974977,0.110778019744066,0.0119892083169229,0.0320318149195514,0.0192923204464973
0.0032871334397066,0.00214272775256648,0.00413168302228258,0.00229810402528249,0.00365391700287051,0.00456437061829039,0.00112193435138252,0.00241733302209002,0.00234115060333883,0.00334544115254976,0.00524483320982905,0.0104310546020758,0.00415105273983293,0.0342322794139787,0.0114721854343059,0.0596824364753021,0.0545582456681809,0.0441998916160797,0.115597001863958,0.096496123762218,0.200550826986146,0.222722650250742,0.186351441041431,0.202522017604797,0.17799988284119,0.108443155013554,0.185321900108806,0.233035377174686,0.210372117565714,0.129082642798943,0.0576303297491889,0.0466748615383089,0.105425713821918,0.206493404284265,0.262737689969471,0.25968690865116,0.173031756987273,0.138867191685414,0.25568044018551,0.253286263967859,0.18109539657657,0.122380332827077,0.0883995809905305,0.0476722414710905,0.151164473380926,0.257833762053878,0.340293135071674,0.402502891073346,0.490667925866651,0.623269095860298,0.649020952637978,0.662683207870278,0.445535047239765,0.0511873387948268,0.210321192629905,0.0979009220845548,0.0951823185504746,0.0991539536055264,0.0728918058902953,0.0451672214933693,0.0212690259026226,0.00980349496260667,0.00521928233162914,0.00631337469171433,0.0246662473954531,0.0138593500826672,0.345444057573443,0.488845780701349,0.157517618005948,0.060935508517613,0.0933086410196048,0.107021594848898,0.068277455761981,0.121484712135084,0.0356446179267026,0.103744212160257,0.0822991159164306,0.0549910692359269,0.0925134566827286,0.157688714247634,0.191624082501536,0.103361680135343,0.0568514215271231,0.0338972442776855,0.0395252857590564,0.00476435173829971,0.0316876134135286,0.019452158700348,0.0379050782456456,0.0492287787494922,0.266631506474119,0.297643610435003,0.198480824118444,0.136342560097195,0.089187050353277,0.0680567261976806,0.026852561928104,0.0825861295165095,0.11243171799831,0.123444403103873,0.0888377010347641,0.0671152324513663,0.117262468749072,0.125186483485535,0.0786103835277108,0.0622116683903828,0.0654246990715537,0.0862796176567757,0.084688079291283,0.0342738094282607,0.13929009492925,0.195770886570021,0.143994609704587,0.135299811724604,0.111082082421526,0.134681918450912,0.0796026418559902,0.0570142079628104,0.0629010825500778,0.0936483815087584,0.0393436150804909,0.00743736564857056,0.0306036341908013,0.0265205786314158,0.0278598583796409,0.0128296784583458,0.00452111144733007,0.00990890098027789,0.0101268822675836,0.0101919368350476,0.0236014275995265,0.0124736503503931,0.0551758154395261,0.0677361541605063,0.101619534100758,0.0678462148515357,0.0547274086235399,0.0432585455506833,0.0351037616806081,0.0392080476890695,0.0468456904241115,0.0489509166868641,0.0648475198638969,0.0588439215527777,0.030227435988893,0.0354320018364656,0.0930771322322646,0.0246144311639332,0.0687919596887322,0.031589020616139,0.0759734689066626,0.042043741617844,0.0579474131800928,0.105195362665291,0.195725917744852,0.0445416868037531,0.0229737642983694,0.00779596752332012
7.35656436856371e-05,7.63478558032097e-05,6.7734721465298e-05,0.000119885597118095,0.00020111389767368,7.31801156524964e-05,0.000148652750715259,1.57786765210529e-05,2.13416460038469e-05,3.3181247823408e-05,0.000352375281650652,0.000560256998317923,0.000494112552163449,0.000473611964273403,0.00071166154490892,0.00221879809943984,0.0036075782028984,0.00332125861265045,0.00154757639030912,0.00513802295565783,0.00230595965862244,0.00554020460997699,0.0371259746711574,0.0137091848707534,0.0220967794960059,0.00778043300338455,0.00535256737390119,0.00274768072758068,0.00482128715336625,0.00534458497884442,0.00609974449989987,0.00313873838240896,0.00469260259847655,0.00303442869305847,0.00339784358322969,0.00241555023951738,0.0268052128306017,0.0369540105754794,0.00966071960223193,0.00839678132193685,0.027485208914818,0.0182394567195761,0.00764014225712509,0.0181328577064522,0.0129654580365948,0.00876669213996271,0.0117787519082538,0.00879373187053068,0.00991944835599801,0.00788987064960469,0.0157547435212728,0.0172179002561784,0.0148059972996237,0.014649829774327,0.00814865161227285,0.00893806585511365,0.00512736523347351,0.00205503590567768,0.00137833824606265,0.00238328121734525,0.000549718405814131,0.000157507444575121,0.00061388343437169,0.000648158332967652,0.000547246859261031,0.00180840841537252,0.00608579268048514,0.0212244276083007,0.0310618439046697,0.00368341944416885,0.00512640394615078,0.00289847220173092,0.0274471879872513,0.00128462843053274,0.00893957096874085,0.00484788346391597,0.0034503451770657,0.00346801825629653,0.00217799521777047,0.00169643105991122,0.00280525212577613,0.00381076305266406,0.000487086399529182,0.00068870303695444,0.000819304173519336,0.000521685970872992,0.000792360982833639,0.000285950591378312,0.000444035986161976,0.0102070165157747,0.00353987712833229,0.00740602928681429,0.0066129649979319,0.00190230152558387,0.00537930192140203,0.00341295739144717,0.00604426929154729,0.0170883767896608,0.00719243073491738,0.00769191237537076,0.00325921191101137,0.00233713566878128,0.00505833151613086,0.0297458149510465,0.00217028348198287,0.000744819479381109,0.0110598319738339,0.00469733469220232,0.00171583098221414,0.00353306069285732,0.0216974930347485,0.00357185239290247,0.00320459463162091,0.00090064450168736,0.00283353439022409,0.00224199191558911,0.00446220709513105,0.0122454456356332,0.00298076894017034,0.00136732478909687,0.000687752405883295,0.000472034340592118,0.000542132967018318,0.000289884987240256,0.000652767711927817,0.000518516527664771,0.000268599126386694,0.000421574754020612,0.000220623932632882,8.37764288272034e-05,0.000570682627793418,0.00179239703142016,0.00212781658560711,0.00396072815968333,0.00543601395952148,0.0100859737461219,0.0338461330595756,0.0299462328371863,0.0105607748299034,0.00234041120350164,0.00173577608029293,0.0158731803007832,0.00286421251647,0.00141546623374273,0.000997027891992273,0.000858741186792295,0.000987816648540811,0.00164498386077832,0.00427760986701564,0.00128427224502131,0.00967293968250365,0.0098580962969798,0.00839159719938229,0.0089312775497334,0.00549858322066815,0.00108691248554885,0.00207384542417561,0.00242837785407064
3.23577511103449e-06,6.60269527831206e-06,8.48119086254899e-06,3.02014104758925e-05,1.25357941369628e-05,3.02333004689526e-06,1.08386546560454e-05,1.36089328909752e-05,3.17575664882834e-05,4.66971772541421e-06,4.23569134415005e-06,5.081922630372e-05,4.51260233761921e-05,0.000377342819931058,0.000425795787268157,0.000559114481820388,0.000779360887114826,0.000772587396152002,0.00037795041259319,0.00233042936154663,0.00195927534022532,0.000888777357256598,0.000385302159980651,0.000465305298969256,0.000997060073824607,0.00217003984341665,0.00462109423897846,0.00103185635718898,0.0020862809025788,0.00117643653452472,0.00179301808128453,0.00297863492481699,0.00156610465432174,0.00603217269513119,0.00266920679028606,0.00711550480517704,0.000941656996050391,0.00114722402982617,0.00114559938744838,0.00175879056662224,0.00131414631941977,0.00101557491303759,0.00121734647400813,0.000484493165479071,0.000554479776068715,0.00166599833954919,0.0010696058558084,0.000334099528784132,0.000642930153480512,0.0016027375830602,0.00228836489199986,0.000299041411965757,0.000472384833304731,0.000176235280715853,9.17152231789552e-05,7.37453924700808e-05,0.000144863950883385,0.00092900902041763,0.000169707293912232,9.20444089662762e-05,0.000249958487313051,2.12285184675771e-05,7.98313387977866e-06,0.000196077659667859,3.17674638939858e-05,0.000634570608471953,0.00551363103390577,0.0035070155190469,0.0147255288813469,0.00195718864526937,0.00215856031235639,0.00195341481321487,0.002345284058449,0.0015845715885777,0.00117108980547559,0.00185336517639857,0.00224630918808812,0.00264895266984921,0.000760819258892074,0.00118370210889992,0.000532060317957236,0.000529716661966066,0.000245332239229922,0.0011513977699469,0.000317912486222605,0.000153774003237443,0.000125778014415959,0.000197743646532014,0.000116456928460634,0.000150233648552437,0.00151170987300166,0.000345583361389323,0.0041031737278538,0.00147421289705312,0.00312350645446495,0.00172610188600248,0.00225922862867321,0.00195047425909237,0.00316733886499192,0.00411276525283126,0.00242899395482457,0.00101511462478049,0.00131778307785011,0.00158453416372374,0.000977243745188438,0.0010311906452401,0.000338009989563753,0.000832160818002813,0.000773010731896526,0.000508191742512413,0.000159818864793574,0.00060265129570819,0.000760564474212274,0.000374158537278872,0.000584224208951317,0.000708895136196345,0.000985448502450396,0.00025603000110541,0.000281532529928732,0.00013294901200242,9.97125222005148e-05,0.000613633265793085,5.93846704849302e-05,6.99866265635559e-05,0.000161554730369297,1.47433857690387e-05,1.23679455605306e-05,4.7121703404889e-06,4.30078650939258e-06,9.78718981851326e-06,5.14117012461818e-05,3.10327998446324e-05,0.000721608020458754,0.000581800021025173,0.00128806849752279,0.000284630983009955,0.00164457492431341,0.00135122700773999,0.000925414440946485,0.000941980553071527,0.00256364639610781,0.00124857435935063,0.000319189774614546,0.000162590795426971,0.00133702057900979,0.00017237586656148,0.000316322689193318,0.000532864783896427,7.30031672981382e-05,7.64755879349364e-05,0.000348281361720563,0.00042177820860845,0.000364862361039615,0.00173233458354732,0.000222188063022065,0.000281519747984379,8.87454197237986e-05,0.000747770177954539
6.00682348533313e-06,1.52575938083733e-05,1.41035368169782e-05,1.40180178171973e-05,1.50476211419937e-05,1.31232007140938e-05,7.16985189431974e-06,6.41507120398884e-06,4.30607177135801e-06,9.46532393537459e-06,5.96963790073101e-05,7.20501644257182e-06,3.26251562764339e-05,0.000541672224277692,9.15711186304991e-05,0.000341049342217032,0.00120002894281243,0.00117461068387072,0.000369990587465012,0.000592352184907751,0.000315720435786678,0.00137877546019358,0.00106287466565358,0.00074082874585034,0.000708480755250378,0.000709239155531913,0.0012279066443905,0.00199303002834836,0.00111506508168001,0.00202328653428427,0.00646480859146536,0.00615165767397796,0.0144917359025801,0.00738572812547244,0.00166467783416756,0.000544014181961046,0.00431384613557772,0.00196666967068175,0.00723047533528572,0.00375631291234168,0.00212293164830927,0.000874178720732996,0.00108928788441224,0.000832433557398298,0.000390052379244224,0.000377320918263936,0.000438124953126343,0.000232142455315255,0.000451541344694317,0.000281841724033593,0.00094755262070452,0.000422558201102315,0.000165321060998011,9.27867565716924e-05,0.000185930611955637,0.000244647723617532,6.28862140739841e-05,6.37770759715445e-05,5.10917180647528e-05,1.88737754311167e-05,3.17757863147742e-05,4.01998158534887e-05,7.16494178023563e-05,3.54964063402841e-05,2.33301869498092e-05,0.000133841682274206,0.000407690674625142,0.000906698055850711,0.000733736961933314,0.00405851935659052,0.00104653023426358,0.00107156346585526,0.00247098194911818,0.00149936194250302,0.00148603085121184,0.00114905042084998,0.00552011291195839,0.00601300480075787,0.00428076371898737,0.000373742938037711,0.000264875536075414,0.000260792442111687,0.000295025863291928,0.000178493266724163,0.00118373216266325,0.00108763556390146,0.000177773558472866,0.000122610111496844,4.36753505956314e-05,0.000318045348288446,0.000442266811709661,0.00026327813242547,0.000631765939730362,0.00454756450509492,0.00110211391406143,0.000839128017994428,0.00195614587905399,0.00187648685364797,0.00234737097428786,0.00135243269429185,0.00353938556720073,0.00162071529028617,0.00088219450583136,0.00395038124680734,0.00212183725772204,0.00335089613677069,0.00190648072738226,0.00546206162684392,0.000631959706253535,0.00644913308139587,0.00436938788978235,0.000527956748353865,0.000393263668909934,0.000278962930146988,0.000172341433185767,0.000384155617643815,0.00010987504402159,0.000620556237256278,0.00200444285764634,0.000206495030385974,6.22478568011188e-05,5.28495523307778e-05,9.71644356073656e-06,1.9137330019725e-05,1.27900926181878e-05,2.09233296488955e-05,1.62987907582489e-05,1.01549007102831e-05,6.58210703172348e-06,1.96353553484497e-05,1.45722254094747e-05,3.38637477922132e-05,5.10398875775226e-05,4.23907481761721e-05,8.18323161171374e-05,6.46744509396384e-05,4.16886947186471e-05,0.000164551765443548,0.000161153707082492,8.72227658717269e-05,0.000102153795945377,0.000284881855147962,9.57043165952756e-05,5.53639053354294e-05,4.1663007842364e-05,7.02594634910228e-05,5.5081029747316e-05,0.000105426334886017,2.58875983066603e-05,0.000107759879292198,0.000280706963467793,9.75390010371288e-05,0.000153643694217549,0.000347908673123171,0.000124973052729929,7.60643419429396e-05,0.000567405474225961,9.85509233936312e-05
8.6594399534324e-06,1.58963057862571e-05,8.15691798333905e-06,2.22915721822206e-05,1.39282149377033e-05,1.56323544736335e-05,1.001214787313e-05,3.30686153427712e-06,5.37651560814985e-06,2.32255334562722e-06,1.34692372844375e-05,2.14120302410629e-05,5.87119861588702e-05,0.000544016081194378,0.00101208616664056,0.00105835442096562,0.00125179232317449,0.0031944402521143,0.000537182324380783,0.00121879623306212,0.000287630953617059,0.00122080013640163,0.000264977806059422,0.000214721229347851,0.00103513557542271,0.000641813201290928,0.000288862923601856,0.00101192654099433,0.00116843121708528,0.00114491894508994,0.00916479287651031,0.00686758958672992,0.00576980908604908,0.00474332525066383,0.00082561980895202,0.000644769586766991,0.000892073789856131,0.00300511827940882,0.000384946974308927,0.000485840952568087,0.0004840405546703,0.00186222582509131,0.000278886911375138,0.000251226662711629,0.000855848624611362,0.00167316136042916,0.000297979938760352,0.000584581682961953,0.000490745205496143,0.000231270175421083,0.00148183210049683,0.000446747534482412,0.000103611624293742,0.000603653365294983,0.00040296239000022,8.40729206936771e-05,5.98310469657594e-05,0.00014209125615539,4.78045561914194e-05,2.52676676672284e-05,2.48646243528035e-05,1.84263846924867e-05,2.07018370226977e-05,1.4004351912054e-05,1.33274731310939e-05,0.000241085748389935,0.000356234996813969,0.00299592245063735,0.00348412369932128,0.000741072296166274,0.00559465250128333,0.00917298893852985,0.00104260470349599,0.00218347592030598,0.00429189403161564,0.00938119057546933,0.000692827448368323,0.00236053605348884,0.000279410731503243,0.0011895617263012,0.00135999919626868,0.000290873002603611,0.000248479056121083,0.000288599163797203,0.000282987784629274,0.000208833001360414,0.000143635148991663,0.000253096348101412,0.000150523077631481,0.000237585792786228,0.000382698901444865,0.000487934165122476,0.000731915744044118,0.000747871739025489,0.00626305441246245,0.00412361671473416,0.00471050956103002,0.00460476752684756,0.0171921974199902,0.0147321480967823,0.0120867128250605,0.00184535499400961,0.0015894209504185,0.00490090148216671,0.00216456910037052,0.000297354420593698,0.000820447033243742,0.000868390183804081,0.000720518884629326,0.000489927875985723,0.000466895701794189,0.00179060225985036,0.000448390713121037,0.000547788596596899,0.000243938713262717,0.000464809549865784,0.000130048872683967,0.000916886711146727,0.000304664447228868,0.000146293298347402,0.000207957879741451,0.000122628724049346,6.39705793760333e-05,0.000120684968904406,3.21136903377704e-05,1.05021824001581e-05,1.04306991178715e-05,1.10808190385915e-05,1.31275490860429e-05,3.60005049215574e-05,7.07241334634958e-06,9.92098432194405e-06,0.000103780077015142,0.000125240452489943,8.75828131943205e-05,3.70416968490251e-05,0.000168040056667605,6.16487568581669e-05,0.000173390064340463,6.73177642050563e-05,9.5909036788506e-05,0.000114088960509886,0.000173826423999263,3.16351571164421e-05,6.00926863454108e-05,4.9599322293706e-05,6.74473701306487e-05,3.84952332853342e-05,2.90319606160642e-05,0.000125493236194867,0.000109223812120072,0.000114971363041327,0.000308690753470384,0.000760734055053662,0.000183815585473906,0.000437409684862809,0.000264368477434404,0.000682218637275875
1.06422166550251e-05,1.81827526953583e-05,3.91520592832772e-05,1.5250324917721e-05,2.6071362140068e-05,7.62949465232783e-06,1.98723153806593e-05,1.01034643066161e-05,5.39021395796843e-06,7.50448923296253e-06,3.05773924765007e-05,1.34151553591947e-05,1.32363225835627e-05,3.79385383906179e-05,6.94848673356228e-05,7.32271715578723e-05,0.00015356882333209,0.000162820163225864,0.00013409355959709,0.000220792447982695,0.000116920965062154,0.000174113729341642,0.000192596992535677,0.000316862974833831,0.000734641284677452,0.000816634521588606,0.000333089003827567,0.00065911612676295,0.00187780306248659,0.000256426846566859,0.000282978645089988,0.000823976015706538,0.00391780062340735,0.000385407651417591,0.000635986832771377,0.000867785773000426,0.000667005947202009,0.00161646878298946,0.00155130534784645,0.00106585676553263,0.000898186356505515,0.000355317403025864,0.000984626897665936,0.001063737378693,0.000203891427394956,0.000305126827393735,0.00020992102116969,0.000887997833328913,0.000391695771137282,0.000128642400512287,0.000453618511747355,0.000542025588439215,0.00024624647259772,4.76707939127328e-05,0.000182565748286711,0.000149713206372755,0.000120125325793047,0.000106645738854542,8.87614141380321e-05,2.19552260187162e-05,9.07124001019136e-06,2.59747829185732e-05,2.15115132111145e-05,8.33922289021797e-05,1.44972888026084e-05,0.00022185220000039,0.00217796339509833,0.000931744129726032,0.00356991313728114,0.00115692095200998,0.0023356870907738,0.000863853936401762,0.000638413219614471,0.000686909869426208,0.00219682705580372,0.0015046470736926,0.00217004774388703,0.00278694065798257,0.00472584598916952,0.004034463342834,0.00506902114918244,0.00224440422334585,0.00167483751598821,0.000863446226247084,0.000721119253462042,0.000312754238247406,0.000389753970029465,0.000742906794536376,0.000193831488873767,0.000493679866206162,0.00100915807075708,0.000942925858861517,0.0041662020556703,0.000352946714749664,0.000956644817498636,0.00163450114890246,0.00175775987033451,0.0021171779198992,0.00307806860504741,0.00157023977357699,0.00104591170185682,0.0022214350675461,0.00285087668517662,0.00187138215225044,0.000315675779908722,0.000335890318126574,0.000948316476857298,0.000594053430836577,0.000267118261807618,0.00105258416048928,0.000619637586591001,0.000122316798563827,0.000320864937864377,0.000202582645831082,0.000108968507436521,0.000214698142583889,0.000156697395732006,7.85208775845171e-05,4.89233417825135e-05,7.93818186643574e-05,8.91505518336596e-05,0.000213054920123524,8.42707568420338e-05,8.13329578514322e-05,7.41109280060728e-05,4.91730332185721e-05,4.68180721148558e-05,2.36419050119612e-05,1.13071286128887e-05,1.60457912465125e-05,1.90553186062675e-05,2.32064277785968e-05,0.00017096062728156,0.000173667930344626,0.00028059691431653,0.000211452161863225,0.000153825743332033,0.000354397371342995,6.5477899217656e-05,0.000132214461691219,0.000285839363586853,0.000206186550870393,7.99911767942661e-05,0.000181445857394098,5.02966049434798e-05,7.43559029413127e-05,2.85907387673979e-05,9.10671837869818e-05,6.93185816695279e-05,9.83081101016539e-05,7.37414889643396e-05,0.000322118761504297,0.000283679216498401,0.000885293984435175,0.000174923773694556,0.00014704299054403,7.45864149925808e-05,9.17108282997452e-05
5.22567765436098e-06,1.54405592735235e-05,2.10182204747637e-05,3.13817211418462e-05,6.77014688989611e-06,5.33277369881111e-05,1.28284930727005e-05,3.86329669629838e-05,4.04673312116006e-05,8.82982116944148e-06,2.3933926398481e-05,1.09951470493099e-05,4.17886697464648e-05,0.000103096994921178,0.00045264108001366,0.000381397751474491,0.000250531703494268,0.000223082828463417,0.000351491522007143,7.89220982085032e-05,0.000194742709465034,0.000257550967933412,0.000156038130476173,0.000238952009762559,0.00068513974151462,0.000496637598886746,0.000364810145303484,0.000337290972412439,0.000754165239637487,0.000524363735663043,0.000918679863874116,0.000199151312042695,0.000232818746669298,0.000619829066790968,0.00132412742756541,0.000165899330328848,0.000199950177928856,0.000233987304557815,0.000269118064603165,6.08833005503142e-05,0.000122792791725969,0.000113775662125085,9.94232244212056e-05,0.000444722879735716,3.281568072113e-05,0.000137409812715306,0.00031141712396459,0.000234158890542697,0.000408928664913179,0.000422503988613709,0.00104972373181357,0.000631640652660229,0.000408803194548481,0.000315532971049059,0.000212510276630153,0.000298032324801483,0.000116193214615473,0.000533453208191585,0.000159340490719004,7.43375840464639e-05,2.6961099448934e-05,1.69211363552231e-05,3.2117283701066e-05,1.66960089519662e-05,3.45558162221568e-05,6.32949342967785e-05,0.000595273716083726,0.000674241263831538,0.000983727449620089,0.00119819942035465,0.00146914086392479,0.000363799356120884,0.000794714473917644,0.000984520326876306,0.000644859672136699,0.000344267671007794,0.000488948929383004,0.000591761732150282,0.00149694952885713,0.000578158341091205,0.000541271309904243,0.000355197230940594,0.00019455793660788,9.700996771733e-05,0.000269587799724012,0.000659847462149908,0.000250611409989416,7.30411303344059e-05,5.92052758545407e-05,0.000115819947293104,0.000595787574701016,0.000322222224882229,0.00145589729247353,0.00044894586092871,0.000444318453045659,0.000940441085319482,0.000918141665081799,0.00123519288891392,0.00130875908433961,0.00107657869193783,0.000510133408556415,0.000704417290550397,0.000205718681232975,0.000195618697296671,0.000169520377844924,0.000236084150231952,0.00014897680933207,0.000126062262982387,7.78485104801717e-05,0.000193608824421578,0.00019902085623109,8.78939264555658e-05,0.000167825224323962,4.51369824169958e-05,8.73493071956041e-05,9.72119258979187e-05,0.00013641132268023,3.89047112844636e-05,2.60967534277232e-05,0.000165446396223184,1.90720128634647e-05,5.82569106974433e-05,2.42478821272563e-05,7.31778264352575e-05,1.49445242204079e-05,5.75563296411815e-05,2.33785478863722e-05,1.21505904256155e-05,1.86439483653172e-05,1.12124129330007e-05,5.35461444502401e-05,4.67066481843152e-05,0.000143189401564504,0.00020022933558189,9.08999127139897e-05,8.85963808664607e-05,0.000123975021071426,0.000565685176744322,0.000149600698803579,0.000247841882236199,0.000240460431356146,0.00039894250795718,0.000528491399882319,0.000410831109408061,0.00011608723366681,5.71904557073872e-05,4.11790705750446e-05,3.99163374471083e-05,6.3068094047246e-05,7.6084267659784e-05,9.88508115678713e-05,0.000108706845226288,0.000389978876512911,0.000213854962820912,0.00018237831712105,0.000203591603825672,0.000157634538493505,0.000268110292114501
2.59200598266363e-05,5.62571037466154e-05,3.10915163637336e-05,7.0069414670096e-05,2.20803030358109e-05,5.05475982805563e-05,8.12246816125616e-05,1.07753958705595e-05,1.35898332891197e-05,2.86762807748012e-05,7.05333495268729e-06,3.75272543460647e-05,5.23333784846923e-05,0.000100030237495878,0.000301405197906401,0.000578223331670251,0.000524152051380931,0.000439420222246609,0.000283484022532077,0.000308603186972319,0.000314457580722559,0.000197750431794017,0.000161913574472541,0.000352371102827473,0.000416792444603789,0.00070415412552373,0.000503651097202551,0.000565455467007969,0.000407665531654886,0.000795375064791681,0.00039546285576586,0.000870803319382515,0.000547115534989519,0.00091415724172534,0.000407841306403602,0.00081018254759114,0.000701798043399648,0.000225579316636462,0.00057873530151084,0.000340441463284518,0.000378976099500317,0.000176697905272001,0.000193602639802183,0.000108875375949207,5.80731703918078e-05,0.000392814102155588,9.19345956837683e-05,0.000173947587297541,0.000261881327444866,0.000119365903912328,0.000516268677475786,0.00152331995532109,0.000388536481556123,0.000232690225837094,0.000124216847960933,0.000227095269938513,0.000178245746014196,7.67729902678882e-05,0.000133214523194463,3.14362486419784e-05,2.00922071036507e-05,4.22457833378703e-05,0.00011651675472536,5.11714864560509e-05,4.02446194786629e-05,0.000182070372877965,0.000170782478158338,0.000304126180027022,0.000510035769204723,0.000383951730383151,0.00055845894000774,0.000424390283309936,0.000568286919073439,0.000725207960641307,0.000828828133076018,0.000595595636527953,0.00110966205249658,0.000313909972908457,0.000353950472605602,0.000153849788197619,0.000516536866086547,0.000175857578920419,0.000280208691119754,0.000174472379272822,0.000169826864816336,0.000268678456787683,4.34232565238955e-05,6.25661355068872e-05,3.69471953270522e-05,5.92415570554401e-05,9.37807425065335e-05,0.000118187175882797,0.000453612892406155,0.000831336896957912,0.000547665904663269,0.000784673862475172,0.00021655697230037,0.000584154368230899,0.00085837226546075,0.00123449685740023,0.00082946235944199,0.000237388866365481,9.95606907849602e-05,0.000731004224340549,0.000196393699326264,7.02771086625481e-05,0.000219520981195893,0.00030470712032393,0.000199114541245395,0.000288033485416691,0.000312667416921125,0.00040535387687163,0.000190900771825833,0.000189980120428579,0.000109393359278613,6.12989738778885e-05,0.000126170201484754,7.53996130492413e-05,0.000153061848677089,3.60106490252198e-05,2.84161300879869e-05,2.78970382243635e-05,2.99830882684262e-05,1.58417097858491e-05,3.61030250330196e-05,2.58048361024839e-05,4.1713553943303e-06,1.42408907946852e-05,5.76540732787246e-06,2.6477021881536e-05,2.28529482360721e-05,7.04374071304312e-05,7.1713216647134e-05,4.05412855342244e-05,3.74011389911132e-05,0.000117150654074853,8.03167988607889e-05,0.000490504918727629,0.000228651643394888,0.000204015003554575,0.000276690458763864,0.000322721388791878,0.000185481902372478,0.000532048611515051,3.852603428644e-05,3.42294194043517e-05,0.000105578282470612,2.97387637619685e-05,5.17403151770421e-05,0.000126233027207581,6.69519834582434e-05,0.000273310822226821,0.000176412052673854,0.00349218072662209,0.000837964412358352,0.000327195826857893,0.000169688352286794,0.00086048599624894
2.25481537438815e-05,4.44265662158396e-05,1.31903288955554e-05,3.89014640487546e-05,5.45651396093547e-05,3.37358009634724e-05,5.05434643209548e-05,1.12726611104637e-05,1.31438761097932e-05,1.49199213517234e-05,1.95169054398106e-05,3.21725623797714e-05,3.50313435235886e-05,4.70654667516247e-05,0.000199728019355824,0.000337134030419802,0.000281127157749679,0.000155148159522363,0.00013176587723798,8.92680972403055e-05,7.16120188641532e-05,2.0341046320009e-05,4.30658014249099e-05,3.62488360389444e-05,0.000115609882305681,0.000181128094059005,9.33867179808113e-05,0.000744311624000765,0.000140871269053105,0.000694193050298572,0.00039759094208887,0.001173872676726,0.000742898409664066,0.000972557428543444,0.000422614426383564,0.000130712258030859,0.000241213478938954,0.000266019234646265,0.000410808354898217,9.74763626928315e-05,0.000780224132419657,0.000541088854562437,0.000379908574225561,0.000202464800468488,0.000200689071674135,0.000179409302046005,0.000189875236590457,0.000226047606411886,5.62260246180532e-05,0.000933601582659202,0.00140524130177812,0.000575740266240568,0.000992512657442162,0.000392759656363293,0.000450885266151062,0.000221136760001614,0.000334915113926762,0.000225494669240479,8.88119709440644e-05,8.08408413181879e-05,4.03734366611804e-05,3.79096729463106e-05,4.26179788576435e-05,2.27065932584823e-05,1.75566268059401e-05,8.01305394743717e-05,0.000375981816535462,0.000181998933461579,0.000306036175866168,0.00059924527447067,0.000764020062907623,0.000502092117344476,0.000396359417013425,0.000163277719131362,0.0010676160920125,0.000622621919334446,0.000815892918008108,0.000555677538210055,0.000196916915769836,0.000828903941837665,0.000420686593195588,0.000812908880570237,0.000563633937046445,0.000197727966004222,0.000526677968681092,0.000191838580733014,9.34055375917672e-05,1.78414123394618e-05,0.000161907416862726,0.000200456806989191,0.000193377987261365,0.000329991999513701,0.000649766634466104,0.000701071998534279,0.00118455510573168,0.000857804150311551,0.000771914982941286,0.000441063146419159,0.00123089949297386,0.000427160032911358,0.000147287133139546,0.000499002536041592,7.94059677450065e-05,0.000334719945915648,0.000424941212081816,0.000147029823273104,5.85179390018164e-05,0.000310005900590076,0.000167956849951373,0.000296704613745226,9.46737481716763e-05,0.000131184291206135,0.000173142488719833,8.04024774868961e-05,8.67943739001139e-05,8.45214690199412e-05,4.18903829800903e-05,1.88244522396334e-05,0.000101318122311267,4.07472438938116e-05,9.38096811348806e-05,6.9522158491754e-05,3.4796803710545e-05,3.53921160054918e-05,1.82146172273838e-05,2.68046412782732e-05,3.13029686023184e-05,1.10193718086159e-05,2.86867160472917e-05,1.96055712845045e-05,1.04152387862903e-05,9.03702491315472e-05,6.28124570353215e-05,6.53112689029869e-05,0.000196913916864017,0.000109236090805842,0.000256316798821042,0.000315862613101377,0.000130692671577187,0.000181973795007552,0.000399313511745625,9.80637077788414e-05,0.000212255503800948,0.000187830441554673,0.00014579499612676,1.92257691635127e-05,0.000114892840962798,6.74392960104935e-05,6.12856968154572e-05,7.5593814199381e-05,6.04968852109152e-05,3.68200111669549e-05,4.83949764361846e-05,0.000752981207488992,5.07209990019411e-05,4.0079615092352e-05,6.29777215809705e-05,0.000288464682164432
3.65423844135565e-05,2.18958353020365e-05,2.72904997109622e-05,9.10767689634604e-05,2.54975992660638e-05,5.07239539563553e-05,2.51904113504931e-05,3.66942100431527e-05,2.4896451231218e-05,2.90625329489712e-05,3.98713691731773e-05,3.69203657170739e-05,5.41286114377498e-05,5.03545333507869e-05,8.91197129106464e-05,5.32891763532873e-05,4.07743095550686e-05,4.62456034210724e-05,0.000190717874171572,3.70808942597455e-05,0.00014588457049761,5.48714623613665e-05,9.7495993931178e-05,7.00473456947713e-05,3.36453204223451e-05,6.05025217810843e-05,0.000112315858434022,5.08509840651682e-05,9.22623197697955e-05,0.000405316586619344,0.0002245786437089,0.00112384761528933,0.000444558199158468,0.000290803131897302,0.000538966941908523,0.000449111939798143,0.000148249222873702,0.000525191485082749,0.000133794512666894,0.00021069425763049,0.000119664599787086,0.000297980812505084,7.50761996713563e-05,5.76160966993113e-05,0.000105535423307433,6.7371491885121e-05,6.22742421444226e-05,0.000146664019023536,0.000354685690965921,0.00109746985420215,0.00190661479194957,0.000956835343349931,0.000569463126720169,0.000895435972485303,0.000536486080912748,8.6297824611048e-05,0.000253042017383424,8.84996401765291e-05,6.56661668660671e-05,0.00015643381669403,0.0002030894183467,9.21733925231786e-05,4.07995116914312e-05,3.44454997342789e-05,8.36409945191149e-05,6.47607548360992e-05,0.000157807418907398,0.000304759760470064,0.000437940642240157,0.000768511652676626,0.000447999248986519,0.000241107409815448,0.000397487848627542,0.000317325858552413,0.000662109111923817,0.000484466792193333,0.000982937722384624,0.000586665921702511,0.000431198704702655,0.000555622256739017,8.02216121964932e-05,0.000130560953908356,0.000301294876975777,0.000281882949744818,6.60999145898537e-05,0.000130177081075669,5.06069703002222e-05,0.000102311448129031,9.19776849795966e-05,0.000316085264129234,0.000123748481204614,0.000116227494863824,0.000384503625918967,0.000152818471835678,0.000366531988338863,0.000118928329086166,0.000188009451203454,0.000418729043953662,0.000119812958560713,0.000141979038471376,0.000318279800918721,0.00023948571198468,0.000177467957910313,8.50341676781692e-05,0.000262936614703051,0.000214178251885,0.000111511666878582,6.30857983730029e-05,4.07687716598107e-05,0.000123851415771629,2.30557850188306e-05,0.000100093022840645,5.2288419265236e-05,6.95616770206133e-05,2.45099328432132e-05,5.19657071852157e-05,2.51980026602735e-05,6.23860241582632e-05,1.55026548453301e-05,2.12877719348729e-05,4.67369645728927e-05,8.00108275694903e-05,1.60827360791037e-05,0.00011941843340917,1.69363333265983e-05,1.88001889325618e-05,4.48703873280147e-05,4.82874211827706e-05,4.73482208673494e-05,1.92902341278823e-05,2.99036993904009e-05,8.79952372846295e-05,3.67288414728098e-05,7.87170213790058e-05,0.000106606262352303,3.81952232887278e-05,0.000277396842746067,0.000389382609687634,9.62610533391884e-05,0.00025271581631723,0.000227668231593138,0.000516320044597103,0.000381254074658965,0.000143429190693346,7.81482380520646e-05,0.000166444198033888,5.60708585655948e-05,9.79046746901423e-05,6.82547667894905e-05,3.07697677635639e-05,0.000161283114120519,9.40306229821039e-05,0.000234881332380156,0.000494634319337372,0.000342239131377603,0.000173749886367166,9.9326608930704e-05,4.87705301428859e-05
1.3455393229906e-05,0.000101760852907693,8.71961353954859e-05,2.25337070802498e-05,1.77129953621864e-05,5.5600251343056e-05,2.30659297176102e-05,2.13861793758603e-05,3.34237396299826e-05,2.63414356034775e-05,2.43093452835743e-05,2.9064562778721e-05,4.92296016234446e-05,5.81369145086094e-05,0.000120020222266998,0.000153711461260487,0.000305565456703407,0.000130295415698499,0.000374666780660129,0.000153275547668241,0.000524628097787373,0.000257517563095206,0.000143007426732281,0.00014080726721309,0.000196991819042877,0.000263252337929413,0.000551233307979838,0.000255891595189437,0.000162315352899559,0.000278592657744461,0.00010475515463654,0.0010426939606935,0.000165679020450196,5.41716219660908e-05,0.000375328207105655,0.000217858491111644,3.19276884221758e-05,8.85722664890368e-05,1.61903024661276e-05,6.34038410595075e-05,0.000232124835477485,0.000157809558351097,0.000257690368278711,0.000312865365453708,7.88207769562665e-05,0.000141292480487232,6.291698795917e-05,4.95063482474803e-05,0.00018614244069704,0.000267419008694388,0.000834849859921979,0.00178229516479483,0.000706896432440435,0.000356586461029027,0.000325972529680971,0.00040125202428677,0.000115400975311812,0.000180580034802974,0.000127946512495636,0.00010986294489614,5.24221228167886e-05,5.5137305312536e-05,2.00664228542347e-05,7.97162361065297e-05,3.67963063944262e-05,0.000119080281354696,0.000446028571251353,0.00105822335026363,0.000120761423419849,0.00112573167746835,0.000208056029945601,6.76811478133491e-05,0.000408253335248862,0.000377286856597843,9.60756445657851e-05,0.00066318320320771,0.000330511202594226,0.000162781668841314,8.64307816648105e-05,9.57846268894332e-05,5.12336448245567e-05,0.000140405557995749,4.8185310842045e-05,3.33365392208538e-05,6.6128498680384e-05,3.42464275841862e-05,2.79896638327574e-05,6.96864569312655e-05,9.06482479658813e-05,0.000190088383748479,2.92794411554059e-05,0.000130522299446539,0.00024270182717178,0.000255421669849379,0.00063806501237472,0.000547424743659218,0.000194018213063424,0.000410821153034473,0.000602538463407912,0.000595774896063541,0.000194286098322913,0.000289012158653655,6.75012894118626e-05,5.80257287578311e-05,0.000307187694845695,5.50321260323731e-05,4.78416478806838e-05,1.66180909711077e-05,3.66478991592329e-05,6.31916761290447e-05,3.0617314984233e-05,5.89420759921533e-05,3.99312638641035e-05,3.56426044591032e-05,2.20061735481166e-05,2.98234260777177e-05,3.31072697426681e-05,3.41585727228703e-05,5.45923027556913e-05,4.52591719806915e-05,2.5433287158274e-05,9.81724181589609e-06,3.1902975615934e-05,2.62863497298533e-05,7.23335670455802e-05,4.18130177973867e-05,2.12254171317744e-05,3.51782353465579e-05,3.28290175359354e-05,1.32540626963348e-05,1.23516706194475e-05,2.96469212271204e-05,2.79964891124641e-05,1.35889332489656e-05,2.75365866887022e-05,1.91222513692662e-05,2.50361329693784e-05,6.00680905759408e-05,3.67643203156756e-05,0.00010535914136734,5.43792924359067e-05,0.000161660939278967,4.96981481893417e-05,0.000139894671535602,5.80077402262942e-05,6.55100217699156e-05,2.90834628851767e-05,5.77192735920172e-05,4.42741760551216e-05,9.92538461366333e-05,0.000146898555650706,0.000160466646525463,0.000321876472270436,0.00114568311103912,0.000361003028231198,0.000212801665679579,0.000176347434178774,0.000157767912451122
6.32413261330727e-05,4.85725111899007e-05,7.84400789687394e-05,9.63924771504242e-05,1.52722799834203e-05,2.93177968196088e-05,1.17266532762579e-05,3.41136895951974e-05,0.000106266547261327,7.09136678324303e-05,0.000121818309580046,5.59922444784618e-05,2.50576034901118e-05,8.13755492110653e-05,7.30662329937993e-05,7.56119836901842e-05,0.000385587159865637,0.00022082893069628,0.00029581023170614,0.00060887759961465,0.000328960561693953,6.54151681887028e-05,9.0835275632371e-05,0.000120928758835976,0.000262057651777041,0.000268531726848392,0.000140170220618246,9.4519114462976e-05,0.000698282832645625,0.00107020409508473,0.00059700498022273,0.000366566550533268,0.00219905184809182,0.00153383036726887,0.00231788167771977,0.00173015392199709,0.00172433843405224,0.000581183254074188,0.00107764517418087,0.000364585768345352,0.00029784755162853,0.00016057793377169,0.000170316739410669,0.000254165943601837,0.000191877993644324,5.57031987938775e-05,0.000139297855430386,0.000191153131820174,0.000455832945598458,0.000442229474647153,0.000450747694268098,0.000209657016173221,0.000141730519934837,0.0001453558456276,7.69142468783114e-05,0.00017726284424117,0.000127608870479447,8.52099812039149e-05,7.35527791327133e-05,0.000159318428408255,7.02672344348302e-05,8.18272770072816e-05,1.3420767386342e-05,0.000186472278031268,0.000302293205674949,0.000277453118270638,0.00168296566046067,0.0018620885777805,0.00301631713908146,0.000742954640099379,0.00576731821199498,0.00234706579417238,0.000901141145930331,0.000490842003289544,0.00124439167200918,0.000459191317308705,0.000815506533945001,0.00236194790197664,0.00222439234753617,0.000230398436011364,0.00101645451478134,0.000731671096595432,0.00120138778024511,0.000344197366914615,0.000180604389898693,0.000285026423152631,0.000315798870270124,0.000164145322764366,0.000429436794434589,0.000376183630056209,0.000369448602020777,0.000801473562639677,0.00143515205015451,0.00168723052815552,0.000692822909114265,0.000668336228052159,0.00149542964712427,0.00191971883387039,0.00223903749814208,0.00304013569135251,0.00144871642694377,0.00103209120475815,0.00165822122954065,0.00123610683139788,0.000397127054433751,0.000840930944977765,0.000132630848519588,0.000114903555447626,0.000254608681891644,9.798372577157e-05,9.89158805283916e-05,8.45139146531895e-05,8.47776368711981e-05,6.33766647460035e-05,5.95708097186371e-05,5.68841418279011e-05,3.08110869156736e-05,5.74035733688432e-05,5.7204441335358e-05,7.7876466512436e-05,3.16701062074636e-05,2.68971580585965e-05,4.48317621658345e-05,6.64152489025955e-05,1.49711015535784e-05,7.72404494062321e-05,1.67475814309518e-05,5.57969922350441e-05,4.65195345827292e-05,3.12366693574805e-05,7.39021318686565e-05,0.000128098963736428,0.000174950362591439,4.09581452563838e-05,8.0883340591744e-05,7.94790170387207e-05,0.000113174459302653,3.26260814213259e-05,8.07263635931257e-05,7.85648267868358e-05,2.14340020159856e-05,0.000104814896080039,0.000296732927628753,3.15562985008905e-05,9.29212430710816e-05,7.1814135021065e-05,3.48208476329102e-05,0.000161044805873612,2.35059501659534e-05,0.000236067001838159,0.000118286141341918,0.0001045324184198,0.000424034712829123,0.000231397429868054,0.000217938984531836,0.000150416636736915,0.000101430894969265,0.000183674514157631
6.96539537598343e-05,0.000113377907154154,5.96546119707763e-05,5.26357033225822e-05,7.43474273389804e-05,7.56898702586506e-05,0.000163682652050234,8.02501467807922e-05,0.000172522557358044,6.54665400489814e-05,7.02492791906064e-05,5.27160850655868e-05,7.70471605599389e-05,0.000180448423091912,0.000292239206296212,0.000173212870432579,0.00195788705070842,0.00120672210834499,0.00171209515352961,0.00198916818260721,0.00171999638308159,0.000464476701655013,0.000283784370522059,0.000260531322826771,0.000284902487287284,0.000253743971653229,0.000410852248885191,0.000395537524902176,0.000193325552308646,0.00210077271963858,0.00241234596633987,0.00195737616845404,0.000819244271799229,0.00127868022989334,0.000800260048505438,0.00180183827325116,0.000962778165477037,0.000947228755208967,0.00131914701089777,0.000606920428605276,0.000191238428779019,0.000507378150249305,0.000194760736902277,3.87421348527883e-05,0.000212968252000433,0.000111837215303243,3.76590058918608e-05,3.20703849408415e-05,0.000224138807282114,0.000242101982306895,0.00019987650820098,0.000782528809410532,0.000322313331918242,0.000266333451326372,0.000484306133891895,0.000111547665345615,0.000225711086283471,4.28812552170136e-05,9.05709302932661e-05,0.000145122158895896,6.90609357868168e-05,7.92496887851877e-05,3.69793348412168e-05,0.000138533779262701,0.000195102183955834,0.000362015615806583,0.00197582429259381,0.00109272847763869,0.00144370744116293,0.00109107418994793,0.000745469520863863,0.000461838951978682,0.00141929381041133,0.00184452145674261,0.00314323929397579,0.000641779916905009,0.000808176838156583,0.000944489231102493,0.00189889746092521,0.000371005392911066,0.000557995233704243,0.00114383092124541,0.000987205715165007,0.000288236794468256,0.000568526555174663,5.96109745667319e-05,0.00010280127946895,0.000128813666139021,0.000175087653031986,0.000311430286557558,0.00134743829118111,0.000542201344088187,0.000625843871496745,0.000777398341063175,0.00138332809384495,0.00106454544092819,0.00227592788988141,0.00155774466523622,0.0009139834514775,0.00109911569957482,0.00058379072120065,0.00125735296324459,0.000372583074407031,0.000198533232499347,0.000256032173683478,0.00058846371839028,8.75939776197189e-05,5.62607774737113e-05,0.00012921332775661,7.60584490472042e-05,0.000227050161463078,8.23470711827583e-05,7.96071054148677e-05,4.75723455373334e-05,6.60419011483996e-05,0.000159419208307775,5.8640324318987e-05,4.44585994017739e-05,1.29588305273232e-05,5.34823651201362e-05,5.01787047549158e-05,7.55084543103384e-05,7.91534290949362e-05,2.02786946855874e-05,7.95150658953716e-05,3.30201081751257e-05,3.43244534447644e-05,2.90778229067036e-05,0.000123938122167125,4.13903454386127e-05,2.82403565501364e-05,9.71922108715656e-05,7.45415970930003e-05,2.41644842286806e-05,0.000105418645105381,0.000169152419216867,3.69033917159266e-05,0.000133083314367215,0.000305852876266695,0.00018233280613668,0.00071010188379734,0.00040663231066667,0.000876427651906745,0.000590577238547924,0.000227773209326012,0.000192494900077054,0.000190117350416123,0.000156865804163981,7.21943437238344e-05,0.00029085445485399,0.000182715788730778,0.000118103964733832,0.00039326139462787,0.000152227243177244,4.89428904759556e-05,0.000166137215284416,0.000267042349395951,0.000106796921638847
0.000192670540818926,2.90254721529274e-05,0.000158818109194669,0.000126656142288021,9.3412332788109e-05,2.34987551856838e-05,7.17440224777584e-05,8.6769188785942e-05,8.2943201659609e-05,7.21882352916609e-05,6.42120113310428e-05,6.80874709715762e-05,8.8955311955778e-05,0.000175470388777891,0.000257446695055754,0.000317532036962815,0.000650697809339285,0.000685277601411188,0.00285616770770201,0.000561501546554407,0.000391111420625464,0.00038536287713386,0.000277649646615132,0.000815663788336162,0.0023847371302822,0.000691402815308369,0.00178702551904074,0.00160371546169052,0.00102031405993133,0.00269599616275656,0.000909225859606299,0.00549414388542533,0.00105870386240082,0.00172778213742875,0.00170809176436669,0.00162307368289112,0.000975956137878772,0.00206979028348608,0.000631002522264873,0.000454580882174058,0.000588816347585671,0.000180483306253139,0.000398810479405065,9.09133970956205e-05,5.76382891455659e-05,0.000151317899124403,0.000182795037927808,4.82509481203927e-05,0.000233357135167142,0.000166482251036274,0.000107572575698354,0.000308433949808634,0.000237856900888704,7.03787852170955e-05,0.000318398928834544,2.55642406523453e-05,0.000173970764679765,0.000103271468002508,0.000122945339657058,4.52765027262463e-05,6.51495776745792e-05,6.39673156491543e-05,0.000167150863927103,3.12134806542221e-05,0.000124558931112138,0.000433516343180839,0.00114709264434489,0.000940775225144762,0.00178542616826584,0.0041267614061795,0.00307054750159657,0.00279960582223501,0.00194013054375291,0.000935393791362099,0.0011624606824413,0.00227351824474455,0.00488300422782071,0.00146577518071998,0.00077055120954676,0.000579230180183234,0.000475962516564735,0.00103592005004901,0.000333613363477408,0.000205197333965475,6.60347805586138e-05,4.65782499755693e-05,0.000168821604046348,6.11184470921453e-05,0.000426753275175397,0.000104963614107582,0.00068493780095018,0.000452913966335162,0.00168723488246227,0.000790495944884925,0.000598717043289248,0.000605020966985946,0.000415318231081014,0.00178735119115376,0.000685926192778045,0.000860323543103689,0.00102093030712335,0.000444671564146988,0.000662363347978723,0.000198516586561994,0.000274978825316882,0.000500235551195788,6.88651098291233e-05,8.97182215803135e-05,0.00030764179488045,0.000167123737424538,0.000127101511811227,1.65677805295584e-05,0.000104274728601578,9.35973996172218e-05,2.37320545352694e-05,8.3019330263071e-05,3.35588219985008e-05,7.09841000076134e-05,0.000125314820109367,1.87599427983822e-05,7.0468769282732e-05,4.61164983048762e-05,2.58188368364095e-05,3.39237489200608e-05,3.35245936245338e-05,4.62799472589259e-05,5.22702962893615e-05,5.56823189588466e-05,3.94117225471266e-05,0.00011576248683582,1.36990355602658e-05,5.90025002099604e-05,3.75291388672563e-05,0.000100530083378685,6.73098740730113e-05,0.00016875298319265,1.79034030020521e-05,0.0001004790284714,0.000265639806237043,0.000159781850231612,0.000287463251355378,0.000375266335810457,0.000158212697476134,0.00036676452310348,6.81471396854134e-05,0.000101892307919567,5.24684425489153e-05,2.88916845236633e-05,6.11656210939016e-05,0.000122719081195946,0.000193370320064497,0.000155114395381382,0.000240048346709299,9.74010070693298e-05,0.000150267927359276,0.000157407084594702,4.40189399900516e-05,0.000363424418969597
0.00013435806225045,9.44180962030339e-05,1.86399003294377e-05,1.6895350647082e-05,2.31432399025107e-05,0.0001295114484215,6.33488443527991e-05,8.32194518305468e-05,8.50084644174712e-05,5.2844966893754e-05,1.94164108690666e-05,2.96355999005437e-05,0.000144848411786142,0.000622824270217361,0.000416822764282572,0.000227205533294211,0.000227088868237744,0.000595028239126994,0.000890700721900657,0.000611949507149133,0.000844876804958951,0.000179766267809283,0.000305484483196232,0.000460757490981529,0.000416765956100347,0.000718640433265574,0.000832204618905453,0.000852744977676072,0.00263783266457623,0.00060048391461594,0.00342087219142799,0.000963812586122032,0.000532367050104294,0.00100010562254905,0.00050603547497612,0.00111456401287123,0.00124270463008575,0.000469299592482869,0.000458280701237449,0.000193650239838329,7.60868362888756e-05,0.000271859825816634,8.91825219923685e-05,0.000161226142844753,4.82102919242109e-05,9.35949132716107e-05,3.64849513884002e-05,7.9345684513822e-05,0.000205295511231982,8.74457471214942e-05,4.99688901640868e-05,0.000247691159429762,3.11808350772949e-05,8.91097750489294e-05,0.000146650374449337,0.000100372926671761,0.000331381423655216,0.000189780265452873,0.000172043733026066,6.70777223255577e-05,0.000165613674995643,7.63411014434837e-05,1.4821227112125e-05,5.84622963811449e-05,0.000203255912591593,0.000689791203918034,0.00172180965528711,0.0017386135350536,0.00212111728685358,0.00411764955630809,0.000454598165624059,0.00136223721762799,0.0010079138576192,0.00154086530805172,0.000974530725888317,0.000890153664343091,0.00131961882075507,0.000364624880044495,0.0002113824997585,0.000336967824796035,0.000169470550681908,0.000302257400720576,0.000398897914756001,3.35098134304271e-05,0.000174832828703953,0.000118291437657042,0.000245724220500027,0.000110631888911427,0.000485598849927229,0.00061430659648915,0.000840533252262543,0.000714349060918579,0.000623308747728898,0.00121965888336975,0.000265710979929412,0.000571069918349598,0.000719978965368361,0.000229451525377603,0.000249196633944062,0.000659537691732817,0.000362454165763574,0.000378479922910102,0.000314582113724892,9.66127877949599e-05,0.000136904146081628,0.000163638536968417,1.80117975172953e-05,0.000111125822712812,8.79777731604148e-05,0.000116371604160998,1.76796793785561e-05,8.09139963852673e-05,8.51535951823397e-05,0.000154597999109511,7.39572900196336e-05,9.07078746203583e-05,0.000109777776455491,9.68760020266662e-05,0.000100987131103815,0.000112529879040096,7.0310927433485e-05,0.000173317718087871,0.000111504394065889,3.12390473696598e-05,0.000105134828021966,5.02042887735182e-05,1.54001556758467e-05,0.000126813207486962,0.000263949677091263,4.50305486299625e-05,0.00041534410893106,8.2307188043489e-05,0.000183470343597515,1.58616248693745e-05,0.000150918477673286,0.000124599340376727,0.000120699115237896,4.00288886693531e-05,3.72500533665858e-05,9.00576202536227e-05,0.000100042124515316,6.38091440388964e-05,8.62392127890697e-05,0.000145360523358932,7.80363776583141e-05,8.56412665802289e-05,7.1056816997375e-05,9.31711537975471e-05,4.51768719392632e-05,0.000123437404042035,0.000496101651207029,0.000175669750907872,0.000539565631411544,0.000269028996148751,0.000301421628880549,0.000438413695701933,0.000130312780571773,0.000148105985551213
0.000200586073603812,0.00022872857691148,0.000191264624993844,0.00013347227267284,6.13896522826969e-05,9.80233526096155e-05,4.40348102613217e-05,3.2229385789001e-05,5.70069875280335e-05,0.000123529114403723,0.000106886821736989,0.000135969186052408,6.77438556074201e-05,0.000232062717875956,0.000257942503813189,0.00068352792372548,0.000752173679117781,0.000542826394100901,0.00157334140885778,0.0004156872957752,0.000362392576915533,0.000511362557885556,0.000311549203540248,0.000891555092122167,0.000542069582983208,0.00114995629570753,0.00102671150544327,0.00198894039527034,0.00202218655234839,0.000415455087524901,0.00025641925653238,0.000639722720606964,0.00155184520596801,0.000438927764038972,0.000626743124695322,0.00166424648161126,0.000691870985289616,0.000325150642773361,0.000276579096383951,7.70720721791604e-05,0.000133279676276715,4.08358965922318e-05,0.00017366200541448,0.000193239432625067,9.51235996765505e-05,5.70272628107895e-05,4.60686390812177e-05,6.55087371375005e-05,0.000107409237866445,6.49084007876002e-05,0.000149740701383602,7.03200027543719e-05,0.000138614659598871,5.19903553597983e-05,5.57696819550463e-05,4.83390483951251e-05,0.000399099758474394,0.000185520882284897,0.000242618195039851,0.000223662029591219,0.000309970850885936,8.77742470592504e-05,0.000362590623544666,0.000209867251163668,0.000666699466231319,0.000450508632131694,0.000241377934590675,0.00246950694080703,0.00134319670959801,0.000868150917542083,0.00123324793762671,0.000829384896119707,0.0024653761335453,0.00146506277083898,0.000862380599126179,0.000618202946348179,0.00103011548837394,0.000759919309134696,0.000323401352685409,0.000210167696644963,0.000598818164167525,5.74266419482934e-05,0.000380210126507854,0.000232107162786847,4.9736667804337e-05,0.000210519349086804,0.000141694883076783,0.000345984582821222,0.000798793181044696,0.00130996593904343,0.000456126977579687,0.000431305439848196,0.000846300465544651,0.00100873413466865,0.00128413877864212,0.0004653598497063,0.000595166914618008,0.000538942294866493,0.000465774905209065,0.000414648447390127,0.00032844804045723,0.000483992127006063,0.0001476330799696,0.000141571867406091,0.000202028784592586,0.00020618368402501,0.000100561492920483,6.80509981120607e-05,6.85714576294093e-05,0.000136252709911871,8.18863823958265e-05,8.07397211855092e-05,6.45363640453662e-05,0.000114581546390626,7.93097982600975e-05,8.43248484667646e-05,5.13936659889815e-05,0.000125977394245809,0.00011280471907145,0.000142091197744281,2.8388274857764e-05,2.18241871511885e-05,7.20835295832391e-05,3.64630716991262e-05,8.44098504588765e-05,4.32416296233185e-05,0.00010401595302145,3.80517376769025e-05,0.000140832751461216,0.000124786702804398,0.000158109604949351,0.000491741515888262,0.000246299794752176,5.1911698496663e-05,0.000109222645036173,4.35579580944225e-05,4.24564764518151e-05,2.78044812011176e-05,0.000162202539671382,0.000227765918205657,0.000130327854251527,4.51467113992081e-05,0.000127061732410269,3.64222642901913e-05,8.62161377244597e-05,3.96422462076234e-05,6.76002722417498e-05,4.57709967860324e-05,7.19249823348521e-05,0.000123704500313965,0.000197063829770549,0.00126218031579694,0.00093114064576654,0.00210293460570451,0.00042854220107385,0.000175756333917832,0.000205212872562913,0.000471924411755922
8.58167998690607e-05,0.000247392425257746,2.31859292479325e-05,8.03779837320695e-05,6.15021496560713e-05,0.000209693854018056,9.50387718581319e-05,3.6767816386133e-05,6.56095291395451e-05,1.85976057141722e-05,5.58325550131254e-05,0.000106685827672633,0.000157386516544096,0.000192340476519317,0.000387457512070259,0.000543773354488323,0.000763103011972024,0.000831791977801988,0.00159994307157874,0.000369352369145451,0.000694102957139144,0.000390956646229353,0.000505634148000777,0.000250805440114264,0.000416090051472876,0.00109991271053812,0.000538597397556544,0.00126586087771407,0.00128522032446475,0.00183034816101712,0.000425395211446553,0.000586827143005111,0.000324134229220117,0.000643684515708864,0.000415498210572956,0.000258799906952285,0.00011912221754674,0.00026212801798346,0.000183730521606723,0.000239393398347299,0.000154180417535138,5.88449670939011e-05,9.66500416099857e-05,0.000152449822702339,9.58563250375015e-05,4.92788641830432e-05,1.94600156931088e-05,9.32731437366709e-05,6.93332123200834e-05,0.000113427867301441,0.000196056450469392,0.000207124555175299,0.000251867455845157,0.000111421789299109,0.000151647956985857,4.98842308071165e-05,0.00024865389342567,0.000151630504398466,0.000457718371120582,0.000139611924678832,3.82755115438159e-05,7.978636542984e-05,0.000222506158709696,0.000504867237724856,0.000889313852946853,0.00179402925775488,0.000695386468189532,0.00120211969962599,0.00107600718225926,0.00182615475381656,0.00284452014784357,0.00113676730087723,0.00224508251325612,0.000681149746185539,0.0015611080425358,0.00127136552742983,0.000872798836131197,0.00041504747698509,0.000275913605001114,0.000269784915151335,0.000256330065744116,0.000184361001846928,0.00016509807067853,0.000205238846864195,0.000102801570242638,0.000108922041980217,3.99497651337873e-05,0.000261159398277883,0.000151053396286103,0.000573922264400618,0.000261468648175912,0.000451085829066861,0.000103514744151959,0.000259212534408489,0.000111558208069423,0.000532952366852544,0.000231009796421576,0.000340239372854549,0.000302969284417057,0.000310680232946174,0.000420157372975026,8.67424743228026e-05,0.000214817183880644,4.62304466414678e-05,7.87951996603311e-05,7.42457749444183e-05,0.000101517061583827,4.43096003971624e-05,6.08060105275675e-05,2.03287990177091e-05,2.95328694036343e-05,3.08391162197242e-05,4.82621595449945e-05,0.00016240668220525,6.17996573891084e-05,9.47586778185508e-05,5.36696768928656e-05,5.92312626227352e-05,5.75201724602781e-05,0.000132907021500195,5.22309002386416e-05,4.67617200940375e-05,7.08914762194565e-05,8.8629469810404e-05,0.000101062673698905,2.15713363218436e-05,9.2880801466348e-05,0.000302373506423967,0.000501430551729771,0.000187637353259597,0.000496006878477918,0.000470436189969063,0.000126454779470901,0.000371654750043195,6.22560931945841e-05,0.000178385801268128,0.000417995448065365,0.000191648584522831,0.000279056185395387,0.000349606155343615,0.000202635199544121,0.000190084433886979,0.000179473994869017,0.000165427590931594,2.16587076397562e-05,0.000147746390253079,7.02013088283695e-05,0.0001492906850908,0.000278830099361581,0.000251165866739645,0.000553525081287937,0.000601630570918105,0.0013722895235355,0.000784582155899578,0.000308048879892212,0.000166571577655403,0.000163826660211998,0.000133684557007842
5.59282629742479e-05,3.7724844316716e-05,0.000123739278886414,4.1449173278286e-05,4.36453215231382e-05,0.000119462071278183,3.99234669079406e-05,7.99220348128452e-05,5.09971013808581e-05,2.42491958047649e-05,6.48953714916309e-05,8.92671305186356e-05,7.41240247109249e-05,8.18117917900632e-05,0.000615852785349855,0.000682251831109705,0.0018348263309109,0.000608169782661175,0.00104006997240148,0.00138003068417217,0.000488791552267201,0.000455343886487594,0.000370467921149026,0.000285056189808347,0.00038217253226613,0.000507598428709348,0.00159313401219927,0.00197286048659876,0.00205968326240616,0.000397726561500829,0.00116366113960927,0.000557017628763854,0.000278286894225571,0.000657832001858797,0.000490891952531367,0.000163858541111668,0.00095617956950889,0.000143246861688588,0.000502433767619023,7.58909938913196e-05,0.000110770377488473,0.000113327153455372,5.37147587847438e-05,1.41358516422224e-05,5.01904092055465e-05,5.78298220819845e-05,5.95766003607728e-05,5.83550263702797e-05,5.67574293304387e-05,0.000144314366364738,9.97210470520668e-05,0.000201570426633156,2.42684709080955e-05,2.95875183029307e-05,0.000131185079066883,5.89149260213662e-05,0.000174889163635863,0.000111140664918053,0.000564425530096533,0.000242976335620105,0.00027587119194697,0.000457638854014237,0.000103758099757937,0.00213437467571448,0.00236918902889906,0.00161575953192706,0.000876115981497718,0.00168410665098711,0.00305819353277934,0.00109853820278932,0.000675733560716198,0.000321104576161349,0.00141069172274659,0.00248219281586977,0.00170151460737961,0.0006790128767032,0.00232566157871288,0.000355697469287672,0.000830562005276531,0.00014979517508999,0.000441108610186875,0.00018564397502579,8.76178623799253e-05,5.75780948035577e-05,6.48188796675607e-05,2.31214856313618e-05,3.42635865391713e-05,0.000100233997938223,0.000127750646479793,0.000195971424483212,0.000142959138848027,0.000607546632987752,0.000872342531549759,0.000993935691802777,0.00110872664445028,0.000573468318300147,0.000404059370002168,0.000768123666593674,0.000297168406741432,0.000358996080479188,0.000159046831000603,0.000174377241966913,4.23410227330423e-05,0.000101674713208754,8.00019868990081e-05,9.99786398762587e-05,0.000107577600243302,1.85460380242071e-05,4.44880082588255e-05,5.13545914173335e-05,1.58283081666534e-05,1.7355227325855e-05,5.85666864301564e-05,4.47826831692979e-05,6.8459000545757e-05,6.07466874097559e-05,1.94573852149591e-05,6.79818144427278e-05,3.26613646089442e-05,0.000100936937291024,3.95982100737847e-05,2.50158417794537e-05,1.43930690044057e-05,7.69076184330318e-05,0.000155224959332315,5.29924861427657e-05,0.000165859763805625,0.00038424936997061,0.000236987524275741,0.00185807583223804,0.000980798350732592,0.00092214380079924,0.00105824291269504,0.000506742171079447,0.000315224714098977,0.000124272107793824,0.00019979435100032,0.000344740311932335,0.000203397186282611,0.000132603116935838,0.000200498370330509,4.91761058053326e-05,0.000148959290521588,7.65879384036637e-05,3.19789236877623e-05,0.000120805916488859,2.45100100467141e-05,0.000108624539256584,0.000118710112951843,5.77166489024347e-05,0.000318243998198496,0.00117929922535955,0.00147537397871218,0.000521012234669171,0.000464356111280468,0.000554107941340441,0.000205151259964197,0.000223277229947353
7.92563581005419e-05,9.13681361065573e-05,8.78477375694867e-05,6.44791427115155e-05,7.74632675573541e-05,5.10738586854033e-05,7.90498328037887e-05,4.88834501381695e-05,2.37088205401254e-05,7.76995426653033e-05,3.18585466877117e-05,8.04280704154967e-05,0.000165936172801743,0.00029764697520769,0.00111176775060709,0.000642180214920083,0.0014868291198236,0.00119137493951287,0.0030997259683668,0.00137606632414497,0.00132231242361181,0.00138534550497263,0.00188513598121021,0.000854610546057107,0.00100835448055471,0.000607263915888986,0.00355311614948478,0.00194598616759302,0.00230340359862485,0.00264677655960558,0.00197530551715239,0.00148214814870448,0.000603787665233743,0.00127078654154703,0.00130553352872555,0.000405393579004407,0.000463093169150722,0.000344102363270729,0.000202273712303038,0.000281047900846117,0.000284489579062079,6.86716504194292e-05,0.000101520278671301,7.10772044413358e-05,0.000118354976293736,3.95029342285439e-05,9.59631960975533e-05,2.89091369162187e-05,7.58280223242224e-05,0.000150564308072214,0.000127479653072922,0.000293124021047057,6.28324562236565e-05,0.000138265600783613,0.000197471545902182,6.50303603904638e-05,0.000210936030764316,0.000185965906219259,0.000136015669903352,0.000459615991233051,0.000339540000865341,0.000338163182299932,0.000649943351609124,0.00141722355885559,0.00114008312482423,0.000793506818962588,0.00100750712157002,0.00045916187791151,0.000634827437057647,0.00279059492583316,0.00282030085015953,0.000772999647169918,0.00293774661241053,0.00194807967861686,0.00221038823267261,0.00108396809869947,0.000711996620832882,0.00105167692899807,0.000740743977013454,0.00111307357133588,0.00050203813583812,0.000962459855050017,0.000409769124223488,0.000337703646919734,0.000296023087853385,0.000110657737402453,5.82970151358368e-05,0.000167724147301356,9.34240332298601e-05,0.000125275625140978,0.00011905336998934,0.00014610474109909,0.000218105037816461,0.00047671922839445,0.000282079328075461,0.000184857767252692,0.000288925402017709,0.000192009667163883,0.000211861120257603,0.000303751248462645,0.000802401576435743,0.00011712841072854,0.000148602545999075,0.000184989821076642,7.3355626314096e-05,2.69980733657911e-05,0.000100745465145077,2.80935773259685e-05,0.000113223871605853,6.74510177781038e-05,3.42977393804473e-05,2.49439863946759e-05,6.58568673455366e-05,7.51658025667646e-05,3.2988076439704e-05,2.40314026638867e-05,8.72063506124187e-05,9.66687937087816e-05,0.00011976531867077,0.000133843893525228,3.96440848472224e-05,1.35489160476114e-05,9.30940992842095e-05,0.000115548295317619,0.000270242907053132,7.03139511381809e-05,0.000349580245701727,0.00196293777723411,0.00132105301887373,0.00225880205138403,0.00171230572938969,0.00257457518409164,0.00101064337203443,0.00256042584778872,0.00119744317258594,0.00122109091078828,0.00236548340102606,0.000575983717592767,0.000558572168777164,0.00158733010628038,0.00102462638964168,0.00122487930500548,0.000732242511266415,0.000420567157088429,0.000167120783753159,0.000235661445764583,0.000254876443072088,0.000224573604677067,0.000228635205983126,0.000140715424171537,0.000204184539455822,0.000482526025190517,0.000313427295860286,0.000332170492226592,6.16437540206429e-05,0.00018908851934865,0.000399166403826188,5.53629647294715e-05
0.000206190996499215,0.000192564051086302,5.18325858787583e-05,4.38128664897287e-05,9.92235868226088e-05,0.000127475934997557,5.34785788228999e-05,4.8245497339908e-05,4.70399012998324e-05,8.16964997941147e-05,5.92293743176427e-05,6.76514087038567e-05,0.000128303496460622,0.000199868059723451,0.000476289206051745,0.000272692099568959,0.000929792675278668,0.00102808435084255,0.00115070374218623,0.000390627859172443,0.000284058851885809,0.00052201960862212,0.00022031032214959,0.000205555657492535,0.000287596287717249,0.000685223119186845,0.00117466003062492,0.000920994299830546,0.000611540557312121,0.00114097171828478,0.00215530425078579,0.000109022514375371,0.000532721241689002,0.000522183002414399,0.000397115128770942,0.00035085745063447,0.000156616165994908,0.000109005799097222,9.59172553506876e-05,0.000138694043125454,2.60428394545199e-05,0.000188685721637076,4.76118038491742e-05,9.03450296835824e-05,0.000102495404101644,4.56685574732486e-05,8.85042857345969e-05,8.55974030563181e-05,5.80209044645262e-05,4.79970444870269e-05,7.46376785532918e-05,0.000108133282776139,6.63035866788713e-05,5.54773585475433e-05,9.98209751184371e-05,0.000179365225682598,0.000189360139293206,0.000329955357517882,0.000779420865581115,0.00020459513637981,0.000304073200881003,0.000437585978504166,0.000250724771782149,0.000418345271838811,0.001388401884084,0.00165971511345176,0.000564159211850594,0.000330622576123702,0.000391515377599849,0.00104788778373044,0.000263146513623674,0.000183720931383578,0.00105032358891882,0.000197130834329615,0.000491035460261645,0.000454524203285699,0.000542961008407944,0.000356642408521843,0.000155145221923636,0.000360169658550987,4.53036802143523e-05,0.000281889772749944,9.19681605818452e-05,0.000168672106373663,9.85828494475601e-05,5.39974445764385e-05,4.54169889727311e-05,0.000163920505339048,0.000185707117295377,5.27175286843939e-05,0.00025490594846454,0.00011322146689959,5.4805684106351e-05,0.000121190572742623,0.000119904179139451,0.000111648406947199,0.000193206911925497,0.000145059050303014,0.000150911271716818,8.96432619082658e-05,4.80001709594876e-05,9.35430101234461e-05,2.98860543952942e-05,4.2415570361743e-05,6.88085193245316e-05,7.52011672963562e-05,9.14485875980804e-05,1.82247978799047e-05,2.85256759703735e-05,4.25547236003588e-05,4.91838375906005e-05,5.34641937990371e-05,5.61301486330328e-05,0.000130303954549745,4.84820587055824e-05,3.8618945506186e-05,1.89677436422101e-05,8.51745395057691e-05,5.24119863168426e-05,4.80499708772217e-05,4.07004412688492e-05,3.51045260925966e-05,9.00877199615039e-05,5.34448845103016e-05,4.06625537298259e-05,7.81652323645942e-05,0.000437973176865007,0.00178746037029236,0.0027104647868957,0.000895164025827421,0.00407306447041536,0.00148362677947666,0.00111618885392676,0.00110997795737446,0.00158311135412109,0.00151670772833183,0.00151260821669127,0.000304568343779491,0.000505002755108119,0.000189860688387146,0.000271298605032969,0.000443890380450735,9.0230071088994e-05,6.68056122598488e-05,0.00011344826344591,0.000132727058661884,6.23038105645793e-05,0.000127907306296356,0.000237594513697196,0.000293197603424785,0.000185994899314292,0.000331193896768432,0.000254243185898152,6.38453014653262e-05,0.000341862797466181,0.000253910494992591,9.29675958884551e-05,9.45327451793678e-05
0.000105808377590775,9.60199636551899e-05,0.000126011248401458,8.17475026895928e-05,4.50348232704014e-05,0.000115469421889906,9.1997667026273e-05,4.42275399868988e-05,2.48390365583597e-05,5.01025946267129e-05,8.53067942845252e-05,5.21563553008986e-05,5.23057256184895e-05,0.000100965965052911,0.000120593306426101,0.000364471291896728,0.000364478263975586,0.00021594145593508,0.000232483717199313,0.00014413063416668,8.86274152330716e-05,0.000120323195258199,0.000232223037018925,0.000124489697289859,7.66589031241997e-05,0.000278588747194503,0.000248492487334734,0.000265081237002349,0.000619448230596541,0.000480515169056756,0.000510566536524358,0.000434063199034544,0.000190133791433089,0.000245420828762108,0.000129205366992318,0.000125880193570216,5.86689108343945e-05,7.90548581832526e-05,7.07490031957265e-05,8.99057656603557e-05,0.000101759803244059,0.000101836632515641,4.05019072423578e-05,8.27050071758372e-05,5.86854842088471e-05,2.41672478977486e-05,0.000128390849440904,2.73289928472624e-05,2.00638176594847e-05,9.21792909575869e-05,0.000176521520192101,8.99017240122505e-05,6.87944227574911e-05,0.000140377353773342,0.000101445440422914,8.65769719904461e-05,0.000144955550999044,6.24753090670395e-05,0.000427799877738926,0.000103160662517967,0.000238735798830197,0.000279951256012605,0.000243499176638019,0.000244522822309752,0.000609867643018855,0.000415042829501212,0.000485144694950745,0.000774344496003124,0.000283498725257441,0.000351808880525315,0.000310940590864193,9.41360593968052e-05,0.000148259067559501,0.00019020390377631,0.000140199400185265,0.000119587081755077,0.000168577193097831,6.7392031967631e-05,9.53236734351572e-05,0.000168938518588523,4.05777829799061e-05,6.48736762228506e-05,2.29031718564019e-05,0.000101432074347426,2.37284621515846e-05,6.15241820119853e-05,3.32503208233261e-05,0.000100764036049199,7.78168604000911e-05,9.05106611639424e-05,6.32525687638766e-05,2.95288487570404e-05,3.40180685513789e-05,0.000106102403075157,6.78478614224521e-05,3.37526816196409e-05,3.54722595419221e-05,4.62648401845088e-05,0.000123629593969279,0.000165359702770714,9.35552098375262e-05,0.000125078614959411,9.50152171125999e-05,5.68834849401275e-05,6.6359602185292e-05,3.01026760068563e-05,3.80556806049271e-05,0.000103276637912691,8.45598950902605e-05,8.26690931281055e-05,4.58820329935302e-05,5.27615478872206e-05,8.81603096745409e-05,2.91568462510955e-05,9.28458224716458e-05,6.52769957292987e-05,5.24499225422533e-05,0.000132742019034362,2.21907110695203e-05,0.000114376700982,6.26038181934968e-05,5.84972291307842e-05,6.18582391619046e-05,0.000180217878243902,0.000208703359690963,0.000131979609757128,0.000168502859997302,0.0021787786266762,0.00509440193754482,0.010181352909818,0.00715381201437566,0.00404457542679385,0.00193920486278739,0.00337213615826041,0.00518615292378345,0.00150956879457381,0.00261363301516408,0.00103034930370334,0.000943393680878246,0.000179959963469418,0.000347257511184544,0.000366839224744237,0.000225218651680835,0.000148290510427304,2.17139204486152e-05,6.86419267168634e-05,0.000164288014210138,0.000111328956319956,8.67396460302308e-05,0.000106738225476693,4.70574746642593e-05,0.000186650539014639,0.000161768632546408,0.00011556764393212,0.000175020921286216,8.79343752182197e-05,8.18023576827311e-05,0.000110059204678537
5.49847810640212e-05,9.53649201990175e-05,5.97259349586603e-05,8.78867972135141e-05,3.77041973552834e-05,3.14214092671626e-05,4.42711733698716e-05,4.78091130813662e-05,3.68662118320293e-05,1.32307570788175e-05,1.10320827636332e-05,2.53754945203689e-05,2.47206855021067e-05,2.32760666647924e-05,2.31875801069475e-05,1.88200522717284e-05,4.44883589939684e-05,3.84178624453101e-05,2.72640927246171e-05,5.92936368593277e-05,3.4016943188377e-05,4.33940852194248e-05,3.85456021826226e-05,2.76061555123846e-05,1.78341140822115e-05,0.00013299851538321,4.25321689763383e-05,8.44156842611767e-05,8.69040875136346e-05,9.21499922955745e-05,2.75313950083912e-05,6.5057640167645e-05,6.45417871301263e-05,2.78841683600975e-05,4.029979137017e-05,5.78846376784037e-05,2.42594667976532e-05,2.04307721686438e-05,6.12804291441994e-05,4.55539024651744e-05,6.62054233597891e-05,8.78379548996004e-05,2.96468130804635e-05,4.40692460112394e-05,5.82832506650343e-05,1.4092235046223e-05,5.61576732797531e-05,2.94379405730278e-05,1.48899531145216e-05,2.26883391267642e-05,1.89850488391759e-05,3.19672676874718e-05,3.13627510114169e-05,2.68191466390474e-05,3.85046169798832e-05,0.000126712797300456,9.2202289983537e-05,0.000377704324168612,0.000604168906646537,0.000305870760994688,0.00145155791350059,0.000796485526584912,0.000664909889180224,0.000729996572898109,0.000183385662004101,0.000494983657889636,0.000347672767754685,0.000437398009002877,0.000112379019473744,0.000176085470948772,6.03858980863455e-05,3.95454171302447e-05,2.18943705250177e-05,4.92464645654915e-05,1.3240614706096e-05,9.88892768736473e-05,2.51332113943226e-05,1.75265637472109e-05,8.25839016710077e-05,5.172152106408e-05,6.90920182879465e-06,3.3845266441876e-05,3.8261807578929e-05,2.9169349772727e-05,6.76669142379505e-05,2.97486110096104e-05,2.46021447948541e-05,5.29278127286861e-05,1.69474642861663e-05,4.9727352511391e-05,8.50572593807163e-05,3.7631135682883e-05,1.79657493432708e-05,3.74700730314013e-05,1.41319419324383e-05,4.41003307720903e-05,5.23446441290642e-05,6.40724727922734e-05,4.257112240986e-05,5.66134294082482e-05,3.91834290374444e-05,2.61390461761346e-05,1.94106183660562e-05,5.7188534911968e-05,1.88075442860047e-05,3.56753144829934e-05,2.48222721349064e-05,3.53589975341055e-05,4.78531530330562e-05,5.13821621441821e-05,3.59437617051147e-05,1.25773860738495e-05,3.23211621280124e-05,9.01201934800893e-05,3.52306609373961e-05,3.21025781058364e-05,4.72637692333988e-05,2.44180054201565e-05,2.51722370870834e-05,1.8718744162941e-05,3.86178424082742e-05,3.14824735896282e-05,4.40473872063126e-05,5.53682159638751e-05,3.28695020858544e-05,0.000103126103160356,0.00119696274205136,0.00296633918943534,0.00382728774140951,0.00347727403643883,0.00511626153892338,0.00382396349697806,0.00293694350918969,0.000853122480248068,0.000368659300557705,0.00121703984132588,0.000794268256191071,0.000159357402070545,0.000235456461899542,8.75790780457783e-05,0.000350537770432434,8.28795358479357e-05,0.000103429968776353,0.000194137055802614,7.84867387070588e-05,9.76883397439977e-05,2.0602551135164e-05,5.3011898203513e-05,8.63089913080629e-05,4.01704748483256e-05,7.93155134130277e-05,6.00363392341464e-05,0.000105369996985031,4.11896083277893e-05,0.000118906012834912,8.78287368301656e-05,0.000125155580937073,5.63984363294945e-05
0.000691537509527654,0.000792201046238246,0.000663427638444626,0.000717757379845025,0.000194862228213593,0.000327551292845357,0.000464637632299631,0.000728270464725288,0.000796171851017551,0.000559157182829554,0.000103082057957887,0.000363065045911707,0.000913563236819093,0.00141376473259079,0.00198129720464193,0.0013371109350806,0.002015047637478,0.00299188778205735,0.00380184199804501,0.00398629954964716,0.00215288644250437,0.00299959227182395,0.00380233241899519,0.00277089646866196,0.00254644137764664,0.00268032086124925,0.00553444130678943,0.00632671803515839,0.00570616860711211,0.00335036691556721,0.00240160161912606,0.00140417715777431,0.00241641754870976,0.00379754951411521,0.00551402512914285,0.00430311107463995,0.00252737119109847,0.00617811037231651,0.0120421545139527,0.012885571446869,0.00754984704559183,0.0038463093169198,0.00534383407157157,0.00385878669591927,0.0044260361448017,0.00956245319390027,0.00934903518265865,0.0157711532719153,0.0204020311605517,0.0193470921142003,0.0098950456483172,0.00753363618760597,0.00675329351736738,0.00357440489009741,0.0030443611041472,0.00496369109148191,0.00251971208612488,0.00416041611230222,0.00122172647171562,0.000803317730358624,0.000658185370547219,0.000496712679004915,0.00111927265481823,0.000829114214313465,0.000455421688339296,0.00378996517426079,0.0265652984524542,0.0296404269035049,0.0350008115642199,0.0187689677895051,0.00449639301656751,0.00608758149483367,0.00395539775213105,0.00855076550969235,0.00556787750356963,0.00386741591636138,0.00377850234762198,0.00427092933564379,0.00586260210206275,0.00678636081140516,0.00571780222179581,0.0050740973925834,0.0033734665651907,0.00339278571724569,0.00338729463256259,0.00291003436704694,0.00219479285013577,0.00171908236205364,0.00428657809778566,0.00336441054549458,0.0154396802331531,0.010540753751805,0.016186967667495,0.014682552358699,0.00592410745322807,0.00254856768542416,0.00658521245102698,0.00742639708184277,0.00808409513826576,0.0071371425018007,0.00633111938531939,0.00399032441610975,0.00617001823954326,0.00663897759354725,0.00539819664469794,0.00339457014628275,0.000938924872444331,0.00269642723445528,0.00250761614965847,0.00186986788756292,0.00295641768637463,0.00867932792118755,0.0135271025009746,0.0084136022402518,0.00274414739648134,0.00216715714452705,0.00261018058008393,0.00239754220752855,0.00270384189841281,0.00331181611723949,0.00143905154455251,0.0016938623413321,0.00272643666406421,0.00452982523641085,0.00130112487003144,0.00435577026930377,0.00538206016994065,0.00286413523079011,0.00236404451055692,0.0014333814071524,0.000956184498286807,0.000859657453205259,0.00570765958240685,0.00662157183295171,0.00348071090678468,0.00682171279933909,0.00489656690840823,0.00824932375143818,0.00524623416063771,0.0018752754021766,0.00137895243851919,0.00283619101567534,0.00330077006606628,0.00538980842132892,0.0127677493185329,0.0198104322042491,0.0161364373840281,0.00277410929380136,0.0193732859786116,0.0433588396220018,0.0566882984122202,0.0515752571522834,0.0238825674085438,0.0297130699907321,0.0582108148507933,0.0532233829213053,0.0159394758666456,0.0262370197399972
0.00115650983401671,0.00188499320592357,0.00164997277087851,0.000298923690868813,0.00026471509337809,0.000952677424530319,0.000847324417372949,0.000283348134141071,0.000351757573573965,0.0010518372718711,0.000357042291812895,0.000699160444467404,0.000266442056805707,0.00053181537728372,0.00463411840572021,0.00920959426864328,0.0162234080024313,0.0159994390651752,0.0204990811230208,0.0281565247478042,0.026996151775162,0.0185718805474587,0.0113491177768369,0.00889375855104587,0.0130289392296718,0.0152394684564368,0.0185343286196222,0.0136203503271424,0.0157612445980399,0.017563525191071,0.0121243710486905,0.0117634960848232,0.0144948938281014,0.0122850484014876,0.0125983590327727,0.0101837292509959,0.0100493869005589,0.00497843556373201,0.0081119093131876,0.0169975006020842,0.0151063673812546,0.00947046058441511,0.00581410218400331,0.00419278178656358,0.00737531383264718,0.0158560317679175,0.0135995718724598,0.00425331492629916,0.00975625375897582,0.0169924206664317,0.0162530528941734,0.00708213234254076,0.00732707530417963,0.0106460484184632,0.00724410700805533,0.0206932757131833,0.0351932362906644,0.0106641508195769,0.0130774978034641,0.0101585657190861,0.00660075729736402,0.00353985500668965,0.000790776350863749,0.0049271900071729,0.00632793528892135,0.00433415188571565,0.00545086196420346,0.038697172011899,0.0221746450145687,0.0227748894069644,0.0366522475497223,0.0279539975489483,0.0234717901452802,0.0349008470281731,0.0314592019968522,0.0192896271206106,0.0120893150793959,0.0140828746239881,0.0190658758048326,0.0192382181016637,0.0180097140784889,0.0164787239243274,0.00666531708148642,0.00999769888971142,0.0127751842468202,0.0168099375778399,0.0189495919012759,0.0175963565110562,0.0179718904339147,0.0247632379582508,0.0408255531140054,0.00911292710101087,0.0637427085991633,0.0516878825380882,0.0202398712475988,0.0116009206376503,0.0103989432242675,0.0107865285692375,0.0195687108954615,0.0183676052119126,0.00605979188698506,0.00794705897773331,0.00531517681161482,0.00723116310926983,0.0101024823017126,0.0124231804975321,0.0104764408784339,0.0150837226737014,0.0238671916201669,0.0295511084830935,0.0330855106083089,0.0375807730960724,0.0280741999618943,0.0548124683098486,0.0281304953958541,0.0149542365029722,0.0264781312501849,0.00441201868629232,0.0169313622280131,0.0189414095598102,0.0136284567656932,0.00552822745012119,0.0170841834918373,0.0103074998622518,0.00710726082469578,0.00499333525156657,0.0069009104233457,0.00477594417895169,0.00874119120218868,0.00185167693452707,0.00126017411942266,0.00350515347331802,0.0085330793771773,0.00766286585165726,0.00782392999661175,0.0180286483947397,0.037182958064332,0.0293589754184901,0.0256518732544123,0.00607478410691894,0.00767956162183339,0.0101385632251517,0.00257028079147778,0.0178445398014151,0.0256911179351941,0.0781555180981043,0.046924059346539,0.0445155872013331,0.0715953868811585,0.0220208782919172,0.0441278502895152,0.0663450892097805,0.0367281379837649,0.013290484168366,0.0183946643446603,0.0079974487436192,0.0215782636623927,0.0132440258884273
0.000640005539990024,0.000702815821028834,0.000244416591749778,0.000515872108709924,0.00260821248553268,0.00074428113053421,0.000780377616582162,0.000581711631337133,0.000858140594866482,0.000708288726798363,0.00164346973890062,0.00604442873072996,0.00444807354543847,0.0131907364070048,0.00959691347293222,0.0205050397303689,0.0233395667827145,0.0243152569676737,0.0504166909454936,0.058386284448151,0.0790174145469392,0.0734177111741282,0.0442454659515048,0.0518152904685968,0.0924683799497272,0.121804951934034,0.106259075804371,0.112927345048556,0.106516798786756,0.0624318585871916,0.0452947445922278,0.0762194858772256,0.119241377818851,0.148025771868619,0.148968033285939,0.155831162867329,0.191683427660684,0.186725304890478,0.128171285548935,0.0761411872453426,0.0571864930831317,0.0923702536693791,0.118981594051735,0.111600369819071,0.111102433075669,0.114387266924741,0.101820775007007,0.109645012036092,0.167281490080558,0.228392114026737,0.305699575459263,0.348475938750124,0.215769985702122,0.134812619076541,0.0899678799086872,0.0101181551114025,0.029343793210599,0.036342167448184,0.0271314378175897,0.00664220111070143,0.00467727114147018,0.00541286104525996,0.00412834404123946,0.00603269361718684,0.00715467486575307,0.0129739522683884,0.152129371961675,0.192760712591948,0.147865701492535,0.129621770677622,0.0947773883333707,0.10959120132422,0.0589649000238629,0.0715199199288087,0.0259864172309259,0.068149445407905,0.0878479552742994,0.0881194825429756,0.105881744043802,0.11313353758195,0.11378823919766,0.0869842094738368,0.053565172804612,0.0310213942061284,0.023405714349067,0.00468794404151899,0.00986674484631169,0.00934436447267638,0.0124134075977107,0.0560597333070526,0.115965402432742,0.0644718491400376,0.0450371825493861,0.102335944644262,0.108836662215524,0.078808894452927,0.0537906753998511,0.0556869417110051,0.0636873549465195,0.0745140988147496,0.096371463999641,0.125470594498425,0.122850708484875,0.0895500897826642,0.051553287279242,0.0591175726330109,0.0467358787363129,0.0537154628141801,0.0508376481943513,0.0115037104562522,0.0135912091449784,0.0798927371959876,0.0466879416108808,0.0657262557237544,0.0565254717157038,0.0843659915654393,0.0842691180663224,0.0816249546580871,0.0743503554674702,0.0538359851814715,0.0337010286028084,0.0130702066085876,0.0104535607278598,0.0225034771815812,0.0194549096398339,0.0121515704476839,0.00435640749740792,0.0021549470677584,0.00274428543541523,0.00666466706405067,0.010038271452606,0.0050492314278666,0.0190758959336661,0.0207138908979891,0.0495267155159366,0.0461878222896718,0.0354021976249051,0.0237351605625273,0.0187551037529661,0.00761122062571618,0.0176088627380621,0.0202751898820859,0.0249120256890653,0.0105723550125098,0.00532525519644201,0.0105168927791991,0.0235830800205503,0.00623519045421958,0.0200829652593546,0.0131837411969261,0.0489677431684178,0.0499591122607074,0.0217515008418404,0.0123360745844583,0.0546542258329214,0.00435274543334046,0.0104238544011258,0.0118778897813353
0.00430317415625838,0.00235076490989567,0.00455525448838622,0.00378604288764992,0.00367732121943375,0.00383482985881892,0.00215425009788905,0.00177964664957672,0.00171471810733071,0.00284512488588247,0.00631456763373053,0.0127569107869582,0.00386447533680119,0.0597566969144512,0.0228011130283638,0.112799274442343,0.119684460772392,0.0970080142707569,0.123755927496383,0.0994293955646431,0.31722426240226,0.39167053856998,0.401000306806686,0.427741404199204,0.317301337046027,0.142751578915548,0.331375770193365,0.360530194311761,0.291621650565205,0.23530892789897,0.0762419001775949,0.0752527355952642,0.141318392582581,0.207096242058201,0.225909033272381,0.220832362472152,0.0995735736230019,0.135133793698937,0.250841299151047,0.305306802078325,0.247136047993497,0.183167093812069,0.14461610431907,0.0896192666400409,0.155640837477988,0.249620609780165,0.314663781737087,0.394400217254841,0.501538054553971,0.64194240368699,0.644683574625812,0.62403373801144,0.526720910622227,0.0370686447996059,0.24577335581259,0.148563322607562,0.118688920642507,0.103752928742082,0.0652819020838627,0.0597263254206417,0.026545112945314,0.00657517908242402,0.00699312756521581,0.00780526934922153,0.0266272763679346,0.0285177601865928,0.412465305305573,0.356157893252216,0.24011347254722,0.088661775278015,0.118759199779973,0.0630976581969419,0.124958608983894,0.142841192544772,0.0432207336623768,0.109667798799213,0.105785762450526,0.058885853330298,0.131861209325837,0.186169495115473,0.199846162663316,0.111795684582748,0.0649112517287211,0.057282535206239,0.0488610693439501,0.0097853015954109,0.0394702499014811,0.0206916648892087,0.0460685274364324,0.0657791726949144,0.274953871019658,0.441476090522501,0.304709309770365,0.1724861737609,0.0971475563378703,0.0371236970504889,0.0294929309319218,0.123108824711507,0.125209309046519,0.135907633634304,0.0974110432348498,0.0545464220207439,0.117110160681313,0.160725992830474,0.103821870457298,0.0331344585767816,0.0985749848893436,0.107113787340334,0.0703903398603672,0.0306788948674549,0.117159693580374,0.176317942117829,0.153270580123183,0.110139682761129,0.126626463349341,0.127607423027854,0.0905601771450765,0.0950852028976221,0.0913962326398276,0.0800942427848297,0.044298720494098,0.0135860654178797,0.040515051702813,0.031154522169704,0.0357045508380865,0.016731162399647,0.00447227229828807,0.012385344658297,0.0137831827095089,0.00964499996801597,0.0292357732838796,0.0262775081429524,0.113249254539415,0.137398064773368,0.190046631394707,0.114952185996016,0.0928895595870114,0.0655089030128779,0.0637066360600239,0.0497795704395702,0.0655072985901498,0.0861750271933576,0.0984121089187113,0.0726570889103929,0.0533379700401976,0.0578182969943815,0.124989129982384,0.0616245490827825,0.0514823318800657,0.0474869332310847,0.0871429706041881,0.068196284540609,0.0838382127900254,0.0832380941580077,0.213589473300393,0.0419690411745765,0.0374154761799252,0.00491175893444376
0.000186367211483229,0.00026945719757228,0.000123989414374633,0.000199184762982382,0.000311917787072557,0.000204401753353499,0.000420863627769011,9.9699474029053e-05,6.34352016178066e-05,6.63943552992158e-05,0.000718577255138969,0.000832873900625555,0.00112077649081911,0.00166358177249105,0.00427514437462453,0.0102881815329513,0.0132118161143731,0.0128983998106788,0.00342588913182416,0.0060016972274956,0.0106449454000866,0.017649854441584,0.105158647816992,0.069163404141294,0.067860780909191,0.0423182212298945,0.0159940789429551,0.00576176643168116,0.0091416515697893,0.0196660010257407,0.0184106193124541,0.00777166832804098,0.0119654299775134,0.00330702628038721,0.00773716807615135,0.0068464865342846,0.0649920057737074,0.0839530579182894,0.036541997814189,0.0177471944116153,0.0735401854308458,0.0476180479126079,0.0424398373390156,0.0574114042067088,0.0252038674406443,0.0170145960972171,0.014569040071389,0.0282972940608561,0.054952277551861,0.0612459948674513,0.0582086264565067,0.0783459670665422,0.072674227471568,0.0607732258644937,0.0471666211958172,0.0324783205048185,0.0138297533694304,0.00928396593766993,0.00289724377741027,0.00552776052643363,0.00198778800064004,0.00123602165688673,0.000896822335037126,0.00398479367188638,0.00463359950192977,0.00732699952124354,0.0230249836544607,0.0517323312910654,0.0626646354090193,0.00828177555472093,0.0115497136650439,0.00882122045802328,0.0628154391366458,0.00554224680132592,0.0171363508822225,0.0142766419225037,0.00708526791068438,0.00974885604886097,0.0078713862507801,0.00578283240185115,0.00708258438754557,0.00934210243081568,0.00262478484740923,0.00210040187837731,0.0019567780915967,0.0019477130624835,0.00206507571218577,0.000575392102971358,0.00258864765644658,0.0274510581976485,0.0163472390035376,0.025339209695012,0.0267832291994718,0.00951353235434213,0.0118924758887742,0.0115538821663593,0.0128140913680673,0.0293780884246537,0.0130894750522499,0.011102033364613,0.00766015832065109,0.00678566836336565,0.0140708906731667,0.0369498968925199,0.0075199668011231,0.00240509301516814,0.0350143272850999,0.00746728853161722,0.00312678539734462,0.0219591911720538,0.0368920018030708,0.00752474500510408,0.00515954137899084,0.00291495507785836,0.00843396231467721,0.00487647738337362,0.0169940746287976,0.032149919934707,0.0108836025532474,0.0046566729539403,0.00434982809711909,0.00125144405730669,0.000974789619210038,0.00167990003866596,0.00272628173598114,0.00314881867447504,0.001347747970674,0.00112311839092235,0.000834190880383824,0.000289106501047626,0.00291170866577321,0.00936726296249762,0.0154302281629328,0.0298314669238883,0.048586233526834,0.0614749148616523,0.0651000733746897,0.0664886480008738,0.0417966897258109,0.0122220846887052,0.00511510063285383,0.0317696900980827,0.010556293278724,0.00489484198811186,0.00222491640503559,0.00396677384337208,0.00658295787878877,0.0097704616239552,0.00745869269920533,0.00403130278226376,0.0140741258108872,0.0442561991314597,0.0210503969319283,0.0207456760299824,0.017624095248278,0.00158182270636873,0.00376829791604126,0.00387461600816915
1.11168298293515e-05,1.15113945377126e-05,1.69684778774995e-05,3.28586317440431e-05,1.69207217530187e-05,4.90982123599616e-06,7.67395300855332e-06,1.20725942821835e-05,2.71943248589382e-05,8.84236046672831e-06,4.79229761533939e-06,4.67417026642482e-05,8.26919225219968e-05,0.00030231620717449,0.000603666775145985,0.000927479608237982,0.00207496986736167,0.00216575356276892,0.000474889086832813,0.00489066342338273,0.00400252575812947,0.00114484859637588,0.000727409916018231,0.000682839064854826,0.00114956708272632,0.00219835668229018,0.00515541563236192,0.00143291714655881,0.00222467080165763,0.00157491962602682,0.00180309033882002,0.00319516436758218,0.00224395456867653,0.00611583748983732,0.00302839558443735,0.0107365823913658,0.000803103353957832,0.00112270566128089,0.00148257435791463,0.00194655819150634,0.00140309276728408,0.00140122007359443,0.000777184558539985,0.000794087813726293,0.000433339777126492,0.0027492849337143,0.0023562911533622,0.000334858866209705,0.000799877691507768,0.00336054704444871,0.0038606958788931,0.000778069040189658,0.00103532348963278,0.000200015754499318,0.000223385155045712,0.000271470005244889,0.00023919853630143,0.000963415091880558,0.000146079768235637,0.000170518826587101,0.000430504024896541,3.52329726000308e-05,1.69133810790293e-05,0.000329382010871359,6.02815892442129e-05,0.000410007470101816,0.00743356384322358,0.00497574540169559,0.0201532619322681,0.0020372717808562,0.00201023738364696,0.00182941957661449,0.00255678136849379,0.00223300839036972,0.00232949239324613,0.0021415109178389,0.0031631268450276,0.00320715046661709,0.00131594203508863,0.00177129732242061,0.000804807360506171,0.000561960832674055,0.000194846142284712,0.000660596857267097,0.000552095673717953,0.000457559240023257,0.000217535205476409,0.000225811908177906,9.33165793878344e-05,0.000254030077555723,0.00268024213115883,0.00108222255900785,0.00640291772163555,0.00123247429092057,0.00335445248919016,0.000726913163315546,0.0019481389250387,0.00251989198289166,0.00363400349441912,0.00527905451455105,0.00342896549401655,0.0020352779577947,0.00229325943575728,0.00188190067874908,0.00115518936817521,0.000799935884461799,0.000499724002335583,0.00164045983561025,0.00105545245413524,0.000783844474379799,0.000469365082922314,0.0011323284534121,0.000954549705057461,0.000466879450129693,0.00165215587961989,0.000922444545392508,0.0018222128512225,0.000191819625566255,0.000260730144555807,0.000124524075064829,0.00011788585242902,0.000875533453697188,0.00014807351650198,9.27808986181491e-05,0.000429382026342203,9.46725797775865e-05,1.88973205716813e-05,2.16183328958858e-05,1.54773929345733e-05,1.52652927901142e-05,9.47719135361975e-05,7.10911875371957e-05,0.00058648577053727,0.000741747128898172,0.00161576846684758,0.00046381115210949,0.00322979713936895,0.00294697842104792,0.00127301156780996,0.00244196427996079,0.00362621155693046,0.00165931925066476,0.000605944971763175,0.000189931678844417,0.00230350676968609,0.000335391658895264,0.000600054179758128,0.000743982349540548,5.28290095235317e-05,0.00024341751065827,0.000414632330601567,0.00074330457193538,0.000602893866180106,0.0013551634964494,0.000232957834120855,0.000678841263661383,0.000152922760179572,0.000858659810453284
5.27863742282199e-06,8.22135730252418e-06,1.01299665407506e-05,1.29466632234175e-05,5.75846938078522e-06,9.75161604088276e-06,7.00835898103168e-06,8.35313647435804e-06,5.56265077192687e-06,1.33744262547475e-05,3.45051539294892e-05,1.47883267858077e-05,2.3654118471449e-05,0.000555466519424942,0.000159967671173856,0.000179282336572187,0.00147171982206147,0.00134833437583449,0.000414935507143172,0.000434688075958743,0.000451861344729867,0.00136881897438926,0.00111789561416258,0.000521594570210004,0.000577031092384076,0.00107990542357373,0.00109593246888783,0.00158277578850229,0.00117573486125681,0.00341807006088625,0.00445981403884172,0.0121236938810839,0.0142753746086775,0.00926697166754047,0.00170837413073859,0.000434388737226531,0.00289849815088031,0.00160456199403331,0.00651221731989652,0.00380317392635896,0.00128650599976201,0.000572923277107809,0.000540087324694226,0.000645609086902033,0.000629525228959635,0.000295691432162962,0.000126063047284217,0.000626647386708532,0.000219128944072989,0.000211090830816146,0.000927040875932511,0.000208347604647155,0.000121151024709826,0.000104937910649512,0.000150281592226261,0.00028345102128431,6.61132468629819e-05,3.2432194734315e-05,4.53088800564715e-05,1.52038606675657e-05,1.14678499351754e-05,4.38164041140415e-05,7.53365376995834e-05,1.69017294681045e-05,2.12902961590073e-05,0.000189479798796119,0.000216880687836397,0.000662870899701574,0.000918658964023919,0.00808428577462711,0.000522031820891545,0.00102785857270954,0.002216395922341,0.00196003241063342,0.00361248932763781,0.00371418148267749,0.00831196697405838,0.0064391758815607,0.00262217304361123,0.000322779418772805,0.000407135630086363,0.000277989314259786,0.000363374981685796,0.000223414153710158,0.00108040646020244,0.000946851046316462,0.000248376410421236,0.000247897105612905,6.4636093439464e-05,0.000269825711819742,0.000442652168916457,0.000206952227260601,0.000588425379031346,0.00784270373291408,0.00144484303929754,0.00178688885989449,0.00333767813494986,0.00153432688610004,0.00197405733913304,0.00114191817691075,0.00268440440783845,0.00112733417729014,0.00116182669802436,0.00299500049782835,0.00138617282863762,0.00349700069794986,0.00251565271251413,0.00628015433759574,0.000570371398699581,0.00578819515332511,0.00402941929642913,0.000443123402850056,0.000353302575139987,0.000198926108419797,0.00010493727645581,0.00043167853925615,0.000101529206213242,0.000784370500445461,0.00193798231943253,6.89858881872678e-05,2.67640249801893e-05,3.05649171845484e-05,3.9555597532307e-06,1.74866810423062e-05,8.39752463238539e-06,9.57072542373682e-06,4.8343830556661e-06,7.22334544008496e-06,7.13320100598112e-06,2.07467662414644e-05,9.29084338017275e-06,3.62075656126676e-05,0.000121402919322568,6.38304364471254e-05,9.04132774379139e-05,0.000114762572344108,4.30712799335022e-05,0.000120420152059522,7.90243172231116e-05,7.81762446260826e-05,0.000125144619438696,0.000281286384605114,0.000130029695988751,6.78597738973583e-05,1.85938538772595e-05,0.000105034942881868,3.56757363821171e-05,0.000159251048276313,3.86495176653622e-05,0.000147045250787626,0.000306176133232686,0.000119251536447138,0.000228249603848082,0.000312954349859032,0.000111331811486823,5.60160638480518e-05,0.000580295657260567,8.86270657318391e-05
1.06314984052971e-05,1.46776230404997e-05,1.5860440742489e-05,2.46811459604744e-05,2.00758394869514e-05,6.5558782646518e-06,9.47433548470725e-06,2.53708460143599e-06,5.04938672099986e-06,4.93968562062878e-06,1.23076405809148e-05,5.5599882221416e-06,3.3929935672653e-05,0.000712533416423704,0.00167730660410103,0.00174045993720074,0.000659806127802387,0.00233027386641924,0.000348658386115264,0.000941626351634282,0.000271245507450645,0.00116037809466324,0.00026254265108697,0.000115158065625805,0.000665312083232183,0.00075971485740385,0.00030911765048827,0.000863569923944268,0.00095286349087103,0.000888549516144558,0.00895813621929641,0.0035834664280197,0.00323912625020492,0.00283791166531455,0.000674870346403156,0.000461041426226047,0.00165682921333456,0.00271589815119102,0.000514189304516739,0.000272995649718665,0.000557285828210339,0.00231619726152782,0.000167210557203032,0.000242174609877408,0.000482851451254404,0.00122190033343551,0.000333429052550896,0.000549578622812351,0.000798329031042442,0.000215806618053033,0.00131536750292039,0.000174427421025446,8.42602319933064e-05,0.000518468542586438,0.000268307193946231,0.000104544680475419,5.87737680434145e-05,0.000106732914692714,3.11960557328028e-05,2.28104592312571e-05,1.51552257523226e-05,1.23183256053619e-05,1.40402778456875e-05,6.83385066462949e-06,9.58996648595793e-06,0.000175187438924074,0.000250236540126109,0.00198686967511516,0.00337748433085411,0.00059197985717693,0.00474974476233416,0.00776410349189452,0.00102583063415808,0.00141990761590585,0.00227455510000904,0.00919537712991843,0.000670877733203782,0.00245047615871021,0.000260999986652805,0.000935526925109428,0.000761056430861305,0.000223527056826203,0.000271307744662894,0.000550094673087344,0.000172801306805839,0.000143351315028526,0.000105879064726364,0.000206866595736805,0.00012345207332037,0.00014466028587559,0.000272518528240314,0.000295102457594004,0.000465844403633127,0.00112189625961278,0.00463583821485815,0.00520949398310642,0.00635220385458281,0.00860918551469207,0.0127812765896751,0.0105034602031255,0.0108604315313632,0.00101917711314893,0.000729067643948933,0.00479881018173253,0.00224654604127981,0.000232978489540621,0.000892881114518292,0.00107736086254674,0.000768730898106146,0.000417741593163924,0.000387559888483499,0.00213434410309657,0.000309519751259048,0.000559147866305417,0.000317824337950969,0.000630098557955002,8.26232124685916e-05,0.000793635705292365,0.000301895291749949,0.000199796143359559,0.000139776317929363,8.78189991241727e-05,7.90294147525974e-05,9.74342727915903e-05,3.72333314237015e-05,5.81506422489444e-06,2.90205343483648e-05,6.76404864691938e-06,6.81127473893197e-06,3.52704461415321e-05,4.32026665143165e-06,1.19942459856684e-05,6.2247267564004e-05,0.000144919240855638,9.62746095469185e-05,2.32777528397877e-05,0.000137700838588066,6.46996930355899e-05,0.000112182570762625,3.98691810598672e-05,9.5324029500249e-05,9.32574264837756e-05,0.00012269059168009,5.57757034557793e-05,4.17858811058871e-05,1.45436678411337e-05,3.07108987985845e-05,5.26668417874776e-05,3.02244733673544e-05,6.98983474254757e-05,0.000121687070334911,6.56845866763622e-05,0.000201771822343698,0.000373279767149719,0.000124695914061255,0.000324505163628965,0.00018364082428502,0.000611501134414812
6.79141956080787e-06,1.23765207982269e-05,3.28220271011234e-05,1.21102202508546e-05,2.30510171020132e-05,1.06815902243904e-05,1.0888528246034e-05,7.70488208307893e-06,7.61494990747619e-06,6.59800772340403e-06,2.90636891162464e-05,7.52135654783267e-06,1.07157464229032e-05,2.66364526191179e-05,4.66575268755841e-05,6.36945826458452e-05,0.000355194550609585,0.000138878477910887,0.000170651365777199,9.56219555146398e-05,0.000104307735730698,0.000118294772816308,0.000100020858943557,0.000170093006281543,0.000689229160279074,0.000723045052215009,0.000369474395739898,0.000464118536578725,0.0016917211336963,0.000322887650605987,0.00013791308808824,0.000504630924394896,0.00292492451286967,0.000643089540534359,0.000709606839062504,0.00103711599159724,0.000375210129706874,0.00137684640145317,0.00163571621853082,0.000875909633466682,0.000912151772621644,0.00130861307528401,0.000534206022488894,0.00119094542867761,0.000305677050307992,0.000452198616634218,0.000191666407986879,0.00101672649873932,0.000616571965350076,0.000174194077257245,0.000332278479542952,0.000533241252867849,0.000190963116981601,8.84797889624144e-05,8.95906253547476e-05,0.000149545689333361,0.000120027696764201,0.000110277011446677,8.27204379740643e-05,1.84139490851095e-05,4.8907278340478e-06,3.8755330168726e-05,2.32246344063651e-05,8.23610221837837e-05,1.52863414114035e-05,9.93894504507922e-05,0.00118438089254652,0.000548209853478153,0.00307629204304786,0.000997495574632406,0.00172816430574957,0.000339856347351045,0.000489336138799939,0.000879100070599467,0.0021110814942772,0.00126122832485756,0.00129086092849507,0.00350568884735277,0.00473355115577635,0.00523393604898729,0.0045623072026813,0.00165232601245085,0.000947235879776006,0.00116188093728184,0.000356253737426256,0.000279521997130565,0.000506418274836727,0.000243635890735312,0.000123386143799067,0.000595186299408091,0.00100341952508906,0.00111055088464242,0.00332056423677717,0.000419542581367511,0.00104113359986677,0.00170109781631954,0.0024068987101869,0.00273784101178148,0.00174298515137124,0.00253872521815827,0.00114460551963356,0.00206838045530335,0.00192091181301323,0.00209619087867003,0.000772096184735046,0.000414863810392312,0.000624963461061623,0.00126392030659172,0.00032710650293047,0.00106405063501442,0.000732944741880046,9.639558261403e-05,0.00020193492861702,0.000224649541847642,0.000102369591736895,0.000124962407553555,0.000128206758100966,5.1941662144473e-05,3.14511235597165e-05,6.98811878318678e-05,0.000212864788561559,0.000246808833382966,7.33056322169454e-05,7.66811961027118e-05,5.39502479141137e-05,4.83641378155123e-05,2.83947214843966e-05,1.29375377750139e-05,8.23377381043993e-06,1.54319332903654e-05,2.15348985487456e-05,2.2233256746209e-05,0.000137809084978898,0.000218620106810003,0.000294471014138606,0.000164769993778357,0.000128235946298611,0.000306165723006635,0.000144108287752232,0.000117006611240219,0.000177300111514549,0.000123074622919081,7.36322164494272e-05,0.000159199361310717,4.05425922112278e-05,4.534650989453e-05,1.31377692325869e-05,4.00233446724039e-05,3.50358053006365e-05,6.40376309451429e-05,2.9799194613571e-05,0.000119186991996472,0.000177895405912818,0.000515806341506761,0.0001103001056275,9.91978209619431e-05,3.94349852629116e-05,0.000120700319578912
5.52481696100071e-06,1.45304966747152e-05,1.65537753475034e-05,2.38251194080712e-05,1.39752834773697e-05,4.26771447918834e-05,2.01453010653643e-05,1.73398795405956e-05,3.81472530289193e-05,5.88997600477219e-06,2.02996578014269e-05,1.41248106915554e-05,3.11590108142633e-05,0.000117362665551971,0.00025336139957356,0.000303972082390822,0.000500180511321987,0.000150161383715839,0.000136770547825072,2.98983460173327e-05,0.000190739953134147,8.62164717041236e-05,0.000186155815652728,0.00018958383687155,0.000340452026486974,0.0001900927843359,0.000305625238131391,0.000513209066956641,0.000554206490252016,0.0004486238110366,0.000880455049687967,0.000177306671197491,0.000334981714030859,0.000454282806437606,0.00114882314797479,0.000274281897374985,0.000297785949961607,0.000170723442100784,0.000136070972480506,5.34711088610116e-05,0.000150173624374296,0.000117700964293256,4.94896291500733e-05,0.000275003854096055,6.63894889143487e-05,0.00011537659461446,0.000244378831701538,0.000217292950206252,0.000329091332928303,0.000418139672336666,0.00114412331757133,0.000807773553298697,0.000463573487631417,0.000294084913094964,0.000251499504733804,0.000273055302127665,7.95355225836754e-05,0.000469336644732743,0.000110306715384314,3.96720429793619e-05,3.05131486203421e-05,2.5203518009326e-05,2.98384963307335e-05,1.63759819187283e-05,3.17077214381577e-05,4.24307990993883e-05,0.000354252359324983,0.000784373586229887,0.00216745014138891,0.00127896302726695,0.00251692214938227,0.000436575282765889,0.000969321788753926,0.000988612787470842,0.000438029143768218,0.000509048537366095,0.00071751379188118,0.000654989911724959,0.001718736830872,0.000664634781200503,0.000439629049196874,0.000283887135208701,0.000144064892554441,0.000214139739159117,0.000157353100285618,0.00038324296958218,0.000250874720262966,0.000105819529701726,9.17358080082705e-05,8.9310492503047e-05,0.000557648061599545,0.000227409259543473,0.00129740466980564,0.000610113623091719,0.000816634964024524,0.000905202460650696,0.00143133388330211,0.0011278596391906,0.00130152712447407,0.000956389319344612,0.000518225057779937,0.000849088687448113,0.000324513685824049,0.00015620117541463,0.000209156637050105,0.000321260157197634,0.000227494061038471,0.000109274446264859,0.000134329291078617,8.3755458547849e-05,0.000111269903278951,0.000122164048478234,7.45826651509261e-05,5.72123796649615e-05,7.08594341962912e-05,9.38600353633431e-05,0.000119666176050339,4.48827443549427e-05,5.25955364025221e-05,0.000117699561438207,1.34302283591397e-05,4.18577203002733e-05,1.52098564136499e-05,8.06956173542933e-05,2.25927628544638e-05,5.47291222505311e-05,1.68260755297127e-05,9.5862001990033e-06,6.99724868798608e-06,3.51922813091909e-06,3.01779554249402e-05,3.65289775320295e-05,0.000246014142141015,0.00025898564231811,8.3619137003759e-05,6.50576025362413e-05,5.27838071373456e-05,0.000352254165623997,0.000157872736606511,0.000147803010615331,0.000273037895943201,0.00037436587963588,0.000473097418139521,0.00052632687232762,8.74967533973586e-05,5.46549772277945e-05,2.36692962351799e-05,6.10123251537564e-05,5.68755755450234e-05,5.09478325951546e-05,8.66235157246033e-05,7.63269526653476e-05,0.000282999071154839,0.000327451411823021,0.000111300523587049,0.000164366255414101,8.07240657997101e-05,0.00030336065957107
1.24545920384602e-05,5.01345630556312e-05,2.69996090650838e-05,7.18289476369336e-05,2.36470512701698e-05,9.11305634140126e-05,3.76394284932677e-05,6.97277269094707e-06,1.19042674906298e-05,1.55422015195268e-05,6.8515229832582e-06,2.27623439546114e-05,3.11796087491261e-05,9.84023583212618e-05,0.000270530612153009,0.000317478837896977,0.000179427755668982,0.000698100079210074,0.000214780825411229,0.000210019770267196,0.000308213916036819,0.000206373919770333,5.66537050796584e-05,0.000325252302696846,0.000589290474627223,0.000845834882974488,0.000604724947968891,0.000380298769682452,0.000295231276824791,0.000710151560372521,0.000196328156724736,0.000771636006757201,0.000520612380253555,0.00114685408226059,0.000275010649831311,0.000482266956391595,0.000745265957963907,0.000378901289412541,0.000542770538899853,0.000210210723313554,0.000208571432304365,0.000166062212648984,0.000200361271260723,7.48806167538045e-05,2.43257919753501e-05,0.000255300068856331,4.41238476107243e-05,5.5812346413046e-05,0.000250368825509729,0.000181106308311727,0.000407271188082481,0.000635989098865461,0.000447623517622312,0.000118125211581761,0.000246423406340197,0.000278747985334557,0.000145095102329187,4.9217065162419e-05,0.000247470729091984,3.74031392631079e-05,1.84633057462214e-05,2.94068406212568e-05,7.78544183587411e-05,3.71035486272735e-05,5.9693237405326e-05,0.000250673987310403,8.71424287309934e-05,0.000268718132008479,0.00111007252913083,0.000532086522800011,0.000985823393358865,0.000411164658773951,0.000815326157586138,0.000501214115297921,0.000682808579225974,0.000323417386890661,0.00117026890381897,0.000341769899963276,0.000295740066447321,0.000360351976619025,0.000354178163745159,0.000113076640559898,0.000266164845230562,0.000143355336557774,0.000335814865623276,0.00022160044047638,2.84503297079828e-05,3.86358967803717e-05,2.15126877252077e-05,7.34505963106473e-05,9.83410754336329e-05,0.000132161757607475,0.000274812313515012,0.000740233969955357,0.000380684156384628,0.000404163426583834,0.000161266523576605,0.000361854582169529,0.000438228732091607,0.00138807862536096,0.000533545889386,0.000303740648509799,0.000216516807035138,0.000280924551670906,0.000190832340169282,6.41743262684846e-05,0.000140610621712322,0.000305424200369266,0.000181906790464877,0.000193669516232984,0.000204351552950606,0.000147158517318111,0.000165972254703236,0.000123920852193644,7.76412027307205e-05,3.19642316300729e-05,0.000105291123845693,0.000103596750572965,0.000149303417873475,5.30498515363504e-05,4.30066597055626e-05,4.08933671093184e-05,1.54074219700961e-05,1.74874554213837e-05,1.8067909903178e-05,1.94076163845388e-05,6.48592650095452e-06,1.9646244683921e-05,3.58258082192427e-06,1.08983704992334e-05,1.19063921983174e-05,6.87893641682645e-05,5.77310921956647e-05,4.20215638357079e-05,4.55441649180959e-05,0.000117091103981731,0.000144670835834822,0.000552205847996305,0.000118683906763832,0.000126118692046353,0.000278331566317647,0.00031303556371324,0.000188928496908061,0.000574880189579205,8.97275298051383e-05,6.7060037296899e-05,0.000146202872433232,5.45344891072486e-05,6.68850207301728e-05,0.000113172907139486,8.80341139346564e-05,0.000218318162025586,0.000463115462760374,0.00192451865638798,0.000790472352183572,0.000398011468433997,0.000210235767117923,0.000707312152625216
2.12035858029693e-05,3.73173144573691e-05,1.43151062039053e-05,3.03670818694836e-05,4.73262087592621e-05,5.79122810527969e-05,2.32892084921298e-05,1.65160546619964e-05,2.13681657172835e-05,1.2754616496327e-05,1.50334735392355e-05,2.80286310949243e-05,2.92223590605155e-05,0.000138289868072258,0.000157373387651733,0.000322336438470028,0.000386219192788298,0.000182709551811844,0.000133835683510131,0.000143460269882149,0.00012538654451505,3.61840850251359e-05,9.46458361720653e-05,4.88350844805623e-05,0.000133028813628778,0.00023173087598816,0.000274232085990545,0.000810457412828471,0.000435311572045452,0.000693332273326805,0.00075627423017449,0.00111244705074209,0.000451836046996807,0.000909590170917077,0.000274027371174481,0.000219310036464977,0.00024643226598874,0.000480677479508782,0.000317462114823757,0.000139984397878873,0.000597520540257698,0.000426714043268256,0.000291066786383871,0.000305006353186851,0.000215073584487579,0.00018411353522429,0.00020124489395852,0.000243923575292374,6.57326579365031e-05,0.000725141044223881,0.000697665191356919,0.000500529342117331,0.000245636054531618,0.000318838223713591,0.000299840281678945,0.000133470275180375,0.000312423406943147,0.000177910223666982,0.000122078026769538,2.61168732398781e-05,3.96051383021251e-05,2.5988149075201e-05,3.31498183187102e-05,1.61567919977007e-05,4.18124781924451e-05,5.36981489059767e-05,0.000104300795952713,0.000370004937621964,0.000509819099249077,0.000695610443951755,0.000432739635164851,0.000462988874841621,0.000307234169620513,0.000354889935767493,0.000881617973248072,0.000429651026288623,0.000656648914539788,0.000460806638335645,0.000282894919725735,0.000583649671158202,0.000167948061349911,0.000639645116238393,0.000558579649044113,0.000153136315396896,0.000295157391869607,8.97409435698208e-05,7.50668993599329e-05,4.47747622270271e-05,0.000112083844969999,0.000218705224111509,0.000114352870162335,0.000120666972101122,0.000528442032470645,0.0005278244794026,0.000709376867374919,0.000281980999681703,0.000500821418740315,0.000358036917101683,0.00116129015026063,0.000572487886422372,0.00023188960703589,0.000335761744861173,0.000304999108392618,0.000424991104463342,0.000303397079996683,0.000198264504153145,0.000126084588592708,0.000175762812301807,0.000146626489008588,0.000323890999508527,7.67256991676736e-05,0.000295748238084264,0.000240549214456125,0.0001237297968547,6.77119937381756e-05,8.53429709900647e-05,6.7982411096593e-05,3.62207586824203e-05,6.35622730991736e-05,3.73819778605644e-05,5.35382588717896e-05,4.04217998448694e-05,2.45459450756266e-05,2.0277431598089e-05,2.48141169319312e-05,4.24286525113554e-05,3.64146962070736e-05,1.29364931365748e-05,1.37951918693604e-05,6.43569717003886e-06,1.07971219889354e-05,6.8795976233131e-05,2.94506119489862e-05,4.08941359215679e-05,9.77790370463709e-05,4.53397916887037e-05,0.000142599901970462,0.000202399540506636,0.000268917761753602,0.000193220658633659,0.000396849540834303,0.000193946731569169,0.000238418322380649,0.000183334426621324,9.47933807378701e-05,4.49435566625193e-05,0.000128213756187601,4.26744303521537e-05,0.000108594160650285,5.18943106271306e-05,4.52459735211126e-05,4.11618966494869e-05,7.55803567848229e-05,0.000695860206577851,0.000120563398770553,2.87907351401024e-05,9.54603270589791e-05,0.000278961566548494
3.55753056897865e-05,1.60238600007193e-05,7.17919541564257e-05,7.02322466304143e-05,1.55216870650502e-05,4.97621863892013e-05,2.56277575421371e-05,5.39628875015214e-05,2.41319451714474e-05,3.43438712682547e-05,2.73180185023364e-05,3.14874785357984e-05,3.71600707873581e-05,0.000102304177000725,3.22483593496464e-05,6.77696561701955e-05,0.000109281028616526,4.13331769221309e-05,0.000185754952094382,0.00011125307431918,0.000226363608952548,5.729293925339e-05,9.76073736519183e-05,5.40008204864567e-05,5.43585307291876e-05,0.000101293445372216,0.000160481782551563,4.13682067127801e-05,6.10233623176066e-05,0.000412023160526479,0.00040417759277031,0.000957206617258437,0.000378110422116347,0.000288249746490181,0.000304799664429099,0.000448133917446526,5.85474070823638e-05,0.000503283311179373,0.000142062452158029,0.000139401040137775,0.000176509184233897,0.000335581155856883,0.000109648309220312,3.53081617224779e-05,3.48642655606673e-05,8.6408552509183e-05,5.49981445426661e-05,0.000124988342882867,0.000204113967537499,0.000601659401097772,0.00130050494173559,0.000546017575675141,0.000940492513364562,0.000580901403968744,0.000312218545928047,7.94600189749315e-05,8.47515269660911e-05,4.33619604771767e-05,3.84056309837934e-05,0.000137158413222974,0.000187421392201322,3.63000127666478e-05,4.11778599964713e-05,4.39189229485808e-05,4.58295821522859e-05,0.000103969229901907,0.000121367274077947,0.000525636942923032,0.00106969955559404,0.00072787649134444,0.000628558287281641,0.000261616664895967,0.000495942287303001,0.000318533189983642,0.000648636569198514,0.00049323209775418,0.000795163572751828,0.000324697475006952,0.000494306064986567,0.000441322335090945,0.000334422601137923,0.000141469228079158,0.000281172638228174,0.000331897994867602,0.000172331114606145,0.000154192708582085,5.80574027555285e-05,5.72124644905401e-05,7.68660584509976e-05,0.000161077457101582,0.000180461446498013,0.00024755420291071,0.000694115089179727,0.00029599639852567,0.000317432878871339,0.000169274130576004,0.000122603339377477,0.00041032550719642,0.00016771857235412,0.000154070017639323,0.000329749968065802,0.000220971188775164,9.52508982753278e-05,0.000122123062088706,0.000397393157028007,0.000124884002274825,6.62774227900106e-05,6.05166765749964e-05,2.81181757832894e-05,0.000159218091870664,3.66035270483606e-05,9.57111097264767e-05,4.08886692128892e-05,5.65277938028383e-05,3.89948186178316e-05,4.80732649369075e-05,3.78923753153901e-05,4.03467362769538e-05,8.68293968241724e-06,1.44065225568575e-05,6.73252632970677e-05,9.40883586985796e-05,1.2581790100651e-05,8.01052402839374e-05,2.76648295446646e-05,1.84491995046469e-05,3.92124326640663e-05,4.30936908338572e-05,3.68177436495351e-05,2.01719973831179e-05,1.29918842426024e-05,3.58881823091194e-05,1.12708348437912e-05,2.02125631740503e-05,5.63735207331579e-05,7.26375762893347e-05,0.000239609145260833,0.000227340994642715,9.56411511607631e-05,0.000137689672065643,0.000253681559988254,0.000414585069408675,0.000375723296641794,0.000128443761628814,7.6602168010883e-05,0.000104658795883189,2.42816605358089e-05,0.000100966871161421,4.77237021494966e-05,4.97207810459693e-05,7.85147321154702e-05,5.25219784393912e-05,0.000227143809863964,0.00035608436008033,0.000215449761182756,0.000132800674306433,8.28629231820692e-05,5.0607184198143e-05
8.65772723856172e-06,6.64114353511167e-05,7.04399641135207e-05,1.16463157517261e-05,2.57946562395098e-05,2.61137112241309e-05,3.02086579660719e-05,1.45229819108627e-05,3.13663972482637e-05,1.50210007273485e-05,2.73559496117702e-05,1.34327440290383e-05,3.36607205298624e-05,6.29194396411674e-05,7.11120079233391e-05,0.000119519741512982,9.77099809035433e-05,4.97937188852843e-05,0.000288085246030781,9.30453644268159e-05,0.00020876233149572,0.000140773307517549,5.04538927861091e-05,0.000106725187741837,0.000159478006552478,0.00021148539254835,0.000393668123438229,0.000103440910312859,0.00018577151781158,0.000283320485975417,0.000145056326047242,0.000874891814117955,0.000218875375126502,5.71453005501578e-05,0.000475643299269711,0.000148425152664615,6.47107530289275e-05,0.000131427901236612,5.85159741117147e-05,4.16474789026346e-05,0.000163992171459827,0.000114166319295756,0.000181707278482587,0.000209829991984981,5.13411362747491e-05,0.000138259138073235,2.22502063080162e-05,9.61310238048267e-05,0.000300715981176173,0.000598674071107458,0.000784350448142482,0.00179921566600859,0.000680371219004452,0.00025298445719279,0.000188615792640571,0.000216219822621002,0.000184925928887016,0.000130337901416649,8.68839357595478e-05,9.01404955238822e-05,5.01542137402513e-05,5.25776966336287e-05,4.97075119293731e-06,4.26906016566941e-05,4.90032160604723e-05,7.97175210124757e-05,0.000389440915592487,0.000989543295459043,0.000196478631807469,0.000569957081053377,0.000278121615784362,9.10889241154758e-05,0.000292009298706274,0.000343412682102986,0.000229872719431064,0.000527980904934284,0.000203358498204642,0.000148947977746163,0.000102018120637602,9.66358173193427e-05,6.18346127046303e-05,0.000183135033807118,2.51144541504446e-05,5.43157516831509e-05,7.28348783532431e-05,2.86351741791719e-05,3.86551275262563e-05,5.57356886888609e-05,5.90005223232616e-05,0.000155566895762537,4.56804923676578e-05,7.38528416157967e-05,6.71818317269564e-05,0.000162166142850114,0.000471172458714091,0.000323708924517744,0.000197736514228977,0.000225206793987047,0.000554996847682247,0.000559733869395655,0.000321535324934269,0.000350136391197307,8.50782672186994e-05,8.14428088463313e-05,0.000262289358411514,3.05005822266128e-05,2.27886527653679e-05,1.07464037409887e-05,2.07770276122009e-05,4.83496070456794e-05,3.99354152353365e-05,4.65649904553093e-05,3.02326604733536e-05,2.63997857586872e-05,1.56931338946862e-05,5.45626230525077e-05,1.95287009717873e-05,3.34355234594547e-05,4.96806801734767e-05,4.59281976653743e-05,2.2352911938674e-05,4.23244312444415e-06,1.84403669408483e-05,4.83790736549241e-05,5.3724939580882e-05,3.54390058857268e-05,1.72390746702402e-05,1.88384887110958e-05,1.99408222965939e-05,1.05350591193235e-05,1.38732137024799e-05,1.3497165498584e-05,3.79338983269125e-05,1.30152562982211e-05,4.06738903738924e-05,1.8099545232607e-05,8.9229601355635e-05,6.58085300280893e-05,5.20732038731049e-05,8.00941070855857e-05,8.13959001578494e-05,0.000175734490759321,8.87104627069491e-05,0.000178348397236409,7.80660956238609e-05,5.2621767420936e-05,3.06638340112212e-05,5.14488398948816e-05,5.39046656427042e-05,6.14029403966395e-05,0.000171575740492752,5.72826190792242e-05,0.000375170933657728,0.00125093059984728,0.000258154635443617,0.000189699716366521,0.000242358347166725,0.000161749353602963
3.86826700047367e-05,5.9611657118816e-05,2.91316722167341e-05,0.000102868316604432,2.75582876390714e-05,3.55768774445094e-05,1.89133230427241e-05,4.18257517430738e-05,6.16797708296064e-05,6.42799113180832e-05,0.000113438584689593,3.93807812278386e-05,2.68288825262224e-05,5.11734591845821e-05,5.03175402446203e-05,5.65943275199058e-05,0.000384369303468007,0.000298845601702284,0.000274216389734233,0.000464338115072036,0.000202903372458771,5.71376347296057e-05,7.02823371478704e-05,5.71422133540635e-05,0.000229500228682263,0.000166800824572593,0.000149156399084474,4.65124413183528e-05,0.000510957191395471,0.00078361228927542,0.000397372009700474,0.000532435510660081,0.00313794646809284,0.0023707369848485,0.00187685241756179,0.00133880656022659,0.000902075534655037,0.000580335681882296,0.000794082881434939,0.00020034647301849,0.000244213672281608,0.000111683446785424,0.000118470922882958,0.000224935076154295,0.000100366907232954,5.23763522855643e-05,7.94356996767099e-05,0.000207869024306443,0.000342918089702701,0.000509329265740209,0.000371674934696903,0.00027352687270584,0.000165854305658869,5.86287474452598e-05,6.3009055938882e-05,8.83557932997915e-05,0.000144520643152807,8.26599081386121e-05,2.19845250550197e-05,8.017494274276e-05,6.59936905748511e-05,5.37929680532505e-05,1.17690268209638e-05,0.000170559117432137,0.000252134034310385,0.000239692617702164,0.000931249067592702,0.0023847258957777,0.00238748572385238,0.00116330072416742,0.00626584054645875,0.00171606673497904,0.000842086062685166,0.000626810077798679,0.000849776647316408,0.000504509062141926,0.00118400128484826,0.00152262716797105,0.00230311727524909,0.000384171649304771,0.00131380481528622,0.000813749541575031,0.000980157625332412,0.000253571791845898,0.000249117243653969,0.000315119373005386,0.000317669531691229,0.00023735354941907,0.000352059146189659,0.000521513367592255,0.000288284207089684,0.00104701294054147,0.00170750757727428,0.00260871793884151,0.000375454062878098,0.000795592944820767,0.00127693902857672,0.00194499932056024,0.0030591584870664,0.00331711706047257,0.00163195507967085,0.00151613215695002,0.00084373331462739,0.000749448146644887,0.000768403125016195,0.0004027366158118,0.000265508283376193,0.000246409563517211,0.000268940781480055,9.95130293827254e-05,7.80005962495267e-05,5.31863155455292e-05,6.68907098707001e-05,3.8528988002229e-05,4.51804519460161e-05,6.22240301932204e-05,1.75612219360303e-05,4.93251144993419e-05,3.07145576505509e-05,4.09206235711829e-05,1.7102966083722e-05,3.43134834145771e-05,3.13204226146664e-05,4.7064406609084e-05,1.77704793899501e-05,6.26966623595356e-05,2.12174783050692e-05,0.000102082523706822,3.28573086625194e-05,5.15256231923674e-05,8.67230597902102e-05,9.64079484609418e-05,0.000152013249682835,5.79705600561724e-05,0.000110094873618824,3.59011746980651e-05,0.000135133352385808,2.69638190042007e-05,6.20357340615409e-05,0.000150761712134087,3.24191530058761e-05,7.39310670641079e-05,0.000262649126251992,8.26091469609149e-05,6.93503081040929e-05,0.000145973319064046,6.03198016970224e-05,0.000146919951143939,2.18116174441696e-05,0.000166157373279903,0.00014106775544756,8.4952902561962e-05,0.000404790447533617,0.000254229597929152,7.98968063097763e-05,0.000130146951455608,7.71615506738806e-05,0.000277508157887371
5.78110572058281e-05,9.23316144827604e-05,4.75583311511377e-05,4.65921641688374e-05,5.1107122142573e-05,7.1089955760178e-05,0.000131969290211468,2.81225209068356e-05,0.000109217015021459,2.35628712372969e-05,5.30662055842365e-05,4.75281972391993e-05,5.84390061282508e-05,0.000164540960832688,0.000566954849979776,0.000243493583306273,0.00139306753383387,0.00206631442449986,0.0021560317112504,0.00282864246337225,0.001220840663684,0.000662036033193999,0.000364550002339918,0.000110188495431337,0.000243530125330072,0.00036419017518827,0.000310847097449517,0.000519400544401969,0.000302913203025403,0.00347040624195717,0.00152421268872225,0.00174442453459863,0.000630013011979131,0.000759412358197919,0.000784225674148583,0.00252734549171359,0.000621505058448145,0.00046198193918301,0.00107357681810239,0.000774565940745133,9.18280363158518e-05,0.00022043840525214,0.0001342589561027,6.7581837060607e-05,0.000157609469907168,0.000137425234130009,5.8060032780072e-05,4.46720449058842e-05,0.000276006404338761,0.000257074160727581,0.000277756760855095,0.000615668642340864,0.00055986274722529,0.000282447287118847,0.000443311594851578,0.000130815742443572,0.000217656659554878,4.24700358967677e-05,0.000142136632106623,0.000102850000982556,6.00672009474888e-05,3.91517708449997e-05,8.20354914323739e-05,7.76428228228168e-05,0.000151548194259939,0.000436826816260191,0.00198359226986533,0.00058729214401226,0.00128952804523695,0.000790733150376228,0.000413768650281747,0.000814133914863182,0.00101459302923454,0.00160529364294627,0.00259553363437818,0.000604115111078367,0.00071930443277447,0.000824488754844663,0.000814941885754853,0.000409020584834361,0.000543644382364458,0.000591246671505408,0.000903211077459707,0.000304786263063616,0.000343099090215324,6.00144335466727e-05,5.59277805118308e-05,4.3002287153978e-05,0.000304021727657353,0.00040265212375951,0.000932994436146218,0.000755298560214789,0.000801323462714775,0.000763411890589258,0.000908382427569511,0.00040566787449203,0.00146838081326035,0.000898831156459967,0.00119450839229597,0.000528618582128587,0.000418400000116863,0.000862367100976967,0.000337277089578765,0.000248289609232062,0.000208959682880898,0.000278458393134088,9.46495281090877e-05,4.04194286913695e-05,0.000137678180045658,8.97125463629332e-05,0.000190398774419522,7.49531776337913e-05,6.37044758758367e-05,2.77866109527447e-05,8.38357427383792e-05,0.000119759566180289,3.12461356698239e-05,3.23974810402946e-05,1.40870110835914e-05,4.27146975948607e-05,3.92182140351916e-05,6.25099671164074e-05,6.52614023689077e-05,3.03143215760442e-05,7.76618787345152e-05,5.02083386004634e-05,3.17800620530389e-05,1.8076258007924e-05,0.000112785545420797,8.12831382772494e-05,1.86719068919987e-05,3.55772386986657e-05,0.000103399671641136,2.00204732699039e-05,6.42664584035151e-05,0.000131639040375711,2.39987296017919e-05,2.6911715643997e-05,0.00022151008685219,0.00029952520767336,0.000344086206403863,0.000174941616935186,0.000468873262131263,0.00037501022942008,0.000162349279637952,0.000127890425690599,0.000180241714873058,0.000228635664857886,0.000105339343982461,9.55848092938359e-05,0.000126917755509894,8.03233495012435e-05,0.000219590485760928,0.00010206721771406,0.000110759219205282,0.000103302167573299,0.000288963210291564,0.000124824921221777
0.000115536386513341,4.65946585870544e-05,0.000156505504779019,9.702853241779e-05,5.53069566642385e-05,5.24414785499269e-05,5.21079882076499e-05,8.56781452814503e-05,6.65640573631204e-05,8.03520262053042e-05,3.30025044916485e-05,5.53667349343899e-05,6.75449545507106e-05,0.000158747135436529,0.00015715913454605,0.000105352140324548,0.000631051104644123,0.000373403070572665,0.00226435050401504,0.000747305127900396,0.000439125626152899,0.000243336999343913,0.000209616047901767,0.000621990490406399,0.00174630497436402,0.00125192612678421,0.00216712647181391,0.00127328758407638,0.000868616190065331,0.00138844998151693,0.000430104411070527,0.00278476886158992,0.00130368293988453,0.0010932698237896,0.000963154027534541,0.000894449759045741,0.000410867406212008,0.000888785595918628,0.000668901035118131,0.000398503750021744,0.000345809285736985,0.000305241267116825,0.000211146883018536,3.98166076130548e-05,2.28863764741453e-05,0.000102748680095577,0.000140052844932021,4.13367738138761e-05,0.000217955026642077,0.000119947506663702,6.67644963219588e-05,0.000364748752642019,0.000210461623170482,0.000103891679208866,0.000177450080068897,4.55596448308157e-05,0.000128312178206491,8.65532306647267e-05,0.000116140627173899,2.80608018154605e-05,9.95007101704225e-05,8.72454250982027e-05,9.35430166357586e-05,6.25276080044175e-05,4.81479616492756e-05,0.000424162323811761,0.000679259498071098,0.000412089883668303,0.00100900873101315,0.00286403177482519,0.00202513215855598,0.00113664985142403,0.00112183442554917,0.000745132247842443,0.000891813212379759,0.00132242798159744,0.00317378621645129,0.000740371200436864,0.000857042401381567,0.000355047370258999,0.000161178097284056,0.000532825747551667,0.000263479888205538,8.26567135024095e-05,8.26895922600729e-05,7.10507341608827e-05,7.40650309052845e-05,4.62595559897863e-05,0.000249278858203333,6.27011445403051e-05,0.000236569221139914,0.000329769625049369,0.00098714534923295,0.000333738273573588,0.000862232354857818,0.000326345803158006,0.000827314987679696,0.000827549488236492,0.000618958264127165,0.000998282763630287,0.00100260172821701,0.000518636524761989,0.000474094563520614,0.000135622034603494,0.000160905631383645,0.000223692115108698,2.91041577541219e-05,4.71719297148295e-05,0.000197815011410705,0.000107364502705248,0.000107178861291276,1.36882490008993e-05,3.08686353030543e-05,6.14917360591512e-05,2.80156431708301e-05,5.27243134322469e-05,2.00744939119439e-05,5.5796823943413e-05,0.0001089690834689,9.03124825970798e-06,3.81163702984516e-05,1.50993520505582e-05,2.58353044209134e-05,1.70831351292426e-05,2.48314189969152e-05,2.92854532693526e-05,3.40286636561639e-05,3.81631142503729e-05,1.42280103947086e-05,0.000134479836006589,3.1230621298747e-05,2.68129817493845e-05,2.80122216786838e-05,8.04994750501352e-05,9.43029701728981e-05,0.000141104639087259,2.58328405173508e-05,0.000185005232003209,0.000224942014726908,0.00030179359709775,0.000290241629507772,0.000224720528408326,0.000111564692078959,0.000278602100840881,9.25383579000015e-05,8.98710362561524e-05,5.50640490183679e-05,5.06149732542489e-05,4.54699467843333e-05,0.000121348428646829,8.44969055725456e-05,5.14122901234449e-05,0.000175239495899101,9.36517053069891e-05,8.04340570069364e-05,0.00013973962414517,2.19234768136856e-05,0.000244513323118722
0.000161489566557645,6.71773347594174e-05,1.34437147679866e-05,2.87064083711487e-05,2.77421055956099e-05,8.27043561047787e-05,5.52317017590352e-05,5.08547634416741e-05,4.26910942889038e-05,3.8762146485742e-05,1.43292832377493e-05,1.74115894086204e-05,0.000119368482101095,0.000344439928578189,0.000309455417240073,0.000177382683606555,0.000225412755689786,0.000547113254626712,0.000974657831206764,0.000558685165457799,0.000651403398723798,0.000150893108398572,0.000129203324860891,0.000384760425239716,0.000366385501160152,0.000644632436390749,0.00112714195856984,0.00169803225711457,0.00206162849237732,0.00091133837393984,0.00245968843876471,0.00155039401357688,0.000393533654168581,0.000503198577991085,0.000923715795075785,0.00041369842222843,0.000682753959560797,0.000656186604830434,0.000458698810475674,0.000186645124723513,0.000170253845885638,0.000316118232783459,5.68427264921673e-05,9.96197259653303e-05,3.55732406764527e-05,8.5634471780521e-05,2.23857145215561e-05,6.42786733161637e-05,0.00018790398381368,3.21373451464543e-05,0.000109099439605455,9.95556002272738e-05,6.46028084686672e-05,9.79730452758263e-05,0.00014328009809648,0.000118134572676043,0.000239496460481509,0.000141581531117656,0.000175185950118524,6.31027630685764e-05,6.31934189948651e-05,4.68987570856571e-05,1.56391076287368e-05,0.000116500675704937,0.00025133040094072,0.000652002068335039,0.00117334456581593,0.00107995311844681,0.00153551343227669,0.00278698989545449,0.000405570054551364,0.00137799081352164,0.00101539431747121,0.000982893130716773,0.000388029167342875,0.000375574546633147,0.000833570011842035,0.000206196713413468,0.000143572483332146,0.000130982200588485,8.41788184375095e-05,0.000186354309477552,0.00026100398767465,3.76690737745459e-05,0.000150308386792991,7.72305987063538e-05,0.000216916475929389,0.000145207044274409,0.000392069313837693,0.000440620715368695,0.000636976772816061,0.00111338524996108,0.000545848377014493,0.000757918943332925,0.000323127577617761,0.000740045654781383,0.000675552373945249,0.000249681267901955,0.000388238700910995,0.000498093250841516,0.000201230350515091,0.000322989972412365,0.000239371775271372,7.4888525345215e-05,7.08363684139346e-05,0.000186158072036063,6.17202436299981e-05,8.89998707366804e-05,4.90615365945527e-05,9.83766169967716e-05,2.93134645532384e-05,4.35205940369103e-05,7.93419157965898e-05,6.77785199565965e-05,7.89611598969265e-05,5.91795635758471e-05,6.39497997119364e-05,7.61449258491229e-05,4.61741324610775e-05,6.22002079890149e-05,3.68929640666157e-05,8.32203805403645e-05,0.000110478957988382,5.76479361926417e-05,9.66304655686216e-05,5.94815791085276e-05,1.14608560265789e-05,7.30022319025891e-05,0.000247714561321935,4.52437442848916e-05,0.000221656289031498,8.5643332237751e-05,9.36590284381204e-05,1.91902194524362e-05,0.000145778477955061,7.35320686106695e-05,0.000123283316043646,6.11340716086253e-05,2.79321089254874e-05,8.12519192224376e-05,9.40833245254387e-05,3.79991637309261e-05,6.73157090030945e-05,9.06390752195342e-05,5.82407339743114e-05,3.68092935849109e-05,6.33884154266263e-05,5.43349536717883e-05,4.60470625009017e-05,0.000145534410529831,0.000460108769013111,0.000105556124147644,0.000402202254546946,0.000181391575866662,0.000171970487256614,0.000386462180194142,0.000183762469596877,0.000224192120708275
0.000131962370357131,0.000190688193799641,0.000139096867825483,0.000140429132658225,0.000107367524362854,7.30346888277208e-05,6.04860934229055e-05,3.16076708828411e-05,6.46933483398816e-05,5.26634464971229e-05,0.000102866258295285,5.48940065906113e-05,2.85902101163397e-05,0.000229055154257861,0.00022627401815467,0.000306754740095655,0.0011329362047746,0.000909696542491154,0.000783514040312469,0.000481231116931951,0.000314201549311508,0.00112940156060091,0.000285887828163532,0.000899442368998244,0.000811197728610816,0.00158241402949787,0.000623707120424127,0.00264195179514451,0.00190296011676089,0.000455241773973984,0.000726980466267707,0.000592806389701513,0.000947007288845102,0.000614970204320989,0.000324030654831375,0.000861673501817179,0.000705489305937706,0.000284785239364405,0.000496909638206577,0.00014421029439535,0.000169670822083398,4.69560544180912e-05,0.00016588438331632,0.000159166774984757,0.000109618605384044,5.6784462936376e-05,4.37521364099295e-05,6.8264445511639e-05,9.91339355919789e-05,6.21757705415779e-05,0.000159450266684984,2.18702349768768e-05,9.64977060153663e-05,0.000111636167597907,8.48957641547781e-05,9.855526369564e-05,0.000267251490547766,0.000228231455460372,0.000138004377752181,0.000275782258536786,0.00012753627396804,9.34936735431713e-05,0.000176698541465034,0.000292074863350003,0.000680664250678179,0.000675810299149426,0.000635451229278076,0.00197395965708652,0.00181504599248264,0.000590918509649586,0.000979351789055117,0.00108249969113149,0.00242238932313032,0.0015565284979734,0.000838076621934766,0.000702963865945643,0.000862617474906365,0.000789998416140766,0.000409197981284928,0.000118793098968144,0.000348138699044421,8.21787250369522e-05,0.00034101270072591,0.000226994621884197,9.89869787822444e-05,0.00023210046646894,7.85099020956544e-05,0.000218342079409044,0.000812140758586663,0.000706197111530567,0.000158815539057809,0.000705880975535675,0.00101467053473769,0.000619114281483196,0.001433508582399,0.000495401564778361,0.00066596909541764,0.000700687436165398,0.000352894811796458,0.000374242028445337,0.000278468398678516,0.000615289041585285,0.000127257403797211,0.000104750634461588,6.27960571355578e-05,0.000154140873429424,8.39760298163993e-05,3.34471487308269e-05,5.887466884317e-05,0.000161440137816223,5.88491867535134e-05,4.88172308995026e-05,5.5878533424922e-05,4.62342691889857e-05,5.33843036252542e-05,0.000120666111773318,8.32380887904883e-05,4.30425797200799e-05,5.93975218407448e-05,0.000121070170185146,1.34585912771183e-05,5.24135759545469e-05,4.90752814935115e-05,3.20280951805353e-05,9.37885793924481e-05,4.56541407633544e-05,0.000100593394208796,2.36821738967871e-05,0.00026232978089558,0.000126285185009627,0.000281420728223491,0.000263213203451503,0.000233996273134118,7.24855450288478e-05,7.22419234096894e-05,7.81471374025465e-05,0.000108365759703208,2.51589670950931e-05,0.000133398244913485,0.000232327405732122,9.82431357684686e-05,3.02769780339856e-05,0.000111312625464572,2.21916239398206e-05,0.000107150053226089,5.23739639529435e-05,7.87758018476779e-05,7.54288342358272e-05,5.66207448000087e-05,5.84197297813059e-05,0.000125450850413739,0.00111698118532339,0.000562273477796227,0.00106093843877262,0.000444071696021881,0.000108125666784967,0.000213575773480579,0.000414725793176041
7.73609430385481e-05,0.000208602190683815,2.18227697586875e-05,3.64518378448036e-05,3.83056653659602e-05,0.000183313309311305,4.5599300832003e-05,3.84724314824211e-05,6.86874833889252e-05,1.97934711968342e-05,2.11318513379115e-05,4.50132697613826e-05,0.000176841129922725,0.0001704942193031,0.000195380642059537,0.000533994470107491,0.0006157894020588,0.000678352681454243,0.000880541987058681,0.000279032259157028,0.000657119456101394,0.000478407323708435,0.000210097874466954,0.000160460943051586,0.000307402334463868,0.00114726148342902,0.000837800985962595,0.0010122579566901,0.00186829992492961,0.00149645621058815,0.000635796552377062,0.000861090084740323,0.000156456557690714,0.000321350305275011,0.000193647084320221,0.000354656934867026,0.000176372852780468,0.000292028006271565,0.000130991073779388,0.000196276585486804,0.000136787500912469,4.23010070423526e-05,0.000101903820677116,0.000139581968321924,6.09871769523263e-05,2.24636987050654e-05,3.01353623422957e-05,9.5949980626032e-05,7.91828757994316e-05,0.000103096225738894,0.000184465030422246,0.000130681709110716,0.00013110289042504,6.38433282352917e-05,0.000121539039871606,4.61031533912831e-05,0.000222244738204607,9.35883051148963e-05,0.00030746172450303,0.000139071164074746,7.08087395775472e-05,0.000121365965166168,0.000150817717053868,0.000426158120748889,0.000540100283468848,0.00162191031826788,0.00132044498387957,0.000704982480367412,0.000627504186320286,0.0013434136263389,0.00110689506994968,0.000640480978685173,0.00143664053269769,0.000373677515830693,0.00120889665552857,0.00096587896893488,0.0005410096807347,0.000364110330515672,0.000175583254790814,0.000213912833780454,0.000196925375648528,0.000133106190258552,0.000220214521513063,0.000157550147887466,0.000117918864268463,7.41471696477616e-05,8.63583405023845e-05,0.000259905898041154,0.000185097733840069,0.000278208565045946,0.000196909574103017,0.000339440012699579,0.000197835784153447,0.000290726018443582,0.000131260838792373,0.000494675347175106,4.92108047558419e-05,0.000158389846071443,0.000177126523211069,0.000398472060198991,0.000218252490266253,7.5561232785064e-05,7.39103915846811e-05,6.3245751638103e-05,0.000103688628162548,7.41896789731437e-05,4.52725368221747e-05,2.19977491326453e-05,7.45732601703011e-05,2.11443460571887e-05,2.71302347673228e-05,1.84679682525411e-05,4.31274768242925e-05,0.000105603223061749,6.65541917550761e-05,7.04546961282206e-05,4.82339691358115e-05,1.86600545521102e-05,3.55513452537091e-05,9.08214284069527e-05,5.62923007990913e-05,3.4051598085941e-05,2.46555549055142e-05,1.93669145408123e-05,6.27891699494169e-05,2.11755937175144e-05,6.45735194791864e-05,0.000320206178718867,0.000486138643201686,0.000154681750174192,0.000402281880622215,0.000387133607615783,0.000114461184781943,0.000213629954213024,0.000125855541968055,0.000109739600058694,0.000502505401711604,5.11701683631618e-05,0.000203787106342032,0.000193811655745993,0.000115390420417619,9.68896161629896e-05,7.69744801834066e-05,0.000104448785360041,3.59358286399639e-05,0.000106858725381152,4.33379001987503e-05,0.000110525488135224,0.0001493483573117,0.000222542491397394,0.000322757077052767,0.000713044744708557,0.00086148151875676,0.000903985036858507,0.00039897997881475,0.000250920367272039,0.000148300576393178,0.000205782008196685
4.97634969934058e-05,5.21913632202277e-05,8.79791024264667e-05,4.22141102715159e-05,1.82173683868267e-05,7.65250464430774e-05,2.63794891145914e-05,4.91671629674526e-05,3.67862998645947e-05,2.25897037423103e-05,6.34370553945156e-05,7.25132538673311e-05,7.82292918062906e-05,0.000184306595226156,0.00054321660900833,0.000500544783008339,0.00117800515390534,0.000325555185277646,0.000619372788913873,0.0012211227077698,0.000537006447024347,0.000348321837722366,0.000373041638367189,0.00012136877132335,0.000187790304291586,0.000513245219603492,0.00193389666425476,0.00138628081228921,0.000909319667883259,0.000614763587240523,0.000937110525703201,0.000367444598896031,0.000302118987912513,0.00041551205681934,0.000364053536809342,0.000292094657547178,0.000551009009575737,0.000133712750122028,0.000406786965459493,7.17721421392356e-05,0.000120633651753855,9.12163617067689e-05,3.58036900165888e-05,2.12125786459967e-05,3.02054862210595e-05,4.47093119206058e-05,2.28573270870083e-05,4.88287317887386e-05,8.8230590629062e-05,9.30785972934463e-05,0.000100661702422258,0.000144299330587258,3.45847872463523e-05,2.58637918388466e-05,0.000113623614216033,1.33951570015382e-05,5.71629983492579e-05,4.87884344624552e-05,0.000171836520104178,0.00017315332143292,0.000348259870848264,0.000283476726021554,0.000131439591392191,0.00164597325934343,0.00150751700086053,0.000514231350906255,0.000437591410867025,0.0014198281678513,0.00259329468599839,0.000577428973212155,0.000420021448555889,0.000387164841730767,0.000784445387123352,0.00128866370026024,0.000685217548856439,0.000339646747385708,0.00172344078839484,0.000158146445837428,0.000672958622499533,0.000280707260965263,0.000302798853805,0.000171085867100098,3.43204642420031e-05,4.89257198759468e-05,9.06921763167329e-05,2.98156046060635e-05,5.08608935814287e-05,0.000123955528310979,0.000154188355605402,0.000393554554528815,0.000170103137487959,0.000440764204236995,0.00086648586804679,0.00102824568901354,0.00104433557171058,0.000345813650163019,0.000309819254117353,0.000499317838251328,0.00048542002045299,0.000212211894047159,6.22259873325911e-05,0.00010712214381658,4.98314484756399e-05,7.31797662629392e-05,4.08929535592022e-05,7.02231232122619e-05,6.84893825649404e-05,2.00814800317754e-05,3.04958521125906e-05,8.28987177644999e-05,2.16541266273685e-05,2.10384670522604e-05,2.45901061376019e-05,1.95975231310987e-05,4.37843809649695e-05,5.78892074083758e-05,1.23696112334703e-05,5.41788148391885e-05,6.12221280107777e-05,3.79710800936173e-05,5.61408408485984e-05,4.8463015989528e-05,2.54510576867451e-05,6.50559003703856e-05,0.000116786432736557,7.87114680220151e-05,7.21197580033965e-05,0.000388550206973702,0.000440729715341663,0.000676828169997549,0.000754493961593634,0.000593920196940009,0.000904342245759932,0.000421806001489251,0.000430029658024546,0.000143601417423534,0.000206679907062829,0.000289999741581276,0.000210300896481316,0.000180671030173583,0.000143249193542596,4.94910109181195e-05,0.000145819405932203,7.86348069934997e-05,1.8857342352384e-05,7.22197814038795e-05,3.11956110294511e-05,8.56943703166588e-05,0.000120387211006423,5.6013633125498e-05,0.000254528916042011,0.000637817827767835,0.00112646527279292,0.000404458849832978,0.000399317466789307,0.000336243450451905,0.000141833447715198,0.000172616083658136
3.16122013573846e-05,9.6007249149546e-05,0.000129013923433173,4.28639726563737e-05,4.09525235740429e-05,3.32342092100596e-05,3.01964178535779e-05,3.10883939700948e-05,5.03100849328671e-05,5.34919882750356e-05,5.33797866632819e-05,7.17786518000207e-05,0.000125397664031609,0.000141994477568847,0.00063077501156859,0.000620461503848862,0.00079123609808788,0.00106539588140061,0.00185839392670387,0.000533782174055183,0.000629418973046865,0.00114422726712305,0.00199739711950725,0.00103500142444343,0.000448458753907141,0.000237742615984462,0.00308678229871278,0.00126165005191774,0.00177290426349081,0.00332669366538209,0.00164432016490513,0.00132793151847501,0.000809137727305846,0.000584188949078165,0.000935265752601863,0.000279401641912224,0.000125060166645521,0.000577246897228082,9.08227028649457e-05,0.000211622542295482,0.000204689416572435,3.47264627056065e-05,4.28798960883288e-05,7.84213013358401e-05,8.45201281463236e-05,1.89745035163472e-05,8.01416808566678e-05,3.60637631768276e-05,6.10536638225132e-05,0.00013182514444435,0.000164084067684059,0.000244448833021994,5.6266856041293e-05,0.000120852526988737,0.000129996626894076,5.70509135726293e-05,0.000154884294378161,0.000220971013748644,7.75325808286409e-05,0.000369828732006961,0.000277549066794158,0.000689497915501461,0.000542570864950833,0.0011236648690802,0.00101595166241321,0.000276194266794975,0.000394922357773779,0.000905995165403463,0.000947840845987716,0.00179280711496868,0.00235763263909884,0.000498539444654376,0.00166213516393343,0.000763012200962509,0.000999182359351385,0.0007913346607769,0.0010230390337162,0.00072941013531201,0.000747725219881365,0.000387919494633551,0.000433474214484575,0.000770751368680853,0.000294031698233913,0.000136340048751592,0.000122781977930731,0.00015541342688508,4.64867296978387e-05,0.000105373312261151,7.58242017629911e-05,5.99165293662921e-05,6.08296251271075e-05,6.57984501013908e-05,0.000198612377853115,0.000223420529581088,0.00031327759821287,0.000162555553990258,0.000255052803426794,0.000169191398590141,0.000446608393769713,0.000423328563202301,0.000461780584700513,0.000271854184779829,0.000133889708481196,0.000106808401161296,5.87184809613254e-05,4.12475214183109e-05,6.65125995645441e-05,1.34537324536662e-05,0.00014904290195363,4.08974079506986e-05,2.93815129492637e-05,1.89033452542236e-05,3.92226183658384e-05,2.35997919614719e-05,3.99337933150448e-05,7.80592081087675e-06,2.80223588206008e-05,7.49190536687927e-05,0.000109842438720841,0.000116161125791411,4.23354578195196e-05,8.39394274731679e-06,8.11028924477103e-05,7.55575588491282e-05,0.000215778569389424,5.32123187261897e-05,0.000345760521499044,0.00155147114738312,0.00180882174570283,0.00551075494058201,0.00161516097195454,0.00201683575179856,0.0010529591513517,0.00223723044007807,0.000630830881781037,0.000648203228558894,0.00109910903224721,0.00080757499225071,0.000254495076738037,0.0014351135143222,0.000478328277880299,0.00125119786669583,0.000480203862876499,0.000380488553249799,0.000147705103167484,5.91963924249863e-05,0.000354336084055058,0.000191913370896244,0.000200719852897677,0.000126459437041723,0.000166685805014386,0.000356422085868613,0.000202682549914364,0.000322820721261754,0.000105835544485506,0.000190558377826662,0.00024900087511945,4.86206462962924e-05
0.000198837375601381,0.000103268823277518,4.64760225811071e-05,6.87848886641005e-05,4.27754526656511e-05,0.000155314643107617,3.38421085825942e-05,5.42667346127992e-05,6.41190237998213e-05,6.78203446755505e-05,3.0855188617441e-05,5.2819585862944e-05,6.84887073743237e-05,0.000328310245885438,0.000458593009324315,0.000626821640555703,0.00117017396609563,0.00103383724428328,0.000834633655965217,0.000409916369236652,0.000540373716406045,0.000351111049049677,0.000319728852045946,0.000157209288937377,0.000414074444580033,0.000522320320714931,0.00115489820223693,0.000840249021475861,0.000897974005345453,0.000676023346660812,0.00176661282475436,0.000197776218001932,0.000437643973260406,0.000491609941493388,0.000479297012403036,0.000254899579448242,0.000128476652644505,7.58633657226134e-05,0.000209254027955003,4.59833729350317e-05,3.63951617629538e-05,0.000156434785506488,2.74923864550903e-05,8.78325590721606e-05,0.000109184317003317,1.84359478822025e-05,6.03380255010049e-05,7.40598407553731e-05,8.7915209782268e-05,6.21284978380826e-05,0.000106281348518709,0.000241489939675186,4.11786166289833e-05,0.000126286877964254,6.65706893938283e-05,8.82639701951327e-05,0.00014546618439004,0.000243186474630787,0.000650652419036815,0.000100656606894227,0.000288421940154007,0.000245454544944136,0.000148729031091995,0.000565758404270276,0.000535080631745943,0.00127672083901881,0.000509124791878055,0.000508586922014122,0.00027998018085304,0.000700022753230923,0.000271483793910135,0.000252298441459807,0.000805440875379249,0.000278392430174266,0.00062021760282194,0.000442585947425704,0.000437521172429689,0.000183545594484393,0.000200094420413618,0.000116289599154797,0.000106161934009476,0.000313337956402772,0.000141532022887128,9.93928973576697e-05,7.98823904521665e-05,1.93178574901442e-05,3.4652322867199e-05,0.000114048617947215,0.000194653141755308,8.64909580430492e-05,0.000199126219099679,0.000200874421585288,6.71765808169814e-05,0.000100277189985545,0.000156580669084336,7.91211815821045e-05,0.000216260988092478,0.000176673200800162,0.000144033415427638,0.000132997892490696,4.19154904514856e-05,3.52234759916263e-05,3.07751905095539e-05,7.46332049604464e-05,2.94368691238737e-05,7.70658675643094e-05,8.70751267614351e-05,1.34289738416319e-05,4.63372367361749e-05,5.82472196485675e-05,4.88198754260066e-05,3.07842716846892e-05,3.37210935835835e-05,0.000111579179354699,6.41310125869605e-05,3.86478618630974e-05,7.80301016438261e-06,3.37743504416701e-05,2.4605208411704e-05,6.91184878699132e-05,3.79488647042198e-05,3.53300284196768e-05,6.73199983520085e-05,7.42197704416256e-05,4.69591312597147e-05,0.000109936937001423,0.000475289741599556,0.00059515999814249,0.00160649787241005,0.00103282499158014,0.00262500827478306,0.000957358295338159,0.00120776848704103,0.000249757861258156,0.000673422144458519,0.000769066940991522,0.00177107896084151,0.000306419080769142,0.000306811798470055,0.000338413232997276,0.000256104945115887,0.00055631302408715,7.95742086133191e-05,4.75886978896723e-05,6.22556316884912e-05,0.000126061197963002,0.000121302118876955,7.9870721842181e-05,0.000126198643251566,0.000207441614246145,0.000176749435018828,0.00029782458081685,0.000305551434291993,0.000146998878717697,0.000212598228340423,0.000309447851191107,0.00011879985097645,6.13004042127607e-05
7.04542424558956e-05,6.91476083143667e-05,7.43431140967995e-05,6.5871029962218e-05,1.54665987191669e-05,4.6906283891395e-05,6.78737793073192e-05,3.15492680905376e-05,4.87771986384646e-05,2.62434691630832e-05,3.4719168651721e-05,6.41642724683396e-05,9.7855168941043e-05,7.31920962761568e-05,0.000112430382558253,0.000370109626920055,0.000474119403494849,0.000327630286426895,0.000276432779056231,0.000254493020269855,0.000254923362646367,0.000126663561160262,0.0003095840066369,0.000103161730101398,7.03212792402565e-05,0.000150773408484308,0.00033980476785541,0.000149762415352098,0.000354389509271925,0.000463151616060993,0.000366118661200703,0.000300254080597225,0.000131149213883869,0.000289273392071793,7.43533189490633e-05,0.00013319628500678,3.59010273200074e-05,6.59517740552034e-05,9.74183605097664e-05,0.000127760584710039,9.01989084539594e-05,7.87535344638416e-05,3.71629673945992e-05,4.70097580963747e-05,2.79746779807157e-05,6.27233391099727e-05,6.67966142032564e-05,4.83158772225566e-05,3.29859460348395e-05,7.32656097669244e-05,0.000129670629520787,9.30555550627446e-05,5.65013085109658e-05,0.000128511550334343,0.000120548315788737,7.23039403770248e-05,4.23189345666034e-05,9.49936485294979e-05,0.00040360018141394,9.31252174929984e-05,0.000195564546200327,0.000294653853441452,0.000294981332363211,0.000222154915188431,0.000634603147539932,0.000369618260747553,0.000500911125500888,0.000326570051616703,0.000163333890406597,0.000232621696502075,0.000404424870206683,0.00014265561185987,0.000185612998710333,0.000188494174506086,0.000196012327408366,0.000111639139677952,0.000148652822961372,1.9576774533666e-05,5.43783536103247e-05,0.000120390286499275,2.67830557051231e-05,6.21046466902253e-05,6.63299470569768e-05,9.73572055236467e-05,3.99574858710182e-05,0.000118521137779724,2.08396457214688e-05,5.12425277091957e-05,7.03470822699813e-05,0.000106224242302322,3.96958321099446e-05,4.58951440510619e-05,6.18940550367393e-05,5.39598070806445e-05,5.6349376400936e-05,2.79267613634456e-05,4.06212785798756e-05,7.37354442338301e-05,9.41687792254372e-05,0.000143279938186305,5.98099185646386e-05,0.000102621819143795,4.83256813591378e-05,3.57224550330963e-05,4.91722948315072e-05,3.09323150871288e-05,4.58799585264327e-05,8.78160287409879e-05,6.20968996591053e-05,6.31586860639465e-05,6.0411659289471e-05,3.19815480848146e-05,4.12071457033002e-05,1.69709295671625e-05,7.86687227160205e-05,3.58088337809734e-05,3.59043455333479e-05,0.000124044339213043,1.73266669479215e-05,0.000129677132527142,8.55600694469075e-05,5.61029459926792e-05,4.69477886407149e-05,0.000127840233159134,0.000136144706363972,0.000160296508427341,0.000235631030864181,0.00394046537317723,0.00550402934614474,0.00837737422351766,0.00455420928787162,0.00279718496858115,0.00165288724216723,0.00244039298547817,0.00420660491514387,0.00183063898044636,0.00253827522638294,0.000731134609063891,0.000357223990184168,0.000318755214699613,0.000284190047303831,0.00027071865161794,0.000174641790380658,0.000157138178108729,3.31171912046148e-05,8.77762369196552e-05,0.000124410588610523,0.0001058415870984,6.6461200451876e-05,5.85885408345097e-05,0.000104317833997011,0.000129779085197743,0.000106253142087367,8.57310896512823e-05,0.000193677451771452,9.39142547646633e-05,0.000108948226103039,5.628430127335e-05
5.87415255442172e-05,0.000107967111820724,9.9367309512983e-05,5.82392067715051e-05,6.80386941229175e-05,5.70036583402271e-05,1.81586056687942e-05,6.49374060182811e-05,6.22955361778091e-05,1.76948244696986e-05,1.6579592299896e-05,3.20816530077809e-05,5.98877759145568e-05,7.11854577972354e-05,2.99404117844203e-05,1.04662921242252e-05,4.79156105188195e-05,5.90295753551888e-05,8.18263409083171e-05,5.08580937436902e-05,5.04760313967756e-05,4.87189878415965e-05,2.35877806185038e-05,2.107701691372e-05,3.46040484019465e-05,0.00015567328459264,4.66966726865572e-05,5.40744758415337e-05,6.68955617478933e-05,8.75504368395697e-05,4.01187698081291e-05,8.70015881341563e-05,4.44248011468071e-05,1.87064528876405e-05,7.16871354048096e-05,6.97371549877535e-05,3.44414769192325e-05,4.33366434214415e-05,5.61800422099042e-05,7.06797754767114e-05,9.35579004299542e-05,7.99181326487655e-05,4.24904812250775e-05,4.44841603659911e-05,6.18307216053359e-05,2.36385447612132e-05,4.32246300046282e-05,1.45054113486105e-05,1.15141369372327e-05,2.0189216847434e-05,1.64663968424091e-05,5.36674485495041e-05,2.59762971790917e-05,2.4221868256035e-05,3.30289732317075e-05,0.000161869583222099,0.000219967830305119,0.000559230266732085,0.000764160632982574,0.000782889343741107,0.00190977922139517,0.000956961608076653,0.00178940617410876,0.000806385106090515,0.000208350636660226,0.000308027974208985,0.000273926400160127,0.000737874369157477,0.000141867466987889,0.000159781280264472,9.65656465792764e-05,4.86083810133021e-05,3.6134980142228e-05,4.94685719534568e-05,2.97091568798308e-05,8.7296213307802e-05,2.87505837710054e-05,2.23954846450564e-05,8.91569408361936e-05,4.78950612911035e-05,1.70417669810625e-05,2.01461002906248e-05,3.8052959602453e-05,3.41974445560814e-05,8.66554699289273e-05,3.68059404166777e-05,4.45446192753785e-05,7.43676475474444e-05,3.49897878939462e-05,6.51594174507587e-05,0.000132430272067316,5.88662076636812e-05,1.64961094699119e-05,7.38470208731363e-05,3.13545999413508e-05,5.26614270432821e-05,7.74461702384403e-05,5.57351088776958e-05,7.95869721564601e-05,3.49302638177508e-05,5.43698773844457e-05,4.07244285966133e-05,4.80753746904643e-05,8.2073304215885e-05,3.62046097659068e-05,3.35269228006932e-05,3.31091505507778e-05,2.58043643227331e-05,3.05961385748645e-05,8.66359053351843e-05,3.09468130168955e-05,3.68094660610573e-05,2.82225772337671e-05,0.000105342201486891,7.46463837646803e-05,3.58935268821118e-05,6.18048322073635e-05,4.90777180531927e-05,3.51561235566574e-05,1.49979129006831e-05,2.30496784828453e-05,1.41439350654622e-05,6.20641314365333e-05,9.65098429724045e-05,2.67648867113949e-05,0.00016293367327877,0.00102941133129249,0.00298032050089241,0.00475880006293173,0.00677273472841263,0.00628984487479547,0.00839342835212693,0.00560414065295106,0.00270013285053087,0.000451462126133958,0.00112985278289834,0.000820154940649612,0.000434205817249719,0.000206944504063128,0.000204821989719091,0.00032071801790154,0.000166806820351615,0.000198205021897394,0.000236453329486207,0.000163056303508898,0.00011329789408613,2.13943212988362e-05,5.41001794683838e-05,0.000102170277959532,6.12623119424228e-05,0.000100842857497666,3.45002500595964e-05,0.000140682628510266,0.000105752738550822,0.00019388430072354,9.86123519943351e-05,0.000154818360247435,5.80236047728644e-05
0.000275483060237494,0.0004221933865384,0.000645411789275232,0.000463353429833178,0.000251754919371262,0.000358733381148503,0.000293348439071925,0.000408805764828071,0.000526513318114642,0.000331764492152531,8.37079303051024e-05,0.000147995172479584,0.000665026939664167,0.00103778564237334,0.00203461566383167,0.00223656130766888,0.0024580948982188,0.00258305246896586,0.00328255005356981,0.0030331049124281,0.00133036818795312,0.00195464018131382,0.00344923728667326,0.00252407515747061,0.00200567552142396,0.0032261254399843,0.00539268416329371,0.00489033631263872,0.0033031351216788,0.00236360041470845,0.00191945846398428,0.00164049318696821,0.0029501022641011,0.00294428929622344,0.00387087998162719,0.003941295423161,0.00556145355362513,0.00679345512283506,0.00811347327373446,0.00815787264066985,0.00706698353425634,0.00597533585991165,0.00425255840674532,0.00334887506122704,0.00288117087467015,0.00615148071447463,0.00587375431652164,0.0111163556690349,0.00792929193177741,0.0141233566904033,0.00888385653537515,0.0063749162724294,0.00389950445396073,0.00393847973421783,0.0016669037052924,0.00375234996607185,0.0016965745669511,0.00316190903793463,0.00126631165238331,0.000640588383459527,0.000516008639224081,0.000926606347615007,0.000971022813043354,0.000822684436844152,0.000726020667146182,0.0041431625461373,0.0187725084008058,0.0184444836619846,0.020429814308708,0.00893815312322085,0.00489265053163685,0.00191428202394351,0.00638411757052651,0.00677500530925656,0.00615878231591621,0.00325571183077083,0.00199232649209681,0.00330389827519859,0.00507036025136419,0.00477582075063471,0.00312069091339247,0.00413086470764265,0.00257888093927201,0.00255209525794267,0.00270072008628924,0.00179493632852998,0.00153632013026605,0.000827010073547932,0.00324570229693593,0.00315217878363227,0.0133586472048882,0.00898774424214951,0.017521409727838,0.00514414137541468,0.00458690497902806,0.00281982294914356,0.00468962902780878,0.00424606089619917,0.00571780275560542,0.00552527328630553,0.00510828309351135,0.00375829455043818,0.00574172607728567,0.00406085741081399,0.0027980650064237,0.00264761806693853,0.00191725958394197,0.0025035610981742,0.00123066477470306,0.00193421698273111,0.00196966643194509,0.00550414683209369,0.00535238121331497,0.00309689728106474,0.000893035363547235,0.00313076133813466,0.00120392577674579,0.00192440782888477,0.00377996959577867,0.00453165157353473,0.0010325896467109,0.00304446402621133,0.00284628985178758,0.00124152668673862,0.00188048331682885,0.00204632389761502,0.00670977189301816,0.00401227786480982,0.00109354577347873,0.00196590891096733,0.00105558110790655,0.000742579117509986,0.00304500473195829,0.00498218507102836,0.00564703940462545,0.0025931251497457,0.00336786763124744,0.00379390608482904,0.00388044039550225,0.00201010887371101,0.00172697021747848,0.00127642968016238,0.00267784671418248,0.00469069475551756,0.0161095339703747,0.017198392686249,0.0173084501989468,0.0014246185863702,0.023024850901001,0.03585561774877,0.0597642438607241,0.0778117207490106,0.0540923349121358,0.0529702248552229,0.0647352962974461,0.0385818368984636,0.012226047264593,0.00973832131881656
0.00158394746356432,0.00410474446583725,0.00331711987485326,0.00139881542495661,0.000626099810775246,0.00269900924274915,0.0024015602470649,0.000791874892624912,0.000373781129780966,0.00190792615213864,0.000936349404058349,0.00128134742254446,0.000395492843316876,0.000292520050878502,0.00609215026698325,0.0115827797001886,0.0126306360636421,0.0116748394571725,0.0169120195339553,0.0268457832169995,0.0291028772100765,0.0215875425367096,0.00993135238255278,0.00910126736338326,0.0192269599864144,0.0212095666602892,0.015078041721588,0.00614283388183599,0.0159021184774361,0.0267090534540703,0.0281074340651587,0.0305607102190611,0.0296449781394531,0.022669569825365,0.0169964429417425,0.0135892351073358,0.00824816653595235,0.0180880675944291,0.0240919466417289,0.0306045507390363,0.0284788174886348,0.0222216533864894,0.0170393711969326,0.0160697099692073,0.0147559600783297,0.0222377311321897,0.0194987721984086,0.00622000137021163,0.00602510590671369,0.0228244817996787,0.0283561322080426,0.0290766105462138,0.0303042795925756,0.0346122193996967,0.012196493498944,0.0308257348634943,0.0395670705493936,0.00303563848933449,0.00928805274418938,0.00782965338694556,0.00918832943277398,0.00540847447435032,0.00123270279007407,0.00628890658266607,0.00896101195554196,0.00462254147965367,0.00737384161952811,0.0459523251083247,0.0275973670992989,0.0519150305633784,0.0500017925621994,0.0148675595895559,0.0262278694170893,0.0417830533869137,0.0380488186450067,0.0311219414528438,0.0290581804041623,0.0356557608286364,0.0380139162026441,0.0335945834781584,0.0275072213183021,0.0199639267454189,0.00298873996183035,0.0144567007373561,0.0233627468703882,0.0303019934888793,0.030342900790801,0.0219373723486955,0.0132885461286697,0.0133572863779544,0.0376035902388399,0.0116950073642275,0.0665621171988124,0.0683000645019843,0.0404063071099832,0.0210752667016587,0.0184365396726749,0.0184834814533737,0.0232689164420452,0.0240291514362301,0.0115650647696258,0.00629253502837922,0.0155493014460689,0.0201729332219785,0.0206921337726096,0.0154198295114055,0.00567553075085934,0.0194124127328607,0.0262220243661617,0.0271881971219692,0.0409599775922398,0.0262866400071167,0.00639471084304071,0.0361786236994624,0.0180176807137924,0.0139811172312445,0.0290460104318164,0.00721220753676444,0.0158114915297246,0.00728899422531028,0.0071877358459807,0.00303543324899828,0.0111536132274396,0.00516394387661299,0.00546754828171733,0.00546375173949154,0.00362663050900263,0.00367734817763424,0.00497218039273341,0.00227395399678881,0.00252300541904733,0.00326051164076379,0.00401567821302976,0.00609062910635356,0.00625141153769492,0.00752616413792217,0.0258881112444543,0.016862301467611,0.0131528648332932,0.00340781664705557,0.0014562566044967,0.00619375810019143,0.00200567784770808,0.0112223358140737,0.00816698102497787,0.0361915412830028,0.0329896706814667,0.0502194745494386,0.0706740288333082,0.0330844496646401,0.0202927301261942,0.0325697005642905,0.0395995556387665,0.00753081980682225,0.0192974810668493,0.00603056172473118,0.0151246068532967,0.00967757060640178
0.000200214799988922,0.000682897216336363,0.000238779491449817,0.000583229075631945,0.00138170247148228,0.000880608434517088,0.000343496415922198,9.89995830881305e-05,0.00014929656052105,0.000173484372307436,0.000440972628890431,0.00164975731545165,0.00231613496888439,0.00321185048478861,0.00707120780836346,0.00739965438219835,0.0100940753301114,0.00414074316547552,0.0122690154024978,0.00801331138380041,0.0260076002219081,0.0285062750608329,0.0251664705658199,0.0273246043656546,0.0184144111283466,0.0239380113996519,0.0189630013667503,0.0189535783522003,0.0365487976966258,0.022259339706802,0.0100150911093626,0.0089447159356444,0.0161476628056647,0.0214612915823645,0.0221448570353525,0.0344196958644364,0.0618528559196077,0.0765043709959334,0.0518366854660969,0.0193477606085278,0.0161507179746648,0.0282694432285466,0.0347206232993677,0.0271185598748206,0.0236206311838675,0.0216845553801153,0.0335282879041205,0.0790194538045953,0.0534413548272398,0.045686680901405,0.0847694770495727,0.086773743785695,0.0441112933364285,0.027528770908415,0.0370030454703521,0.00394547535021188,0.011866128353605,0.0109504417991267,0.0111072665915936,0.00183701168621152,0.00104200559815437,0.00152068800871885,0.00245634423394763,0.00142169549647663,0.00380941132513694,0.00313829016486164,0.0374521059868714,0.106251648192395,0.0630496885234423,0.0289825025214415,0.0191796327572808,0.0163552299111827,0.0163273837220894,0.0165985538628505,0.0190350600352782,0.0142650763006146,0.0147030284834201,0.0152756721175562,0.0199657580052313,0.0203158353660018,0.0160018562031874,0.012415097250725,0.0082390277559459,0.00707508574808347,0.0103789692391762,0.00458258083998621,0.00482386426625983,0.00173993022955768,0.00513092104566059,0.023692485352386,0.0443970860972455,0.0200419847397282,0.02213535602095,0.0351004890754218,0.025117552266235,0.0147803113158481,0.00509987834718835,0.0120010535209023,0.00920171040287459,0.0134298208029025,0.0284908868457694,0.0409759124237087,0.0392223231734546,0.0280546394073779,0.0103593149931097,0.00683746055981106,0.00726727795408202,0.00799428855258062,0.0126533997338203,0.0062947000997425,0.0187424865761785,0.0244929790614964,0.0132787535203976,0.0134166579636009,0.0110455293820448,0.0125456352900279,0.0158763180471061,0.0317374713499014,0.0341130495072687,0.00870786439155534,0.00468377710479638,0.00304107678565292,0.00102907484593665,0.00647567527997954,0.00376595283775483,0.00223619094295644,0.000359750230050011,0.000442349079862133,0.000789337511344833,0.00173325011741821,0.00480047368768274,0.00230155205908986,0.0108234079508266,0.0173509267957555,0.0277848363855653,0.0161167330272706,0.0149731284612135,0.0135792620986262,0.0175470991533361,0.00564197693712666,0.0121731622084502,0.0102103024932489,0.00604401171761007,0.00562631150926362,0.00261593857155297,0.00169663958047643,0.00239973981635099,0.00525133611859858,0.00181038405382798,0.00316042815910593,0.0126787463172029,0.0120332801342452,0.00536044331707322,0.0121503413960157,0.0165086450585522,0.00462959308971806,0.00217198937539087,0.00497707637410731
0.0032567062337477,0.00174749887484876,0.00238753572813957,0.00353183112785582,0.00211201563784379,0.00145883534162628,0.00143602336203654,0.000996600721425011,0.000643555778646549,0.00129676328756301,0.0040933545108503,0.00854254334005724,0.00404790520834556,0.0661376575900062,0.0451417546536148,0.126192630759943,0.158847900447249,0.127798476315617,0.0547197572656402,0.0556662410519767,0.262365958263737,0.356400277544596,0.476485814547393,0.537954146393457,0.440744511329958,0.131931673244015,0.393694576071921,0.310212765090766,0.208340150411324,0.259298083793634,0.0914226658818233,0.0381216480915863,0.0955163909033645,0.122157825652471,0.0886918114969373,0.116088846182307,0.123963348569585,0.144805132328461,0.172350895222305,0.223505462589871,0.210386741974207,0.171517900947573,0.102341991740765,0.0789862562902778,0.10347255074862,0.132724308112297,0.128620391397369,0.161023155324189,0.263841111398974,0.359165641353935,0.36201364106954,0.339507137088835,0.353430767513402,0.11619088382187,0.16524303885246,0.132194239231605,0.0853918960992057,0.0567023274331427,0.0261950367659558,0.0413648736265704,0.0179576448730696,0.00521589506518887,0.00481395250286399,0.0148298007722366,0.0171616943002841,0.0392086049550941,0.265524778836882,0.141730506476342,0.227679383941155,0.0632425052792015,0.12769776740978,0.0199272290966116,0.158861593499828,0.081295558614139,0.0428885459593779,0.0662716495305822,0.0792038210581439,0.0426868314229582,0.109271717769151,0.136044735945497,0.122553948882619,0.0702390533676667,0.0440231994665723,0.0572511277420499,0.0293961124113159,0.0216211676909236,0.026811957427558,0.01479639863287,0.028309720848555,0.0546353264941029,0.149635591801728,0.370374294453935,0.283871319833533,0.123689384064407,0.0936946728083717,0.0195940476500474,0.116840960355554,0.130828049054131,0.0806235261460661,0.081180534772151,0.0682736350871722,0.0838109133718043,0.104209038180805,0.13983429765801,0.0892945658157566,0.0144211937963452,0.0961556487320688,0.0737843624347295,0.0353298574849546,0.048099898076913,0.0456297243116689,0.0909884309190447,0.0965618621218884,0.0433060047114887,0.101678204829039,0.063687889262293,0.061898512151345,0.0454648482101701,0.0602021429240536,0.0429902299948132,0.0338352064574991,0.0166933803987247,0.0299877979487108,0.0210530160936765,0.0279256387323894,0.0218741679088113,0.0144895701029171,0.00899368742836135,0.0112984394730304,0.00540576800349604,0.0194514164875943,0.0321680859152748,0.122966703555569,0.159061697535769,0.211225663791627,0.131752344238787,0.10502428375827,0.113215584910901,0.0534000446657128,0.0333894436360451,0.057158831075101,0.101418137709427,0.0929540497112793,0.0584517969822474,0.0555963799571179,0.0509315909366176,0.0918340861537371,0.0816438990670947,0.0275501946224675,0.0429701541690785,0.06311100468838,0.169632365512405,0.126988729242399,0.0398329630259864,0.113940602160287,0.0287370471892345,0.0348053995873951,0.00731683625215615
0.00119466059523943,0.000964292308355088,0.000724081414822357,0.00094225045121457,0.000569048770016873,0.000448978568185841,0.000977972787856093,0.000174790466747832,0.00018521895432963,0.000293400783688009,0.00169217427652466,0.00108808033651998,0.00362693876811077,0.0187091439044808,0.0382845890145996,0.0629004285795196,0.0988096954385922,0.114125180123423,0.018911329662266,0.0456418007924382,0.0613659814923457,0.051293316628998,0.147253547838111,0.176205850352948,0.191717194268368,0.222945734868703,0.124944939492239,0.0534639580746579,0.0306181511499126,0.0841810445769745,0.0508910359121471,0.0348983040620102,0.0510012903808116,0.0142854055483751,0.0250336244276401,0.0455351462692844,0.147849783354752,0.174497263105617,0.153347220776978,0.11605580004658,0.132035966773045,0.143648254835333,0.151805292829189,0.103189852863227,0.0635474500205871,0.0707141421145663,0.0444261262788901,0.0564963260619027,0.171825730060019,0.245275403142768,0.260615373961652,0.214800286251009,0.147026942911111,0.143464667551348,0.132126291882084,0.110536160486441,0.0706300004996122,0.0367435995692008,0.00672154564929817,0.0121099324845838,0.00434011415783402,0.00426434010012137,0.00357532696756406,0.0140924735583256,0.0167616994738211,0.0258070899674622,0.103023694403419,0.169613190842374,0.0849754920824892,0.0257997006869776,0.0609490592134364,0.0243504104986669,0.183518129135577,0.0273516794312628,0.0416095610671799,0.0515295326969953,0.0307802615402795,0.037999750167539,0.0429030258269708,0.0359596598632224,0.0283471363565021,0.0175618289386222,0.0116383446811769,0.0177572463951311,0.00602990228253601,0.00677019888920478,0.00541119113732682,0.00570056275914283,0.00950843215077241,0.0463932973263484,0.0826761490228382,0.184354413016423,0.170909593360317,0.0568775738940812,0.0454356081837602,0.033389128663954,0.058673333372369,0.0590345683122696,0.0350477078771247,0.0290149189149405,0.0433993468821386,0.0396539402256116,0.0238229093409653,0.037522564899241,0.0148821595919054,0.0109092634398499,0.046629905528255,0.0329413712973575,0.0243980200759212,0.0931856320378694,0.0786005743187461,0.0613155327043367,0.0212671132343427,0.00568609597115712,0.0711349393151953,0.0117669744017466,0.0447895840632612,0.0594049329828757,0.0317929933972087,0.00659423441699576,0.0171683848600224,0.0129500149791219,0.00835449671588637,0.00593320006920353,0.0103484493476212,0.0143563925136356,0.00585837196017766,0.00385451852941283,0.00314492015414585,0.00143945254409359,0.00748267408884866,0.0217501378511166,0.0469922901135017,0.125339569982953,0.195418381246179,0.193668451777381,0.0599248852236421,0.0862991828489819,0.121590006769626,0.0621070530263971,0.0189251547241697,0.0623988890547913,0.0831318199367419,0.0430337045489652,0.0126944236533318,0.0163754159931272,0.0499273577845971,0.0509345994521558,0.0104854797403132,0.0205819330524029,0.0252757683385227,0.134382394199937,0.0539746341600366,0.0414652350788347,0.0377155962139388,0.00842860826876348,0.0129404128848772,0.00543196672425229
2.23751409663259e-05,2.00692594165801e-05,1.77345521415927e-05,8.29266558701773e-05,4.0645542321212e-05,1.02599083007919e-05,3.39674378239383e-05,1.72214351222113e-05,2.80459005752472e-05,1.58211799544724e-05,2.69294591489212e-05,4.86983603848775e-05,9.65041868024729e-05,0.00039008461947321,0.00133179324432361,0.00281945161570508,0.00467677769521896,0.00514990987252026,0.000427199048481407,0.0082214184215431,0.00734172454222833,0.00237448692302353,0.0023451673421136,0.00289342369410409,0.00218606902325712,0.00213382788854844,0.00834833200250342,0.0039957962916185,0.00255302900674771,0.00254959373397558,0.00366840719199296,0.00568707618708784,0.0040058714814902,0.00550102397608315,0.00250217631117149,0.0181652909394207,0.000586981691335508,0.00257270141759411,0.00292001548132484,0.00195674304915009,0.0021488082423546,0.0018697083008265,0.00155834920748775,0.000502208120416878,0.000539243275568069,0.0049873009849784,0.00548773088562016,0.000751123217877729,0.00145297938712328,0.00423978089807275,0.00811346071201225,0.00242182707001887,0.00296320613499299,0.000772654966885906,0.000537126889275618,0.000510218925021973,0.000479194465204951,0.00123602119633156,0.000264570442433011,0.000259414945949716,0.000834968431508248,5.42391471979272e-05,7.69347424175335e-05,0.00061156599817087,0.000177660245700515,0.000396839751861512,0.00805875201262856,0.00890399548228233,0.0328038955258942,0.00402011625120423,0.00213506659165558,0.00322410720239704,0.00380406602152733,0.00476396062668308,0.00477661834054401,0.00225583916832951,0.0054243627025676,0.00377262064801413,0.00101682201148012,0.00175634845938706,0.0014360469106143,0.000509129346972252,0.000665553876222768,0.00081504328811713,0.000809326242865746,0.000811133319507829,0.000160285464456915,0.000277256356613317,0.000484378433214148,0.000527003019894211,0.0054721540963845,0.00263383726040716,0.0102902784998899,0.00246846610684709,0.00606043001339086,0.00242532135289152,0.00305131490793772,0.00136771130995833,0.00195498613130105,0.00254996752912822,0.00288296525562386,0.00374844953872817,0.00459017179675736,0.0022691138744854,0.00187401310519772,0.000573683948971201,0.0007175513033172,0.00179013034946387,0.00116524865630239,0.0014313606390945,0.00220073937334823,0.00259412596395243,0.00219351951698774,0.00129147615009947,0.00410415954244913,0.00106973691039606,0.0029748109790483,0.000525482026462897,0.000371215334423491,0.000172947461276629,0.000230522685189795,0.00175161819082579,0.000256352598427772,0.000149411677404686,0.000998942767621211,0.000406812795569581,7.05430002471184e-05,6.11689947755483e-05,7.54051015337729e-05,4.97529449520834e-05,0.000132154620088503,0.000193095579417537,0.00185253824661064,0.0023821605360131,0.00425604750446735,0.000899443819068988,0.00712601499707598,0.00677681479267982,0.00234370464783381,0.0028961881281801,0.00351403605977163,0.00319203842314859,0.00127764538640377,0.000236910555348664,0.00304763641700277,0.00125515996031335,0.00114509113377893,0.00213179310695647,0.00028945597469672,0.000705644479182947,0.000900653978833575,0.00189979007267938,0.00229166882931254,0.00218149046873775,0.000322445670727473,0.00226187012010919,0.000524604914027138,0.000735110493543025
7.23879595960045e-06,5.94861675208417e-06,7.67047867447304e-06,7.60079126805829e-06,4.41817251872608e-06,4.23071560685604e-06,7.63664935885934e-06,1.5734026590775e-05,3.61758352541693e-06,8.58307665916991e-06,2.70825387417325e-05,2.90364454957964e-05,4.68074652660176e-05,0.000568686975436863,0.00014506848382778,0.00024809115010966,0.00113617484201152,0.000972081588322465,0.000151278311709401,0.000377317601966927,0.00065608146771329,0.00103805337316155,0.00121312617328874,0.000543191224734173,0.00030403616796581,0.00121731014660545,0.000938532499301347,0.00159836248003632,0.00153812869685315,0.00335856932276288,0.0100698318846261,0.0148011787770267,0.0152732184866049,0.0153448685049268,0.00302136600801114,0.000237262776493014,0.00329698686028346,0.000850776365126531,0.00679286135156732,0.00360312333129629,0.00117348241430879,0.000691128498329247,0.00052856595370324,0.000785581197783362,0.000716532061089262,0.000305915219604853,8.68409837192958e-05,0.0012538422579667,0.000408808962810952,0.000112482796233007,0.00082076624529192,0.000139134050461839,4.7107707104724e-05,7.44389556357197e-05,0.000119735904938478,0.000294882095608268,6.2650638817133e-05,6.52780066369216e-05,3.71379542136627e-05,1.58972155919339e-05,9.43452070190948e-06,4.39816953902659e-05,8.35454944590042e-05,2.54824555577953e-05,2.09851705496171e-05,0.00036044683782582,0.000364336543368886,0.00177772574284766,0.000795084885294782,0.0114804845458033,0.00121211604372875,0.00154268980264604,0.00287185478207169,0.00267734502472415,0.00481211400429474,0.00662253095726938,0.010902611916673,0.00944823877615235,0.00140263035246995,0.000269122369306238,0.000415517296446715,0.000341819484491075,0.000430730759457628,0.000168020392301628,0.00108259052014188,0.000936762695730715,0.000462538758647971,0.000292368513661862,0.000205132400312465,0.000363537425337709,0.000434940980881325,0.000116139304102837,0.000409746140560188,0.0101464883335159,0.00204294633669858,0.00286672449894674,0.00180007455858404,0.0013730116831291,0.00203010183689898,0.00172326000319533,0.0023937311384396,0.000854803207733664,0.00103908618234654,0.00817909924581227,0.00441841970916557,0.00460445670807833,0.0040133316124469,0.00788806663505582,0.000634362544150668,0.00576968496365513,0.00365953193834184,0.000365568302604086,0.000224025984168659,0.000203594104138524,0.000119937255765609,0.000507430059719041,6.61324397143662e-05,0.00140643479303422,0.00205027492338533,4.11870481131389e-05,2.8121441323883e-05,7.65797057970736e-05,1.27641450870925e-05,1.66277621075585e-05,1.14837797922873e-05,1.6389302292153e-05,6.1799601416498e-06,4.53724176421234e-06,8.30792772117966e-06,1.35689311836992e-05,6.78672780113798e-06,1.65988349317992e-05,0.00025949028891826,9.64705597226297e-05,0.000140682718952798,9.80946249582528e-05,7.27545443821215e-05,0.000188108637260311,0.000151377957487902,5.96977912428522e-05,5.86367755088861e-05,0.000212965868217832,0.000188395901744659,7.13046367470566e-05,4.73300491413775e-05,8.01892319700741e-05,4.32904009605837e-05,0.000240999684005059,3.83364975315798e-05,0.00010822335836129,0.000253376410876456,0.000100662667604858,0.000183036019705257,0.00020610405945965,7.45580479582237e-05,4.4815506065282e-05,0.00064790372880444,5.61824486350811e-05
8.21410900398143e-06,1.36216557482442e-05,1.19085579461983e-05,2.44449261071076e-05,1.85106997503955e-05,8.96905448298711e-06,9.0274086882438e-06,4.88871117824392e-06,7.74605101218492e-06,7.58652498360066e-06,9.81082051101959e-06,7.32375321313423e-06,4.30685910080057e-05,0.000561298737596605,0.00238175228209611,0.00149058943473217,0.000711191451591154,0.00133307122291551,0.000319574973050225,0.000822196259989077,0.000355759925697883,0.00102815668211743,0.000350776064006455,9.04356780671466e-05,0.000397074754021046,0.000760335603077259,0.000339896352389626,0.000770810650199314,0.000756232706294891,0.00078084153911343,0.00914510512935707,0.00454142740952712,0.00195768584005709,0.00245896897800436,0.000576352670044451,0.000992548041772948,0.00221548925802944,0.00162812641485881,0.000684829738485135,0.000199963316182711,0.00108594635809267,0.00202864837577727,0.0002222442888506,0.000113500135514044,0.000566500872935473,0.000473057511277261,0.000436282571928174,0.000403728532083856,0.000632691485335748,0.000220289112197639,0.00134428386094654,5.9467059934789e-05,0.000130530946526476,0.000342720926853219,0.000127745108468864,3.71157110398891e-05,6.91668130099291e-05,7.34507016811342e-05,6.99882682085062e-05,5.21617352437428e-06,8.7325529082922e-06,7.41219465314968e-06,1.01396570307746e-05,8.05172501420895e-06,7.72997174645882e-06,0.000139678840564701,0.000215124220113376,0.00138470052673608,0.00350540761676324,0.00130509972823628,0.00310836935165739,0.00701536762352591,0.00126001897782965,0.00111213436759642,0.00157240813503402,0.00815680802319791,0.00174178136795262,0.000826672126785157,0.000223582374596805,0.00110448021820754,0.000533171568936671,0.00015087691970247,0.000263991992972855,0.000851229573684498,9.79477011079853e-05,4.96935462371018e-05,5.24610269586726e-05,0.000223662152281344,0.000232898300629323,0.000149006974570348,4.64249054668066e-05,0.000441614233984669,0.000207665185896672,0.000882379354917429,0.00297394098495083,0.0054964621476244,0.00539510728522828,0.0137639395140591,0.00858736245591402,0.00798621802942744,0.00921177114306872,0.00146572631668582,0.000584369863669501,0.0046383923019188,0.00243551662297448,0.000385556122599488,0.000529003821187868,0.000952741583067342,0.000377384396798753,0.000289151415245335,0.000280370109749382,0.00242353531985141,0.000391657959741849,0.000352771641205193,0.000316790998113741,0.000935766465404636,0.000102778501264943,0.000666863877190901,0.000408750368023411,0.000176250390716365,0.000109379511720055,2.0264845942083e-05,6.01714691574433e-05,6.95737715562051e-05,3.80323907239979e-05,7.35152872098223e-06,5.4941416525214e-05,6.76965647562167e-06,4.90309316860907e-06,2.9711255421301e-05,6.30391741079866e-06,7.99558297062474e-06,7.57427896563518e-05,0.000142796922958376,0.000109018195466201,8.42349265024628e-06,9.37111601357934e-05,6.185722617925e-05,6.7128843655349e-05,9.16419449348453e-05,7.50949448008205e-05,3.96436671827946e-05,0.000114885268309159,6.96816781840959e-05,1.29337415498989e-05,1.75373621750203e-05,3.80135844588122e-05,7.35118550178028e-05,2.68509715938642e-05,2.200221761225e-05,9.28327966498135e-05,3.35676129389185e-05,0.000279463110111362,0.00019247058908423,0.000127109316986291,0.000244767569265866,0.000109056197340028,0.000621247329739523
3.23238640292364e-06,9.79422659131235e-06,2.62712544480761e-05,5.05907335688266e-06,1.40133618611279e-05,5.70922578087179e-06,5.36003746963515e-06,3.81712589808747e-06,6.78118497222714e-06,1.39570218217046e-05,2.502075428561e-05,9.09831095082419e-06,1.0084309502955e-05,3.60157622345698e-05,2.09954698608497e-05,0.000105355873353935,0.000603244190932502,8.73636877449863e-05,0.000134000174711559,0.000109257003318917,7.59385272580186e-05,8.7045920372794e-05,5.19257048712639e-05,0.000100223968429989,0.000625678150932208,0.000653647796267058,0.000283118602211051,0.000269316749648007,0.00151557786005799,0.00046432525208373,0.00010553284187772,0.00065890702653458,0.00188254527049175,0.000572453354447263,0.000722817236417846,0.00114594741556869,0.000262693708669364,0.000330989824742788,0.00164907869433839,0.000872285798288706,0.000554439083258812,0.00252120875276123,0.00061449688423416,0.000872687222402702,0.000621229886713972,0.000670107519069315,0.000114487505132615,0.000995455989070745,0.000735173071752918,0.000152885928464148,9.64696682761704e-05,0.000336439510952635,0.000186691068894093,0.00010808588080118,2.3682281855508e-05,0.000259022380866949,8.45337910271648e-05,0.000130258557292864,7.86539041701113e-05,1.52954217018577e-05,5.84020749849034e-06,3.35239580404038e-05,1.93261066300937e-05,0.000101390959957208,2.33324935096229e-05,7.27640573426475e-05,0.00114873647998395,0.000178835079313193,0.00221908580075352,0.000301315572928211,0.00138871120951156,0.000617933881154891,0.000575747191119767,0.0011024122146033,0.000609543675697267,0.00144768406337171,0.00081834591341409,0.00409299310637453,0.00256679504229705,0.00476215871002663,0.00284995968706445,0.000580757142795789,0.00165106005746942,0.00171271318249582,0.000244307703381041,0.000188125098063489,0.000362521617215374,0.000169641993642664,0.000415215464753815,0.000433861660769625,0.000905110365800166,0.000846785443336802,0.00257079368331358,0.000430902202472653,0.00080177961300049,0.0016645891245403,0.00355708235149087,0.00269180425920595,0.000759117588456696,0.00450751207652966,0.00141072055187238,0.00198862733391462,0.00249582489318401,0.00325921131021629,0.0014270736906702,0.000362262406492355,0.000559974750436562,0.00123517561897406,0.000346413756719864,0.00103664005002414,0.000455572560633838,5.78301848543052e-05,0.000222296163072559,0.000208122486699751,0.000170088316757969,0.000105043615726488,0.000117675372194195,8.60219220539063e-05,1.46741730424859e-05,8.82974282005723e-05,0.00026195379506145,0.000237081751883518,1.94067257071498e-05,3.95057122000886e-05,4.7559875779961e-05,5.39217860931261e-05,3.93378473993866e-05,8.47615404961995e-06,1.27659553730404e-05,8.01484115263616e-06,1.33929185532979e-05,2.61534018883509e-05,7.08738444988127e-05,0.000159947727037968,0.000184801349424884,0.00010685564452828,0.000105585098225011,0.000239494767502043,0.00016550139835464,9.25644829337073e-05,7.31775532548191e-05,6.29344790106001e-05,5.52645163281426e-05,9.51957333978284e-05,3.29200656450275e-05,2.58782349758189e-05,2.59118380681595e-05,2.14584589303495e-05,3.39399350548063e-05,4.78928010178818e-05,1.5410391570684e-05,0.000102242704193886,9.14700422920838e-05,0.000333466281148132,7.64681939080124e-05,9.16150338537234e-05,5.16985693142269e-05,8.37746674045208e-05
5.23767846450003e-06,7.66113559995635e-06,3.31039624036279e-05,7.02789647513826e-06,1.13665337244751e-05,2.89858495258157e-05,2.08917941020835e-05,6.00452528002324e-06,2.81470390772805e-05,4.27946717211477e-06,1.10585965246421e-05,9.5632678809435e-06,1.65386195437682e-05,8.3886604522381e-05,8.98777591067206e-05,0.000271645468269384,0.000599030308166426,0.000116521552911185,0.000143612033118925,1.55171924388216e-05,0.000288742008442774,2.59065812669508e-05,0.000154461813644617,0.000156297848745608,0.00011207213497115,9.93461134092187e-05,0.000144749559977218,0.000425258895061634,0.000302802945486556,0.000420638541925526,0.000597174136456081,0.000261650886939437,0.000458481032804025,0.000577685783610256,0.00107536725819816,0.000212150578656788,0.000235308164461563,0.000102471108067276,0.000131706315675028,5.04419939554955e-05,8.43773839775207e-05,0.00012959049316346,1.72080432349583e-05,0.000211091729182185,8.40457153387922e-05,0.000106233745493305,0.000187006763029581,0.00025651819683008,0.000241694286946568,0.000322792751470822,0.000688403160929017,0.000709603352575199,0.000312147558865821,0.000105554261698834,0.00029970888354552,0.000114469293647389,3.65670749043044e-05,0.000393323264316296,0.000100093040564964,4.24388773546817e-05,3.06396988882191e-05,1.86221026789908e-05,1.78278668867711e-05,1.37531668670234e-05,2.33337495640355e-05,4.36502584970052e-05,0.000286974598189872,0.00147179303366749,0.00394296476686158,0.0014345796275055,0.00262025266753668,0.000578125070989607,0.000996393464518632,0.00121768318891483,0.00124649728008763,0.000463630932401008,0.000602767568020306,0.000754063576645097,0.00114153601217207,0.000611038690848885,0.000219276691854734,0.000261858595582505,0.000119169985853267,0.000328235534533838,0.000252565131526732,0.000142701962163368,0.000240749578743217,0.000189946692737662,0.000194304768439049,7.02456751815496e-05,0.000384631178423778,0.000235432817716287,0.00124610366994984,0.000662105752002017,0.00153622905812398,0.000494094062875921,0.00219407965192519,0.00133078779188428,0.000275715363207324,0.00099766265444403,0.000645334918531789,0.00101600493553041,0.000772711495698403,0.000256044069836064,0.000181407763441833,0.000406391597458008,0.000157788943225496,9.88837121046485e-05,0.000114733358044549,4.27402990508461e-05,0.000202094835931189,0.000153645660876829,5.21238188352795e-05,9.3975024933653e-05,5.20358787140615e-05,5.37946899948925e-05,7.76448368305329e-05,6.5610312837383e-05,7.06795657463205e-05,7.47320828209464e-05,2.05847905508467e-05,2.77782445051647e-05,1.34855678272226e-05,5.23301009204598e-05,3.28199576732873e-05,4.2075403685104e-05,8.02701628221119e-06,2.12377578695456e-06,2.59580128365201e-06,6.35897060259994e-06,2.24558991202324e-05,3.2503808583328e-05,0.000256089101832783,0.000149388829725669,9.30334283044629e-05,8.01256090731682e-05,0.000132291372675847,0.000227781443896972,0.000238844245244897,6.52205925736861e-05,0.000241493059102085,0.000221133747593192,0.000439596354328528,0.000431158560626198,0.000103599285659456,5.95651883116996e-05,2.60483979362862e-05,5.67025625023423e-05,3.69296401662489e-05,5.49828572648554e-05,5.8858403056956e-05,2.0425627288372e-05,0.000251752593369386,0.000157122888784601,0.00016931716223763,0.000154642504417217,3.6948470569605e-05,0.000288394070710735
5.27989339080237e-06,4.97923340769652e-05,2.44476966764617e-05,5.22589586238003e-05,1.59068100079471e-05,9.40165445908941e-05,3.42765717216197e-05,4.00251465749335e-06,3.50853444318733e-05,1.41238552523357e-05,1.73261034667897e-05,1.89044960228272e-05,3.03070043886359e-05,7.45816220344683e-05,0.000223977157280218,0.000256774813483576,0.000149936535234018,0.000447367922827987,0.000250506890581251,0.000147718285708603,0.000193313793791595,7.84486815132835e-05,5.86706186343901e-05,0.00017172864968797,0.000534775934955364,0.000600493654437193,0.000609766129503906,0.000237094210498033,0.000152330862904531,0.000449897162791751,0.000144468314647313,0.000708703461345519,0.000446309409564659,0.000669531527952666,0.000248150069610944,0.000271586602461883,0.000366504132870876,0.000368711137679731,0.000402617696679101,4.5909814831175e-05,0.000143155431790043,0.000157482725380271,0.000250250369517963,7.3886005917986e-05,6.29963097158868e-05,0.000135223568462638,9.32301336691855e-05,0.00010726179208488,0.000167369237801908,0.000346784604587403,0.000857831212769582,0.000901585583107516,0.00109773349717071,0.000232368874112195,0.000482434190995116,0.000491397294577509,0.000138296819560544,5.56172395301322e-05,0.000411024703032675,5.04883443965612e-05,3.90932366499502e-05,4.03723481394561e-05,2.79202152148138e-05,2.03210640546967e-05,7.18076955183544e-05,0.000328027136073979,0.000152560334776969,0.000580994206357828,0.000916590310114265,0.00133274355864572,0.000722315031309169,0.00028628487223483,0.000766997875370826,0.000255331242807436,0.00049678428301541,0.000256214809852742,0.00107823673428128,0.000352781359216018,0.000301060448077406,0.000494174515271704,0.000340029462872115,0.000180753606742086,0.000166506545927571,6.56047158924561e-05,0.000286048856116247,0.000236469085416329,4.08254845144924e-05,2.81179893837969e-05,2.74566353485958e-05,0.000129615854474573,6.46080969033057e-05,5.7286038286101e-05,0.000115114926144593,0.000443782718696171,0.000447163369646773,0.000176437611429134,0.000247946075312295,0.000275414247664662,0.000280374941543449,0.00113898211006739,0.000236736633558296,0.000427203135739991,0.000318582353512333,0.000121036285782409,0.000141431430919857,7.65362938962663e-05,5.77591303831361e-05,0.00025318567602475,0.000258218694428914,0.000231824630127953,3.87221450561964e-05,8.15176690742749e-05,8.4419446766626e-05,9.46696462029315e-05,2.59072361708146e-05,5.51164992176694e-05,0.000100316732504902,8.21935092637443e-05,8.89568565117929e-05,7.3119442660206e-05,2.45567352784954e-05,5.08802628603327e-05,9.32071428900169e-06,1.08239739268542e-05,1.953968518634e-05,1.77159113636942e-05,1.15742511837292e-05,7.82499269807912e-06,6.97475203881516e-06,1.26562829955222e-05,5.28353938505957e-06,7.55259178562346e-05,4.29179931232072e-05,3.08684282351262e-05,5.296262146204e-05,8.16936537469084e-05,0.000177389486551121,0.000415325926035411,0.000238456054888695,0.000164861242025724,0.000249714106447962,0.000537895403534043,8.63890705877273e-05,0.00043537253234009,0.000141706723927216,8.59912777620773e-05,0.000180656569852034,0.000112615931725916,3.39194102459115e-05,6.39239651783358e-05,0.000144907471940749,0.000237338978446725,0.000652400440868112,0.00137583071557139,0.000622650143395446,0.00031322216046808,0.000310837979190021,0.000875167808034643
1.30517591931633e-05,1.8530395070979e-05,1.21784293229317e-05,1.83333534497808e-05,3.4580777021623e-05,6.1740339459518e-05,1.85650380475148e-05,9.37458709092847e-06,2.71766550380348e-05,8.13814991111247e-06,1.30474444051053e-05,2.67706387852563e-05,2.05737169378923e-05,0.000159866950651616,4.86898248490561e-05,0.000253167756179871,0.000532398507944081,0.000391900735068988,7.93310839113781e-05,0.000188839225984555,0.000179994431840424,7.17131459959691e-05,0.000172140488422742,9.57778819840751e-05,0.000114687003719317,0.000398937820350523,0.000289817813037005,0.000348681748599495,0.000742026539462022,0.000452224673007262,0.000978163771404087,0.00111741732156942,0.000257565598964217,0.00069033237073332,0.000263403204020365,0.000384178888709828,0.000389240066669604,0.000476597365048528,0.000277330379592015,6.80074320130852e-05,0.000363591386898064,0.000311666528194686,0.000125416206224737,0.000288916191846618,0.000176711757795977,0.000155616842939086,0.000170015602646503,0.000194048574666423,7.14239093889138e-05,0.000629061658893631,0.000296604570527726,0.000279459448509739,0.000389535241649392,0.000197130102917677,0.000232210598910329,8.80856332867879e-05,0.000240297583758413,0.000117384122104463,0.000118652890116737,2.90538827721248e-05,5.10682068774517e-05,2.79881395777325e-05,1.94979607591062e-05,1.86651420312677e-05,5.1076530585786e-05,5.31452875150782e-05,0.000100847240542963,0.000310005731982302,0.000602910962442396,0.000698329293676965,0.00101285249996475,0.000215710157983588,0.000470840829586975,0.000574338730719455,0.0005984754259127,0.00036061737258819,0.000571095545390735,0.000350620981731,0.000238392450254354,0.000259979439471886,0.000310647580759302,0.000336186984931866,0.000330929587098533,0.000109911823968755,0.000119865786044616,4.76978597960851e-05,6.45707777543144e-05,2.3465206335308e-05,8.84712136732344e-05,0.000143910840994607,0.000133568534661075,0.000121755798075789,0.000608283414529272,0.000526844472811413,0.000524696876571816,0.000314997233836474,0.000521904652512614,0.000429355868030361,0.000583016205144749,0.000304862803966709,0.000415672243242512,0.000182270492788906,0.00061255263079638,0.000437698553702216,0.000388976333641039,0.00011736530169487,0.000166372819544744,0.000191318466178896,0.000145337971653995,0.000457965749134154,4.31468953882739e-05,0.000253462401194667,0.000300887768239919,0.000115825157113044,2.81911297526504e-05,4.65736434412899e-05,5.64418421032753e-05,7.41205889709236e-05,5.21506370445558e-05,3.77294888071279e-05,2.70801533922636e-05,1.48561048097155e-05,4.53454531043189e-06,1.54042731208382e-05,1.96747219153232e-05,4.84916477771652e-05,2.05315710984604e-05,1.17460291442837e-05,1.01420029317633e-05,5.00068327850557e-06,1.85517585790416e-05,8.51877594320633e-05,9.52235440070295e-06,1.71812442625324e-05,4.74811635256021e-05,1.47530040101668e-05,0.000139557781349235,5.68040985995837e-05,0.000282017524669245,0.000111117032026483,0.000196379078152724,0.000222582494034778,0.000281593137561821,0.000182297702507418,6.22229913226302e-05,5.62295218816905e-05,0.000124785704558641,3.32010804315791e-05,8.41656824798214e-05,3.86104386939213e-05,5.59705505895383e-05,6.15111556552594e-05,8.52643467086439e-05,0.000519765469449944,0.000121273287693427,3.08791391617356e-05,7.7756982194653e-05,0.000261132488260329
2.62550655554103e-05,5.13942122329523e-06,7.30694065795339e-05,3.1051574063885e-05,1.82781242322277e-05,5.95627594970979e-05,1.58955091084515e-05,6.23000199710048e-05,2.99909862229717e-05,3.29118613829032e-05,3.64264967853237e-05,1.55695036400983e-05,3.46686640313498e-05,0.00012413912588469,6.41433192427978e-05,0.000112279514780204,0.000170363032682086,9.86952274848131e-05,0.00011756240889395,0.000210252695965683,0.000154826399386753,8.77721317491636e-05,0.00010014251594356,6.09193144190598e-05,0.000116207100092946,0.000159597949878786,0.000146717849452977,0.00017207230987187,0.000154405323985396,0.000286191896800703,0.000593083251839765,0.000505988953329518,0.000665836045043798,0.000238731611060312,0.000273695810717318,0.000288294734806888,0.00014701495451448,0.00033723107666795,0.00013239730887872,0.000118941561206602,0.000335607010902117,0.000241050647739663,9.70547326270001e-05,7.65361195031385e-05,7.24969916646077e-05,0.000101330461025735,8.86793730522175e-05,0.000117455659661568,0.000159380343596754,0.000214499520464392,0.000804860473989519,0.000178026519048416,0.000751644967777959,0.000203543484645705,0.000188526065288263,0.000173620347279358,2.58128177265194e-05,4.57664755364599e-05,1.26134451436553e-05,8.77565627510669e-05,0.000146160427257728,6.06570726882886e-05,1.53373170174026e-05,5.98567341733344e-05,2.74970720585331e-05,6.3149364819641e-05,0.00032425737206888,0.000698343542000592,0.00108208260749689,0.000733815409924287,0.000645643665125166,0.000343852986165532,0.000259815787652412,0.000277977016698201,0.000710353266180612,0.000322604086515028,0.000455002648789182,0.000195640890263613,0.000489903537752975,0.000218157002591062,0.000617585466252507,0.000172814508215677,0.000140182343743127,0.000267306758803386,0.000243584124015493,0.000123043232677799,6.20102006089909e-05,2.29528450918687e-05,4.34988044196106e-05,5.90132973465562e-05,0.000367781147137091,0.000230729016029997,0.000796377310736075,0.000446237646446456,0.000556259596213671,0.000436464727385005,0.000349353205811857,0.00035474503353211,0.000482823750436955,0.000238153397082185,0.000440898400758439,0.000215228268935133,0.000140261827092522,0.000267488454451869,0.00042497027263877,0.000102666155078795,8.353390453228e-05,0.000102573132949191,0.000104289279978165,0.000191495377680903,2.43776762651921e-05,8.27609945170003e-05,4.21087696992303e-05,5.87117233635051e-05,3.94932530232445e-05,4.77104157712172e-05,7.81499926903837e-05,3.3121047683419e-05,3.33332481360958e-05,2.18168763457887e-05,3.2243909975542e-05,6.72198257309292e-05,2.93878903398237e-05,7.72726300203176e-05,3.10744913904316e-05,2.33680408224513e-05,5.14239017718658e-05,2.74961928628342e-05,1.87309725673243e-05,1.26441344363391e-05,8.35293080798216e-06,1.19709326093267e-05,1.29417683133178e-05,4.10347834140123e-06,2.88093938715434e-05,6.98777839734708e-05,0.000109776963501518,0.000153157312386685,0.000157685606548261,6.96873470919469e-05,0.000363646878427908,0.000251075760786782,0.000309775982074515,6.64976153998271e-05,0.000104316967061021,4.86229531980549e-05,3.83287038623566e-05,9.05547455759043e-05,4.7543893923868e-05,2.61092308617068e-05,5.0430147354131e-05,5.73773472428042e-05,0.000182717642102877,0.000422436007724573,0.000186328996476079,0.000105780895978203,7.37159158575235e-05,4.56748106967594e-05
1.44902626720138e-05,2.69206296661829e-05,5.40766825529859e-05,4.45970489530177e-06,2.86571946555493e-05,1.34205903640871e-05,2.23293298550768e-05,1.11004950183044e-05,3.78684897057257e-05,7.96162809746374e-06,2.87716533040394e-05,9.12385388334352e-06,2.55902589932523e-05,5.02174227142791e-05,8.06175034790553e-05,5.67196096415962e-05,8.94583237254193e-05,5.68992032769061e-05,0.000197110005512072,3.4635873640742e-05,5.40798729577434e-05,3.28372011882771e-05,8.58184398979496e-05,8.7195778698314e-05,0.000105975749610635,0.000185107653786563,0.000108056646515487,0.000142564277873739,0.000232118707206587,0.000293390216007373,0.000215408135645983,0.000519562277724531,0.000275331680463381,0.000111780961729952,0.00032603956820281,0.000253945146025572,0.000127949353127027,0.000114196771472515,5.46411040322689e-05,4.00109127314359e-05,9.03716178145732e-05,0.000115595823980342,0.000107733252625083,0.000137651801974653,0.00012336106218804,8.27880091380226e-05,2.2228455266117e-05,0.000101509984789725,0.000278388929077379,0.000721543842118932,0.000693488241873954,0.00155888264250495,0.000311183119027966,0.000160325879384238,5.8600124467875e-05,0.000157625450146758,0.000186240202480659,7.65411277880133e-05,0.000101668118423,8.40266252634885e-05,4.33928316228204e-05,4.60280805458105e-05,7.10215396336398e-06,2.58584689624049e-05,3.89711336226491e-05,5.3430504534208e-05,0.000479769624027919,0.00094869498956358,0.000209264583009718,0.0001133758600575,0.000496561454370298,0.000278981453140295,0.000202954990399541,0.000219067845855609,0.000399304270969861,0.000389838564986525,0.000101387789541128,0.000189224500513204,0.000119116178231073,0.000155737225756536,8.74087125983872e-05,0.000169289051475467,6.93383336016552e-05,9.35765129142919e-05,5.799722116845e-05,8.70671704110881e-06,3.26009837886586e-05,4.33574519454806e-05,5.47501661369729e-05,7.64868270011148e-05,6.42123657628063e-05,3.20970159583884e-05,7.6381320274388e-05,7.2960553244926e-05,0.000413317484289597,0.000136100301837508,0.000128681856329836,0.000141315100449865,0.000489389686681272,0.000524914006014167,0.000437992618703582,0.000372031490027059,4.06576228466787e-05,7.42565474509202e-05,0.000288612078476537,0.000107471572395856,4.18939557665866e-05,2.29858437509131e-05,3.16006035532722e-05,2.84865954870009e-05,3.50666291948372e-05,5.88917305591646e-05,2.00872610509694e-05,9.02260217956121e-06,2.98070316365961e-05,4.42022266001192e-05,1.56804045412144e-05,2.13181981212831e-05,3.46756804098734e-05,1.95401711631236e-05,2.4361941467975e-05,5.62438015986059e-06,1.27272684967741e-05,3.64097207575432e-05,3.95201052083514e-05,2.14075556881634e-05,1.07636902997656e-05,1.84261386236382e-05,1.24999104460549e-05,8.86241120246296e-06,5.72247246357161e-06,1.69759396585356e-05,3.77858469514027e-05,1.29828010096121e-05,9.0535569078206e-05,5.01322520637544e-05,0.000199824487180929,8.43074209409863e-05,0.000109405221309161,3.84313647573717e-05,8.79405616143739e-05,0.0003488324356852,0.000180772895218681,6.72084178014321e-05,6.08742212069861e-05,2.67830558888865e-05,4.83410977895058e-05,5.47249150285222e-05,6.23077749468378e-05,4.67097303977365e-05,0.000148864419475887,7.58961807130221e-05,0.000382923332470713,0.000628545017900594,0.000175718728599356,0.000133163292153996,0.000136638468804674,0.000132905218616311
4.21686127844837e-05,0.000101595155047107,4.38724282644782e-05,9.92338181787412e-05,5.4586058742917e-05,6.30898869734943e-05,1.66386552004418e-05,4.75852100311299e-05,3.73474864573506e-05,4.33900741402644e-05,8.37418232061519e-05,3.92644923140343e-05,2.89196480945448e-05,3.22578622271533e-05,4.28328155928856e-05,3.39327946522188e-05,0.000263264878995039,0.000128977286789738,0.000358403352092547,0.00030850539919584,0.000285749579722018,4.78533687359068e-05,7.59070403513907e-05,3.68497103246871e-05,0.000193190657651099,9.92680958704751e-05,6.00838295265177e-05,0.000115177490012259,0.000474931821488225,0.000818956408456571,0.000534194224449531,0.000292164778354475,0.00300907379823698,0.00293737416582878,0.000873137975481371,0.00112865596340181,0.000270828256180033,0.000667745697219172,0.000574521079646205,0.00015014794743036,9.5728710651339e-05,8.50143815270937e-05,8.8552064660323e-05,0.000152081723535695,6.11338429519251e-05,3.55910235013241e-05,3.06297851391895e-05,0.000140827477960009,0.000238205660055256,0.000337874171728865,0.000390970452011967,0.000208870791241435,0.000119179271353288,1.68366023641962e-05,3.34634705149665e-05,3.55463639137605e-05,0.000154178723200609,0.000109286926631811,2.25770532885827e-05,2.72471142092125e-05,7.96295987079431e-05,4.28675804357811e-05,3.0877526187868e-05,0.000128553340699334,0.000119283640369214,0.000209529746345503,0.000462539498843129,0.00449893363383431,0.00108967067411361,0.000703465466506447,0.00588043434606331,0.00185736735321273,0.000909687592702965,0.000494949790179473,0.000403190148659613,0.000336826241806852,0.000563121447565262,0.00225521485597513,0.00179237251946917,0.000317757100919957,0.00133105250682183,0.000605665792216937,0.000653482175463311,0.000360379575367306,0.000211683359668462,0.000233256809920469,0.000191498903789303,0.000313814722511482,0.000393377729565961,0.000541240811812723,0.000265918169734229,0.000718886382832009,0.00133844249026445,0.00257853106178508,0.000734418734583899,0.0018562793715235,0.00276545102519278,0.00152734550665482,0.00345536777590182,0.00330689396640051,0.00120526058180455,0.00122067185720348,0.000710106574715944,0.000483010344857251,0.00125565640583376,0.000371157569859878,0.000315281616098656,0.000183500211180974,0.000180177641672187,0.000129969246908673,9.90621454591858e-05,5.91457666463589e-05,2.47449886369e-05,1.85489859589438e-05,3.96617703509185e-05,4.08528978969135e-05,1.91118578385178e-05,5.12435223313548e-05,2.27369893087324e-05,2.69780220539541e-05,3.65099897293771e-05,5.08665700307711e-05,1.61372254326446e-05,3.34906021536314e-05,1.26512578169312e-05,4.39503616227761e-05,3.16407818614452e-05,7.20312539980171e-05,2.78872547912609e-05,3.49537034642153e-05,9.1773630599693e-05,6.02913235736669e-05,0.000111485604079305,4.68726115176112e-05,0.00011345024452817,3.59936614093325e-05,0.000131563432235087,7.50819545028808e-05,2.59123505117806e-05,0.000177285138338735,5.90948990231852e-05,7.23584306955754e-05,0.000166527738277859,0.000122265413117862,7.4502362664715e-05,0.000206715824569033,5.35058352826398e-05,8.51967873775489e-05,9.01952570643986e-06,0.000294014195391991,0.000260990449082704,5.58703584836396e-05,0.000232628834348995,0.000164430662002598,9.47928973503192e-05,0.000130126858656005,2.63998777075169e-05,0.000195858596666849
6.8984531292647e-05,4.23852978157431e-05,5.52884452551422e-05,7.45028352063224e-05,3.63692597585739e-05,6.33764939237988e-05,0.000112757677676901,2.28095431571835e-05,6.26694151654733e-05,2.16429563866626e-05,2.80881087007891e-05,5.14191409264819e-05,4.21379128106312e-05,8.16520559317162e-05,0.000549944623660386,0.000473768798561527,0.000702088632881716,0.00204362436603465,0.00279021279698877,0.00289109655015265,0.00109037244113968,0.000849325191162922,0.000404513073058995,8.0702401078327e-05,0.000198781614005939,0.000733428694265737,0.000222039396737138,0.000762848183501021,0.000641412972725124,0.00396187837885845,0.00234327858853955,0.00129423836867337,0.00107208529882269,0.00141751170400272,0.000364208767905112,0.00237781259717183,0.000192875327864936,0.000262696926342158,0.00109423007895834,0.000681000244458047,9.90970333696831e-05,0.000184062194129906,9.86367545675371e-05,0.00015525257211124,0.000119970307424719,0.000135669428086569,0.000120627515050486,7.95547957115419e-05,0.000302764292669585,0.000239505452035257,0.000412510525894789,0.000450640072392084,0.000419185298860089,0.000212131457685325,0.000262815447416011,0.000229888681762096,0.000104975888446928,5.83056953872469e-05,0.000121545950251107,2.87211121080852e-05,3.53024863282642e-05,4.177742653133e-05,9.50639926742774e-05,7.47844101342289e-05,0.000177868310462332,0.000341013947270023,0.00169446589827763,0.00130286068636072,0.00133316593499949,0.00124047451914233,0.000478679361878707,0.00118455780315694,0.000579780249212324,0.000691711139630974,0.00174254148645207,0.000525352394840904,0.000577489960417915,0.000731652998719464,0.000551115295657719,0.000213392943400405,0.00049232193206416,0.000419936794052284,0.000586844542043099,0.000179818562874257,0.000118705637325096,7.19383018461017e-05,1.95883375234302e-05,9.02158899162665e-05,0.000470685633818179,0.00029718648638385,0.000529010757850607,0.00124782271860046,0.000837064300623589,0.000810675770399965,0.000496085738794637,0.000327959525875456,0.000935345536035104,0.000396421475844929,0.00113521549729327,0.000331725836413408,0.000143360240097129,0.000617918618488057,0.000168779891208828,0.000159282691302543,0.000152525314601275,0.000174433023797834,6.35354014478114e-05,5.73433208104414e-05,0.000227743796122447,5.25383384622367e-05,0.000190951819303736,7.7373010559984e-05,6.71257146614365e-05,9.27928296728664e-06,7.02264520080296e-05,0.000102015217038544,8.50190252038774e-05,3.40961230066058e-05,2.16184617227261e-05,3.09736025253623e-05,4.13971288008571e-05,4.76225755101083e-05,4.49505657169425e-05,1.90061986708919e-05,4.20495107535856e-05,3.31660268533284e-05,4.10988046166439e-05,1.28410547229225e-05,0.000138345404310719,0.000100881109072722,1.53288903262105e-05,1.45786466812974e-05,9.43616890875931e-05,1.15970587190457e-05,5.13801628964465e-05,8.03687762030009e-05,7.91278476212688e-05,4.6047388006318e-05,0.000226530632276259,0.000248778048255764,0.000125039269008409,0.000203326077298896,0.000113745731425982,0.00024595138040493,0.000154171874012692,6.73693414697817e-05,0.00013414920410655,0.000159396988537093,6.21815946814475e-05,0.000125338674126907,0.000111340543281653,0.00010104925434711,9.49354242090649e-05,9.27445292546762e-05,0.000161081599527967,9.14951872353137e-05,0.000109311935673837,0.000253514592711117
0.000115255520563323,3.98759105854984e-05,8.82634233748533e-05,6.94300481200652e-05,3.02156508064321e-05,4.03900303834026e-05,1.95852104394469e-05,0.000100767544993049,3.72493715046425e-05,5.65914173786863e-05,1.50134785749058e-05,5.42818203929219e-05,5.5033288236295e-05,0.000137194722746755,0.000238753019217461,7.63213687730928e-05,0.000823485306472688,0.000233810752939402,0.00110808635688883,0.000301618945664457,0.000336732710248279,0.000187683776588048,0.000127645281550224,0.000352109041765737,0.000818714236029559,0.000521853474150563,0.000937627319265696,0.00139617435895052,0.00100491621224975,0.000484708593705821,0.000322961943336492,0.0009745069496088,0.00077928519331058,0.0010613280046328,0.0013326647165934,0.000637070141156753,0.000376205403296795,0.000589795768445541,0.000676434073909208,0.000248341509692253,0.000160258253549353,0.000322851209799006,0.000223663651864053,3.87558727314281e-05,2.15579134543682e-05,5.95951762093878e-05,6.29299215468861e-05,2.00997990425565e-05,0.000127946196628459,8.27300466967343e-05,0.000199171762422211,0.000383663890083525,9.38336199825209e-05,0.000164103887666722,8.44771001938397e-05,7.35597904307123e-05,4.70952345095196e-05,4.78709489403543e-05,6.31025869301411e-05,4.49966558034299e-05,8.7884812626306e-05,7.55507601258059e-05,5.05232325536121e-05,6.02938074674597e-05,9.37987254205386e-05,0.000138296104750215,0.000567625520561253,0.000645035729163299,0.000840513697192199,0.00141575329126473,0.00111038874867402,0.000414720029039515,0.000570770497520565,0.000287311417095947,0.000991028013870722,0.000661602199718667,0.00169886662050222,0.00026731824342874,0.000494899436930683,8.60264303682429e-05,0.00017395448251241,0.000271533504435582,0.000332918133376777,5.05982939853525e-05,0.000107776225482534,5.87659982480732e-05,6.41556936789734e-05,3.52384708628862e-05,0.000165751665240484,0.000173487515694467,0.000327470820844749,0.000248573928838499,0.000219537169757407,0.000323881336252151,0.00119311675430121,0.000427186809521401,0.00103432543006956,0.000237554704098374,0.000600800976728251,0.000933608900958185,0.000573581284056283,0.000489733097218638,0.000375399967912274,4.38816750825005e-05,8.22911015042411e-05,7.76395830628904e-05,4.69372267374223e-05,7.03106078211095e-05,0.000138508446597565,8.8312093115249e-05,4.58789131059178e-05,2.04030579191924e-05,6.50379304892745e-05,5.58567974863664e-05,4.43015631286456e-05,3.58122577356515e-05,1.42466487945585e-05,3.0011259952256e-05,0.000135418962081372,1.60368260946795e-05,3.12153920233002e-05,7.3017897879519e-06,3.21394562208626e-05,2.04344607699562e-05,2.87527073111697e-05,3.66530753019834e-05,4.48323487079443e-05,3.9007252225095e-05,3.84759103381192e-05,7.64532999566207e-05,6.38327875474726e-05,2.06354455383545e-05,4.20658370258112e-05,6.37063127979743e-05,7.93081521713203e-05,8.38649823563338e-05,2.97190638414467e-05,0.000143161077227433,0.000101109925152353,0.00032828562097306,0.000305909834673986,7.29649080107146e-05,0.0001496215665733,0.000152228378300597,0.000104729540422656,4.43538185654709e-05,5.27860567345606e-05,0.000103676340980431,2.77868890519327e-05,5.26666860028061e-05,0.000116147714247556,4.13952842589557e-05,9.99452983211467e-05,9.01322078975459e-05,0.000128561076603856,9.40345321905501e-05,6.0019449163538e-05,0.000230813943264804
0.000125510141235569,4.80992121017343e-05,4.06729619589549e-05,4.21630196607967e-05,2.19098336725222e-05,9.16209047056112e-05,2.91040017199743e-05,5.81949109289796e-05,2.37209028346571e-05,2.55404209031125e-05,1.91198890377927e-05,2.51080087697939e-05,9.6822260581983e-05,0.000143687903195426,0.000348523264429715,0.000276024303582812,0.000893405879506869,0.00066112964494658,0.00106108899732658,0.000443732903311822,0.000762273991361436,0.000233513378057852,0.000102152883400683,0.000150539596496819,0.000231737352463892,0.000770602800072534,0.00073602472898755,0.00168513707437418,0.00134365613323939,0.000970751717762944,0.00192105080111851,0.00206739923543345,0.000284458101179619,0.00101628091677824,0.000791444702512647,0.00040117864623022,0.000666792706743969,0.000468210781571684,0.000307690881075635,0.000270148582206929,0.000236933279057796,0.00030882141881998,5.64174925948574e-05,8.25221964279267e-05,5.23187813012988e-05,7.0341267795632e-05,2.65805393785999e-05,2.64726733470717e-05,0.000111803621161438,4.24225141428093e-05,0.000120687690768572,7.21033160003642e-05,0.000130431434718686,5.90093767762027e-05,8.06742625703177e-05,0.000101801521876678,0.000130320639236406,9.39756533965744e-05,0.000110336419413576,9.35103347063969e-05,6.39895730247501e-05,6.15385686712485e-05,3.22264147255734e-05,0.000166367100112759,0.000391695488241381,0.000418800729592573,0.000903586798408563,0.00068009662992742,0.000382126857883969,0.000926412924604967,0.000420039089739147,0.00128138473242205,0.000797410569780659,0.000338444625223211,0.000175734321099657,0.000270892308894742,0.000273754066817958,0.000180682346577078,0.000279602485819976,0.000125128111257142,8.05090249704925e-05,8.8378419914304e-05,0.000135114097123203,4.6279951620617e-05,0.000118409939670031,3.78171527336387e-05,0.000215670330483615,0.000143377888146104,0.000677716087803672,0.000837682741205433,0.000751390452541206,0.000846189631962138,0.000653817670626143,0.000893916607304495,0.000573199826404235,0.000504294577123325,0.000676956590299158,0.000313493193020339,0.000404071435646288,0.000420343992524185,0.00015042106660082,0.000376194542754392,0.00019862266549565,0.000112182353789241,2.97627971513213e-05,0.000192177791320299,0.000104734431087281,2.65425165865607e-05,3.13176947329921e-05,5.35201494877098e-05,6.51969175903725e-05,3.44344834540317e-05,3.97624496975086e-05,5.84851113381133e-05,0.000119738843753503,2.17369692715844e-05,4.86620745202283e-05,7.62154955671193e-05,6.64064008497843e-05,6.15315239792623e-05,3.3291498088363e-05,7.14105982017739e-05,0.000117804469697187,4.22661967008215e-05,7.8521645468526e-05,7.57537385093821e-05,8.07474393527326e-06,4.0333040061701e-05,0.000139512269198101,3.13241991844761e-05,0.000104573064424104,7.28326390504603e-05,3.94389816525945e-05,4.36775515666919e-05,0.000144595353766032,7.8177692421181e-05,0.000114297113974595,8.16454802903168e-05,2.60848684782487e-05,4.03779315335138e-05,9.66783026563508e-05,8.32787006278133e-05,8.97795547993345e-05,3.01318834277911e-05,3.42038408093194e-05,1.94534981257065e-05,4.81084853502066e-05,2.60063768171059e-05,4.24661409201612e-05,0.000146563788377278,0.000334687804337644,0.000167309386819614,0.00028756939373203,0.000197975801365622,0.000208998310493467,0.000297034887096096,0.00015029323402652,0.000199874515659426
8.90032526519257e-05,0.000117577316339488,7.23442760576032e-05,0.000106186722286617,9.59250717340371e-05,7.62988410477487e-05,6.66505591352705e-05,3.954286705578e-05,4.455233069122e-05,1.42275269723079e-05,4.96295528167385e-05,6.86143332678412e-05,1.08289932433551e-05,0.000251231390168332,0.00020922647885073,0.000200868233051776,0.00120291256375183,0.000919379092355718,0.000469729240672308,0.000430764693233582,0.000355236925400068,0.00145566354410634,0.000359898339852107,0.000844125103950205,0.00138155753144406,0.00162908257975181,0.00111868600963724,0.00335547570822662,0.00169416814954066,0.000799877793343106,0.00149172912141375,0.000717230569392338,0.00035483324084364,0.000597508374645552,0.000222307791127283,0.00062861243907263,0.000710060542655755,0.000127613156334114,0.000438120483236849,0.000110281919567925,0.000115508089164422,0.000107735772571783,0.000149747557580544,8.73399661165422e-05,0.000109685768737887,6.15879749231635e-05,4.8151345963471e-05,5.58142070178008e-05,5.27037929528078e-05,8.39462581824682e-05,0.000121660362729369,3.09549920584449e-05,0.000111097687712586,0.000134067586257121,0.000113263769092839,0.000130932773717134,0.000107210715139994,0.000176016567006394,0.000128708845162531,0.000233088406114,8.90381740712363e-05,0.000114918690754262,6.74234198905563e-05,0.000550290617370142,0.000403268962842473,0.000973662876819628,0.000488665929988232,0.00182982867483393,0.00204247381401588,0.000380598609601941,0.000702730543881752,0.000847665761464856,0.00215247914151643,0.00161087369391517,0.000600171326065878,0.000686330660673078,0.000617073498432262,0.000598680627726521,0.000408206661486804,0.00013097067758234,0.000170693969596244,4.54349761590543e-05,0.000256025942550244,0.000147493438555275,9.75275069997974e-05,0.000179087126480732,4.13014257039141e-05,9.99825408748254e-05,0.000632686317240692,0.00109726026005863,0.000407860049440206,0.00077377089350827,0.000606503361639436,0.000133698273920914,0.00132041372777779,0.000288249784613449,0.000482120141388398,0.000931075823068054,0.000233294212609785,0.000393736649499226,0.000220850406707841,0.000444702578492444,0.000148154294091965,7.41029388554643e-05,8.76117484140839e-05,7.74022587968171e-05,9.10500408413778e-05,5.21666092234973e-05,4.0229083485478e-05,0.000168902763942692,4.44952209510707e-05,5.34289427607119e-05,5.41528562797833e-05,1.11504157510672e-05,5.27235487610801e-05,9.126166463964e-05,6.23194749687561e-05,3.77861745910374e-05,2.45455175935319e-05,6.92999732623758e-05,1.52957222629705e-05,5.53533027922899e-05,2.47395989160516e-05,2.67986824746865e-05,7.43561324214274e-05,3.25261763956533e-05,8.83556969173951e-05,3.60063374143832e-05,0.000239536833601205,0.000216566348705634,0.00032657557568883,0.000170181603928832,0.000206376650150585,0.000119320393730238,4.69485214873981e-05,6.26317805338541e-05,0.000208972073119305,4.2167804955496e-05,9.22509502855731e-05,0.000130541346486419,3.40994856538749e-05,2.97728591648275e-05,9.94836582947698e-05,6.30431097784467e-05,0.000108122558479664,9.58544700672196e-05,9.12474665513425e-05,5.91019286235205e-05,4.32668907329099e-05,4.66590387600326e-05,0.00021312491730128,0.000759722716386357,0.000338542799278177,0.000359630977913653,0.000306091364589138,0.000102802949293296,0.000175995120929174,0.000288615643669567
3.17984151871048e-05,0.000127999064660245,2.81807537736963e-05,4.81935239293797e-05,5.85894563185992e-05,0.000153929523836323,1.64013786626795e-05,1.8159109557695e-05,6.59726036424827e-05,1.81205018901686e-05,1.58819121258082e-05,6.15032559349816e-05,0.000170210995596631,0.000129119120334935,0.000143969134118458,0.000592758617650436,0.00124672550162122,0.000360777666243426,0.000605055459117747,0.000266449738223257,0.00019222961631743,0.000335280770671644,0.000174591148660547,0.000149172231490356,0.000334622293048211,0.000968496769315678,0.000826079022070718,0.00156503758307546,0.00238486358640814,0.0010086696792141,0.000858282103613388,0.0011130827724164,0.000298364188429456,0.000331760007876391,0.00048850821380347,0.000503010660176283,0.000107941877035305,0.000154852100958967,9.35989151966993e-05,0.000151928502786064,9.21858853189221e-05,7.00545356504067e-05,8.64768036435678e-05,0.000129600085976537,3.53017287046654e-05,1.52937098772482e-05,4.80611245178033e-05,4.46485263965686e-05,7.58989254187817e-05,6.171887046728e-05,0.000134052796425397,0.000106523394201742,0.000115462306233348,0.000141577967524829,7.41292189176072e-05,4.08852525948497e-05,0.000166549414285574,0.000140524153055601,0.00015946023280954,4.56446286310259e-05,8.19653807903582e-05,0.000143953612267123,0.000146118011409181,0.000245589847210309,0.000400495267469152,0.00140924002661892,0.00127336452005232,0.000331971136899913,0.000779364798370436,0.000901140815796527,0.000253680576669347,0.000404030892028733,0.00122679974478255,0.000728259893310541,0.00121206903682954,0.000662975322083547,0.000425479380306142,0.000343748133663302,7.27648382220972e-05,0.00017807800999523,8.50180484541731e-05,6.20799749749032e-05,0.000210346207590521,0.000186141539831243,9.53703199112572e-05,5.52363904074407e-05,8.06535457292218e-05,0.000161877924986509,0.000199610406217642,0.000131959459490486,0.00020368538360718,0.000252938887424228,0.00022542771120104,0.000272246444180423,0.000204818448806061,0.000281797055006487,0.000106207897076406,0.000219173675813028,0.000261259789670931,0.000511407607031121,0.00015892209652626,0.000103160194422703,2.77102849664973e-05,9.79240234481928e-05,9.41602336227043e-05,4.7316295586805e-05,2.32742833153706e-05,3.5508381866913e-05,4.36770642215408e-05,3.74713907850262e-05,3.03181567834037e-05,5.26960258351229e-05,5.26423032023982e-05,2.86407535242556e-05,4.8752232988904e-05,2.01258287963298e-05,4.60147300094837e-05,2.84311419056159e-05,3.12835736698831e-05,3.69426958278182e-05,5.65691495545769e-05,4.75465956804654e-05,1.76205149716935e-05,1.86012356030666e-05,4.23163030095313e-05,1.35532102685016e-05,2.35821472467574e-05,0.000261109028801747,0.000380526866364215,0.000178175348868622,0.000200997328905001,0.000216411058438493,5.73342240663158e-05,0.000141793089156431,0.000176930860081869,9.93468471809495e-05,0.000599444017711736,5.30218039637965e-05,0.000154732516292392,0.00025844039129787,9.26955837056422e-05,3.33498640824611e-05,2.47332311045184e-05,0.000124260222403641,2.92585728350426e-05,4.57627701383371e-05,2.85764205488935e-05,6.28333577390783e-05,8.47094311993842e-05,0.000227447125458701,0.000117825894206346,0.000756151793364162,0.000320059359300304,0.00102815004958737,0.00028775769313606,0.000283728279811709,0.00016413666553163,0.000265778235991374
6.24576508528067e-05,4.59744257519226e-05,5.43116765876488e-05,4.87601730712625e-05,2.56884595493575e-05,6.69005904088574e-05,1.56675625510525e-05,2.7997915480928e-05,3.10171556796413e-05,1.71403004735488e-05,3.5800136757184e-05,5.34359626126444e-05,7.98099921970143e-05,0.000148370838302219,0.000301591986849328,0.000439913938524563,0.000895490792694521,0.000357051952674354,0.000723243928654918,0.00115363780555303,0.000622250281193205,0.000327461540300269,0.000292638940812171,0.000123236611881497,0.000131392508651358,0.000259343786970039,0.00104184509464784,0.000999960215905871,0.000335881502363579,0.000967641328253162,0.000555262993352921,0.000135817145518741,0.000226625081045583,0.000334552428803648,0.000441056952094453,0.000227208806259294,0.000287093334649548,9.11212266322054e-05,0.000179910200350378,6.26895243667252e-05,0.000126988089455013,5.77192475480038e-05,1.55903673276474e-05,2.6461690888033e-05,2.1328886834987e-05,4.22570799173614e-05,2.00345908000357e-05,4.65546581463125e-05,7.88498594614433e-05,0.000101118238408349,0.000102033341556329,8.58215118182968e-05,6.34121840738966e-05,2.09423519997562e-05,9.22207006745434e-05,2.07070483525128e-05,1.54815625153329e-05,7.1817246224295e-05,0.000216450666076011,0.000185330603853315,0.000277635193033038,7.45852397260619e-05,0.000206092840306733,0.00119887456558194,0.00137651098683325,0.00024165632016957,0.000556777314683037,0.000872912872314346,0.00133732100329383,0.000970711496809652,0.000290161592980715,0.000438663586587927,0.000349870742188926,0.000783399219155017,0.000789462804327275,0.000472889140165184,0.00143649257002415,0.000136557115549468,0.000550863803958642,0.000292142051498747,8.12720616807664e-05,0.000139783687851183,2.36800407489328e-05,4.03503392323123e-05,8.16842572167181e-05,2.84413132925524e-05,4.99432299789312e-05,0.00010026696213944,0.000223490841784062,0.000328803165702548,0.000144591035933491,0.000236764096802206,0.000512519599570336,0.000429501948865682,0.000448658594632953,0.000199427141525152,0.000318378915282789,0.000399720412438649,0.000393979137834595,0.000130710620138249,0.000105636233094349,1.88448213325116e-05,4.43506383830944e-05,0.000130472851901139,7.80967633683081e-05,5.82391933361869e-05,1.72640446847769e-05,5.70822276088795e-05,3.01013348081828e-05,8.16939385158964e-05,2.5919407206902e-05,4.36802010557184e-05,2.07450094787979e-05,2.67183400355701e-05,3.63243867279683e-05,4.5023464639911e-05,1.82921442152377e-05,5.25601786519245e-05,7.20824832158517e-05,5.31114313195392e-05,6.25120536474966e-05,2.40871031485091e-05,2.20654546451704e-05,6.10216154631387e-05,7.28727129318008e-05,5.26547162196295e-05,3.64166867734426e-05,0.000509343618916934,0.000470341382799717,0.000535642090281559,0.00047146152177844,0.000565228910054957,0.00075620873945203,0.00030128409579247,0.000574959290541696,0.000378982347120509,0.000226383794435468,0.000352039665586501,0.000134570466209883,0.000166578262881929,0.000212404530938728,7.76274662224658e-05,0.000153566070233029,9.49797856568918e-05,1.27514747663713e-05,7.29416165921558e-05,3.27252490685422e-05,4.50139754229946e-05,8.31301823854368e-05,7.80225580893565e-05,0.000148557134815265,0.00036141308421727,0.000767191886525233,0.000634397991531391,0.00065142485228136,0.00026694202593733,0.00015397411379383,0.000232792335137873
2.74772257842296e-05,8.23582748488816e-05,0.000107843254010472,5.90779443509188e-05,2.4733828100656e-05,7.71464493464533e-05,2.28458206974778e-05,1.90061296149445e-05,7.8514203447538e-05,2.04408550000492e-05,4.11922917924496e-05,7.98935195126921e-05,7.95329052317573e-05,9.44041783452984e-05,0.000492270550105843,0.000758070908291044,0.00164166125536213,0.000782614368440958,0.000972036350542512,0.000398923228948338,0.000690350109404304,0.00094782901020265,0.00127135398836154,0.000852695214003958,0.000286625323674555,0.000889120648159079,0.00218076465666044,0.00038950077155953,0.00111977706536083,0.00220453194427398,0.00132523218254176,0.00107541051479467,0.000858068868307912,0.000374240816791049,0.000525929252711172,0.000100440661800536,0.00012685686033003,0.000468682620794671,9.15351937968212e-05,0.000163858630216029,7.75228570994447e-05,4.69682147219167e-05,4.08817625632671e-05,8.80666501132579e-05,8.36416017955934e-05,3.67574400549753e-06,6.85393513783721e-05,3.52988948005442e-05,4.90148847328505e-05,3.45116761782046e-05,0.000156347000611499,0.000168009453815303,3.59687669569144e-05,0.000115491133100245,3.54131708321074e-05,7.89469622012436e-05,7.8111046366209e-05,0.000147624384559336,7.3223586049494e-05,0.000317032372001218,0.000158608242322866,0.000573049658287593,0.000350369564958474,0.000910850677526122,0.000500086361639891,0.000518902466674287,0.000314194881270449,0.000645911636190902,0.000521852516352861,0.00099361607339359,0.00135893342601857,0.000607271265734421,0.000738505591763405,0.000601036402853879,0.00155305480898719,0.000590416236246825,0.00163291079730788,0.000493896430275345,0.000484934300583904,0.000314733891763385,0.000375427398413779,0.000292881737661244,0.000173231958659349,0.000218309605790641,3.86594187461143e-05,0.000140482094088589,2.12326809187583e-05,5.02226697076217e-05,3.66051732175555e-05,4.37732841263837e-05,1.95147591480141e-05,0.00014770581963891,0.000195096830594349,0.000114907776065518,0.000280874467976996,0.000185541282021765,7.89295341215071e-05,0.000259151462853908,0.000454167777847962,0.000507538802437076,0.000153759770375901,0.000274132768392239,0.000168043202074888,6.41093654056239e-05,3.44678296319306e-05,3.14862488890387e-05,5.86972546128352e-05,2.32519513279093e-05,0.000102561266019764,2.79372132520173e-05,2.42369674492173e-05,2.89279529147593e-05,3.84155246166341e-05,2.1830184140883e-05,2.54150541975696e-05,8.3793428868826e-06,2.05961618192621e-05,3.03999740094191e-05,5.26270171640508e-05,9.92794169449173e-05,1.60248358953473e-05,1.1709335200568e-05,7.09801974418395e-05,7.08185538636466e-05,0.000109038737256124,6.25493022375629e-05,0.00031262421026458,0.00158277592193337,0.00191201869734714,0.00620069227882015,0.00107046403829758,0.0032566345133602,0.00155188230940826,0.00145809726130143,0.00092695546457104,0.000431069903725988,0.000845334937219956,0.00102724932863371,3.76721099473261e-05,0.000512846334293809,8.91091691577885e-05,0.000600841322830592,0.000228653283929295,0.000281680939438719,5.98256100796726e-05,4.84249544344657e-05,0.000347149883368279,0.000156421078559572,0.00010487359997842,7.66485891388063e-05,0.00028158464252193,0.000295888852072996,0.000206134490594312,0.000221511111090487,0.000209090402797592,0.000247910437506616,0.000209467566259738,4.95989060759959e-05
0.00014732174094643,4.35945348594426e-05,3.91746361664595e-05,0.000112978315331999,3.72637842637652e-05,9.4403656668235e-05,4.84624139260892e-05,4.29369100477937e-05,7.17074138850515e-05,4.71421866677691e-05,8.53857671933835e-06,2.75023202573078e-05,6.68777598699504e-05,0.00042220305782079,0.000453999462730203,0.000890573442788402,0.00115335511412745,0.000434640932152052,0.000428610627046543,0.000664843887776242,0.00106722616850217,0.00026302828998103,0.000433398458466708,0.000499215630289772,0.000416138631965209,0.000443149389505949,0.000791628246621202,0.000696815904858595,0.000691670296985901,0.000714294650164431,0.000667070840249053,0.000341150042449606,0.000193139902775128,0.000372996147659547,0.000487242581057019,0.000226001589259505,0.000170887122350943,7.31264983077694e-05,0.000253727852001424,7.07227907498018e-05,2.93635600700834e-05,8.91009151851011e-05,2.73120784286791e-05,5.91998901142536e-05,5.68622795709973e-05,1.5519639878353e-05,4.29581834237013e-05,4.1636328434225e-05,5.56915245959938e-05,4.5606623947159e-05,0.000116338557991809,0.000211310353060416,8.4158477749812e-05,9.0855246204811e-05,0.00010845316473852,6.25704967196352e-05,8.15592040519329e-05,0.000249939399086455,0.000423139076565364,0.000156248739311539,0.000167265606930102,0.000166833682012725,0.000183296761129953,0.000521783216106368,0.000415981318088488,0.000621640969774222,0.00070843994824786,0.000450434078223652,0.000187924774213708,0.000474824057290889,0.000297265459825571,0.000224810301608605,0.000477661430158971,0.000491232406004752,0.000560477773159731,0.00031809902201516,0.000365752435993367,9.77586668234017e-05,0.00014152274727996,6.70842802846833e-05,0.000174878626257131,0.000196519784844681,0.000167477969091874,2.88513165935717e-05,9.46370077856461e-05,3.3461221653645e-05,1.87999431082208e-05,3.71776365464427e-05,9.9133824842551e-05,8.89279693669651e-05,0.000143182823786172,0.000257122875569806,0.000171264754788647,0.000184350295762829,0.000165625741574426,0.000120223907719125,0.000212226077075194,0.000330250282947242,0.000143635599049415,0.00019953116128694,0.000123995939673459,8.71468560837341e-05,7.55481688632369e-05,7.59415415102053e-05,4.5749898600038e-05,3.83285970198653e-05,7.90458127160006e-05,3.16889487528541e-05,4.31603282306972e-05,5.45639223798629e-05,3.95390207751718e-05,2.16110813788069e-05,6.70824530142158e-05,6.9811923635639e-05,3.03402821227378e-05,3.99189143410444e-05,9.59891177833929e-06,4.27842147859681e-05,2.13737763200165e-05,7.37903528896773e-05,3.01827065539415e-05,3.07559909600326e-05,4.63858108911525e-05,5.07674360406528e-05,2.51930358857946e-05,0.000119285523662007,0.00039456990388854,0.000264007372034612,0.00105612879175976,0.00118285256025509,0.000845885509072275,0.00087225816396876,0.00141826669737313,0.000582211498557701,0.00070853339662194,0.000290990567370887,0.00146591648100182,0.000254080198164657,0.00014851009744874,0.000277204043421228,0.000243609311510689,0.000531806817142326,3.73470323785779e-05,9.16775031933232e-05,4.79985681942142e-05,0.000134532434784957,9.377889203626e-05,5.02129607444173e-05,4.43681341400755e-05,0.000247967721139185,0.000150232792357444,0.000203412376201383,0.000341986135332709,0.000129101610771268,0.000108219399964248,0.000149374377635291,0.00013298595652497,0.00011379818665734
5.20122482083537e-05,7.10657303245015e-05,5.53312509565671e-05,7.40347369242499e-05,6.20661463446738e-05,2.15120945679868e-05,4.40465814855814e-05,3.05064866791348e-05,4.10445550446381e-05,1.64228204034482e-05,8.00082359823417e-05,8.17140426794687e-05,6.77809200260502e-05,9.49636403759089e-05,7.42244695988856e-05,0.000254705459902476,0.000366869039299861,0.000291795084746557,0.000419548696277258,0.000345929396751497,0.000526573877180151,9.10381689857276e-05,0.000317910000243379,0.000192935258118793,6.97186662935607e-05,8.68042588784438e-05,0.000414941406399611,0.000176239051261709,0.000312230436045,0.000590919363632377,0.000240142285343874,9.81884302233066e-05,0.000118386236084389,0.00031729802872378,6.00483190005459e-05,0.000163020455160695,4.24035839456172e-05,7.09845509049416e-05,0.000163515448115068,7.20551157663836e-05,6.63668044348906e-05,5.1222872262444e-05,5.37643872671088e-05,1.8225242110419e-05,2.10305152999049e-05,7.95526550744174e-05,2.60199541416075e-05,5.90410464561896e-05,2.66014734106209e-05,5.94880611170604e-05,8.88540946873052e-05,5.83430468622393e-05,5.73376439436739e-05,5.60891040984821e-05,9.383674821358e-05,9.82219355115945e-05,4.65315454430519e-05,0.000126721684011018,0.0006488509397023,0.000165387792999683,0.000108076021255267,0.00032195080648548,0.00021756918306394,0.000277499284988844,0.000606331335268144,0.000526634015786174,0.000363541397857557,0.00018462657477823,0.000274429048679537,0.000213520630176891,0.000319719579145888,0.00022245757228268,0.00028359088282387,7.69413725257425e-05,0.000263561926404554,0.000293984117409882,0.000191614997303889,1.83228954267725e-05,0.000112477743409537,3.59676436723908e-05,6.45909178581018e-05,4.95879105287018e-05,9.86080173242038e-05,0.000106697974703372,5.04555012106425e-05,9.29417314398603e-05,2.27278187904101e-05,5.97266612404002e-05,4.57610168177745e-05,6.65332792212195e-05,2.38528812519158e-05,5.92547477714795e-05,5.3043451117068e-05,1.45303909526909e-05,4.39873839921801e-05,4.39663073088342e-05,1.52588025430109e-05,0.000114581125532388,7.11006482086381e-05,6.294370015915e-05,3.91179231319255e-05,8.10571126747368e-05,5.18847487836018e-05,1.11917637147206e-05,3.62649365403263e-05,2.16579584699158e-05,3.72583117690226e-05,5.23965969731674e-05,2.59323336821113e-05,5.5930445784484e-05,6.53379775742061e-05,2.71169985885224e-05,1.19803284259708e-05,4.44763878913023e-05,4.69555229171509e-05,1.47912595162934e-05,2.22090700338979e-05,5.09344722459619e-05,1.07777854836617e-05,8.87383929839526e-05,6.69286179878298e-05,4.73399791485805e-05,2.76840381901003e-05,0.000106832590796476,4.25773166528179e-05,0.000157221452706888,0.000167602123703003,0.00391447363203764,0.00454125267715857,0.00824335042103751,0.00173767976582338,0.0039059465007081,0.00183759522155188,0.00172224693649217,0.00143284071815929,0.00143164078487283,0.00167424274057332,0.000379126196214873,0.000515248028584613,0.000383184278991327,0.00025307505215288,0.000119523465726684,0.000125016250620852,0.000126505053068343,4.89220054333006e-05,7.39069193533166e-05,0.000109471596597811,6.91047877551651e-05,3.18856991325678e-05,3.15331272197503e-05,0.000177835637529229,0.000136568155021181,0.000108445450214662,3.93865270079937e-05,9.55037923739189e-05,6.13678544453142e-05,6.98304425974994e-05,4.39360157906539e-05
7.07593464811504e-05,8.99485390874002e-05,0.000107725063577278,6.22656785952824e-05,4.95484588118867e-05,8.03005084673927e-05,3.85455347701165e-05,8.90041003156783e-05,6.32930132885396e-05,4.94578690266749e-05,4.05606884940677e-05,5.1356516157539e-05,8.6851144780774e-05,0.000164756825955435,4.15561897390727e-05,2.39639745713262e-05,4.23021788778932e-05,9.02931905305827e-05,0.00018110767612609,4.38546353486593e-05,5.70901118171151e-05,5.50580288554512e-05,3.15054317063513e-05,4.38490496286956e-05,5.5402180083977e-05,0.000123234838796042,6.61145280904817e-05,6.13593144083747e-05,4.09031391529975e-05,6.10274444131007e-05,7.66396991356961e-05,0.000126676155273796,0.000137990917880542,9.08458532748001e-05,0.000102553614625677,6.75661543576037e-05,7.00808950465291e-05,8.93106047744228e-05,6.51621729062162e-05,0.000116015860759287,7.62889485138084e-05,5.32731770018689e-05,3.27537643814643e-05,0.000141647710319489,4.95491510857687e-05,2.33057331274933e-05,3.54690001190389e-05,8.43362088062342e-06,4.2821065083116e-05,4.23935239280869e-05,2.15160462761404e-05,7.73538104783469e-05,1.89334591003842e-05,4.01949205984745e-05,4.07719489232569e-05,0.000175828852199704,0.000289638747490005,0.000723414895820665,0.00125335482736849,0.000850847303884448,0.00167176779665416,0.00142921195776907,0.00342372033771319,0.000705571380381982,0.000448518641978165,0.00127639598381281,0.000923299254522992,0.000798834415734553,0.000139457612201579,0.000137692881661537,0.000113842026964899,1.55987344030524e-05,0.000114575570633456,4.68329509070876e-05,4.68467640501255e-05,5.84527671935915e-05,2.88103685019639e-05,2.6747398305996e-05,7.38548373207972e-05,4.7277596015905e-05,4.87537789907549e-05,2.87008468876146e-05,4.62786449932607e-05,4.30500353928627e-05,0.000156957958838581,4.81601051221818e-05,0.000103456815579471,9.6157135620935e-05,3.1855549379303e-05,0.000128567516991773,0.000186846515437896,6.92060661567693e-05,2.26339305316733e-05,0.000143970022897518,3.56113803264688e-05,3.54596688434406e-05,8.22951726471235e-05,4.15644021211941e-05,0.000136150056701293,4.8987344018225e-05,4.84908144481115e-05,3.85410079307032e-05,6.61745085624258e-05,0.000100703816524063,3.01223617685132e-05,4.21090277393133e-05,5.2869544030026e-05,1.09210058335896e-05,6.73721359589796e-05,0.000155980277025594,5.03101233902759e-05,4.13660521158009e-05,3.46628519334435e-05,0.000104197732977709,9.77436446002512e-05,4.78881073166977e-05,4.5241087577839e-05,4.66668774175613e-05,6.89478994679652e-05,3.50302944945167e-05,3.08878471784664e-05,2.6586475789908e-05,6.37607344089708e-05,0.000190973452554922,3.11613963136959e-05,0.000262469104186317,0.000444464393152708,0.00128041355286316,0.00571802912602573,0.0122381215683335,0.00707203480792667,0.0138123121800635,0.00895988639416786,0.00446059899624511,0.00153884562165941,0.00157918063863724,0.000524278649923032,0.00104509197698162,0.00045062542114559,0.000325379862513625,0.0008117186401381,0.000435140862872502,0.000423189913869152,0.000354324341601036,0.000190020700420026,0.000108958099402245,5.89443990331149e-05,2.74704772749046e-05,0.000107365318315084,7.53645392916506e-05,0.000130521131560953,3.02392914754854e-05,0.000186205949275026,0.000162714644039431,0.000234343276784384,0.000138759638729297,0.00019648272428022,6.99680965239763e-05
0.000395639653716753,0.000250398967725697,0.000443212187482941,0.000426424090815221,0.000176861408880843,0.000223980442510451,0.000336098674265797,0.000403363841240916,0.000346727401467761,0.000208840238506406,6.1565303976741e-05,0.000199766006461384,0.000474157299710169,0.0003626228429182,0.00133575043245289,0.00172101706837824,0.00139963415518953,0.00164681412000939,0.00265294016179312,0.00234253944142582,0.00180874644990587,0.00193528691466565,0.00245517158103255,0.0016936526667024,0.000927073119349037,0.001538725499103,0.00349120421074071,0.00323543293297121,0.00229952876130725,0.0011329768905764,0.000874880017631334,0.00140293885486929,0.00152178117172271,0.00170096520757261,0.00408589388533887,0.00317573140396765,0.00396407089078186,0.00544285702360109,0.00432177346934079,0.00579366688580531,0.00657987432161667,0.003862535980157,0.00333367027913452,0.00295999461713143,0.0041744988090898,0.00545903113589625,0.00894983812635409,0.00984918580865468,0.00797548483365071,0.0108549999626477,0.0102135020609496,0.0053723016364238,0.0017393243014796,0.00305828296160323,0.00191834951044541,0.00596011743443558,0.00161923583907465,0.00100176978369643,0.00105146354417615,0.000683458680311816,0.000472736112159323,0.000466674173331547,0.000588185336731154,0.00106907758528238,0.000391639335453589,0.00299484512072977,0.0071222011073052,0.0120328282141733,0.0179740345307565,0.00818182481321819,0.00263299589241034,0.00335546226919014,0.00379972072378736,0.00382881396128363,0.00505631591196881,0.00123566233261762,0.000986036787974483,0.00188860650699952,0.00335121329203939,0.00217421881566183,0.00335471788985419,0.00336607989639163,0.00188187841466427,0.00201044657562997,0.00151385911170116,0.00189853430747075,0.00110564825912602,0.00113436973648887,0.000863540137788516,0.00449649275317138,0.00775528730304014,0.0115857583211657,0.011715644520258,0.00851877906616219,0.00305006895221219,0.00326332649064037,0.00318851278830561,0.002920394410316,0.00320339089914404,0.00452069253727831,0.00399808620539604,0.00393901193323433,0.00459094451822774,0.00202311421897549,0.00246543416862632,0.00205161751198958,0.00206687043530078,0.00180584044935752,0.00140711351073858,0.000957735957826321,0.00257809526719542,0.00336440222583809,0.00370511889052715,0.00155436381566734,0.000532511796819248,0.0022514262266684,0.00215122805700243,0.000722680849480303,0.00312974827020229,0.00512298044841863,0.00198129609785772,0.00215955221425054,0.00257301189016687,0.00227185003412302,0.00222254429531403,0.00260226111355554,0.0030771881848953,0.00286703547214646,0.000308954256537708,0.00158467213190324,0.00108955866647842,0.000462988622195549,0.00274085242145539,0.00273770399974469,0.00385621921045516,0.00184840257775165,0.00439832255071797,0.00128553530431895,0.00187742463758823,0.00202731001351321,0.00114627738351801,0.000576819240220498,0.00162412530914151,0.00342038955778032,0.00766317386325119,0.0137006844222166,0.00991910066338298,0.00210612818339597,0.0117672910270829,0.0233314197387747,0.0263179243063342,0.0455989680578687,0.0447211626953751,0.0456492616080415,0.0276309806463372,0.0152733922766783,0.0100310495407542,0.00992512720259154
0.00122389845910386,0.0036054093045103,0.00265247907722451,0.00206043530290419,0.00127434780539047,0.00274210774227472,0.00239030373123331,0.00126106950624545,0.000468191853752416,0.00145362997776384,0.0012933884550326,0.00124752141581313,0.000943038151520122,0.000705486645919084,0.00376420841352221,0.00632680390991436,0.00559638852930278,0.002593590258392,0.00580115130438484,0.0125260408168285,0.0159065070442523,0.0164510842624005,0.0133631835999311,0.0156701909593109,0.0178197477226905,0.0146447937920811,0.00868167227149932,0.00361587044294807,0.00965751337150166,0.0196199113402609,0.0248346744375208,0.0292043908067742,0.0272928530590809,0.0175969679730243,0.00963421067292783,0.0120707817133291,0.0146429041360516,0.0288048384684986,0.0292431281489007,0.025441580522557,0.0234753321520435,0.0220496333311651,0.0211121457192935,0.0199735069840928,0.0171602810274868,0.0160503370877319,0.0207708789194234,0.0126090693010832,0.00877552841122199,0.0175338920096228,0.0368257338068914,0.0481516783439417,0.0477640358349802,0.0389685521337987,0.0145727559633706,0.0200497141198498,0.018086050411162,0.00457412940206047,0.0025931385050972,0.00206211386407235,0.00543673272755264,0.00345478201691839,0.000872994522945237,0.00378412068665146,0.004882764637062,0.00382838734338334,0.00326957869557923,0.037582815134146,0.0286556112059512,0.0456902309911722,0.0303197553345658,0.00905496638820931,0.00913296577005488,0.0213762238938352,0.0174178671560746,0.0231074172683591,0.0266170290017914,0.0333551278091365,0.0332514477654331,0.0256589610584425,0.0192878415497939,0.00863384029819203,0.00400855865785674,0.00983969638634437,0.017361436955133,0.0215154985446561,0.019864189445919,0.0109039779385408,0.00437231070471939,0.0092058691187027,0.0178945212467919,0.00565218383346635,0.0267434094528278,0.0387276393351563,0.0293525117191413,0.0168129943162115,0.0140767496420052,0.01475202334828,0.011563565442316,0.0122960783344269,0.0113421480631809,0.00369238467366475,0.0182130384165634,0.0217290504403821,0.0179839111885927,0.00810341797226833,0.00427156204953434,0.0114667646396216,0.0119705817198122,0.00747603658711251,0.024353886769992,0.00862543075683653,0.00312696662743718,0.00917955887152512,0.00688507052808169,0.00555619131817118,0.0149772340350332,0.00780444998486106,0.00973539181290342,0.00349796788308757,0.00234906800048867,0.00144465772390584,0.00409784922601471,0.00450496735758424,0.00244033049827503,0.00377228301135382,0.00138414052907933,0.00155333469796013,0.00125442321064088,0.0017279045165802,0.00310818611800574,0.00189023902040106,0.00136017975945755,0.00243661134038074,0.00188793251913959,0.00188210605746993,0.00757521392080056,0.00423702118602982,0.00397474879378746,0.00376609544670681,0.00156164926944873,0.00134727028051784,0.00161328303831938,0.00256315281324965,0.00465183539773107,0.00819561825409775,0.0126792683666374,0.0240553533275435,0.028864999067619,0.0246917057783433,0.0288699811641281,0.0185369904825734,0.0361501359891437,0.0139997457602436,0.0101402806068369,0.00643281354221523,0.00496708999015326,0.00663004788700442
0.000350797091777542,0.00150250237470357,0.000569237160508289,0.000743734627593503,0.000646380758118648,0.000965228003344752,0.000460793758782941,0.000142628317212011,8.83804048607329e-05,0.000149561203099999,0.00027644301570551,0.000284750489212917,0.00105081617007682,0.00163267802439314,0.00420727742869934,0.00430807200239943,0.00490113501959521,0.00277057212855487,0.0032264055680822,0.00533392113922019,0.00651297750740302,0.00548290775335073,0.00599703632732351,0.00596316853001585,0.00848112171601988,0.00967372941094367,0.00870150943063976,0.0108652740936479,0.017424078801372,0.0161427372445469,0.0155502678159836,0.00657416146099556,0.00496551061327734,0.00829551594449411,0.00647566698928855,0.0118708790947236,0.011461700333417,0.0167706458160856,0.0142238038326301,0.0087587465397847,0.00782025241953388,0.00683705276744587,0.0058028124018148,0.00616071006272945,0.00638324351197441,0.0105873913193972,0.0156796906602756,0.0321998787626595,0.0169125637449265,0.0168642580172166,0.0232985064293638,0.0054813552774868,0.00666574169923141,0.00504624058202153,0.0153350436280689,0.00566269204245935,0.00497895345585241,0.00107122910646215,0.00303957958279601,0.000924897603968859,0.000577824721533038,0.000563951519479814,0.00140127214321668,0.000559492932866897,0.00224415895244267,0.000884290299918711,0.0172403722968843,0.0428876955585527,0.0270914822183692,0.0086683163157298,0.00985055529154375,0.00544018415510832,0.0136945009315938,0.00850110607734536,0.01201840781224,0.00905970390540896,0.0108292454692954,0.00647511649846115,0.00591626241513834,0.00878525401552194,0.00627995113824507,0.00397263664420731,0.00260966604922976,0.00217371505555063,0.00439916958038433,0.00250139799342621,0.00221823529455692,0.00149806661453911,0.00289015231017915,0.00576269681667655,0.011586106640834,0.0104107957035755,0.014877510045114,0.0176769081459526,0.0104570857229286,0.0101877242605855,0.0067813912193431,0.0106857636189577,0.00764122653203304,0.0111513473869413,0.0177645637637847,0.0103153551479606,0.0101531689875527,0.012509868688815,0.00565469431600615,0.00144780994257674,0.00227557213644228,0.00347291908580644,0.00126924061020121,0.00603421969933601,0.0108468200625923,0.00554417288327324,0.00870746410942583,0.0030777710842534,0.0040297759885821,0.00238611076840018,0.00359534227060965,0.0120631112907614,0.0106467741352569,0.00256232200315886,0.00131401827704198,0.000755937962292521,0.000476658076137226,0.0018851101547377,0.00119914749682103,0.00125455945299346,0.000206380526725633,0.00044438745203277,0.000265339929942191,0.000290082043648776,0.00192136182713736,0.00139158964191334,0.00600146091689355,0.0076977571411646,0.00899098733071761,0.00303974227605695,0.00565639195575859,0.00772323738576772,0.0101135848717925,0.00325023727369559,0.00874601154203295,0.00546016339391868,0.00206352464885785,0.00287649299635183,0.00382600480648053,0.00384176680013319,0.00077794786513854,0.0114064179902537,0.0012597858836376,0.000264826678857666,0.00347494598278093,0.00482750656739727,0.00396903383829592,0.0113391901881785,0.00737113695541606,0.00707891797066477,0.0013338431916786,0.00204627693701845
0.00107846809248287,0.000713322590898899,0.000463891747578357,0.00144439216955252,0.000539417537414462,0.000335424767035205,0.00048634739228985,0.000347915724063421,0.000163633114800862,0.000437787714140338,0.00110595971122497,0.00260968996033304,0.00336912099210845,0.0387949747361098,0.0464741290077197,0.0725800215117283,0.102453193855496,0.0818938430790792,0.011398424210713,0.0201893466929328,0.0814985575821757,0.117840745783374,0.232999543958201,0.286943618397411,0.297237643958366,0.188357564725535,0.240289958641197,0.129842611776534,0.0734398659491759,0.129002903769539,0.0741471613833081,0.0446201673805016,0.0540843379631028,0.0440500304833907,0.0139186760416069,0.0310080035609486,0.0575839255291742,0.0405069689622066,0.0588776249813625,0.0849378335725936,0.0960169531794523,0.0933853849721594,0.0578705981974944,0.0205689441751106,0.0332164669450788,0.0371468072624708,0.0273098380965002,0.0339968050803531,0.0838873940181426,0.109449989605199,0.111169849169536,0.0972302372515905,0.108000773127521,0.125127578877459,0.0607475641626122,0.0595525772983616,0.0317720197274687,0.0159994013656161,0.00367029625194327,0.0126983405165914,0.00523289244636905,0.00204557264728934,0.00247691410217831,0.0142665036153134,0.0072600384597927,0.0247111254128916,0.0913798029840898,0.0879309276154278,0.109021871691929,0.0214901897613603,0.105965305573374,0.0146338390913697,0.107861764143529,0.0334940485312563,0.0368137508652459,0.0337185541530897,0.0452160842631003,0.0580332925810296,0.0619104662045983,0.0606220976637642,0.0357980864269057,0.0215500271900201,0.0168474221617131,0.0259336157904819,0.00984485172561916,0.0177980572686816,0.0084158399794103,0.00764640981395478,0.00633866830415804,0.0247556810398397,0.0455931168052921,0.150652258243908,0.121664619816335,0.0450192953105347,0.102695029461676,0.0271966121513746,0.120438357322538,0.0835303931801133,0.0324791612790807,0.0199496278405879,0.0306780308302412,0.0368479558610051,0.0407679852688691,0.0662644058050637,0.0477123947044719,0.0124909883926503,0.04486509452307,0.0239165450782178,0.0245247626068141,0.0415782892091021,0.0343083748215253,0.0315433141145446,0.0286062102158183,0.0114814491863742,0.045442061435127,0.0166880940934063,0.0229255522039789,0.0281758381535126,0.0272452025095754,0.0111961328366525,0.0137209008704143,0.00637363897251007,0.00978171687313774,0.00675446521846651,0.0113260895702433,0.0176447128410831,0.0129295030154395,0.00340192839083771,0.00451433186131519,0.00137378404093434,0.00632704489750961,0.0188562013397409,0.0583988102655588,0.0898595252063133,0.119768030777683,0.0706794026929873,0.0924697275613123,0.133434339615883,0.0557897375376701,0.0141358807741064,0.0313200230285363,0.0694998773524288,0.0453354813706085,0.0312311416937521,0.0305396062527144,0.0209518159714965,0.0311864420538959,0.0512755237177564,0.0115327787909268,0.0174410909491726,0.0196105940641837,0.153154024170126,0.11087600991538,0.018001597834286,0.0278654054023504,0.0102956241716677,0.0154973959086659,0.0032570564034754
0.00239379575168464,0.00165328688337931,0.00138727295017853,0.00153206034599833,0.000647345756803923,0.000498514887866313,0.00145073084096442,0.000591351006544329,0.000248524973522763,0.000449126089937598,0.00168561447973587,0.00240122988630978,0.0077657319134183,0.0565745121098005,0.103881468757873,0.148782452232394,0.210842837006669,0.240571130278361,0.0289927315071253,0.144932516847712,0.0946680696267195,0.0731341992659199,0.0864899589072495,0.182038199667039,0.240748728103038,0.424020365607978,0.308461699726983,0.204687846961415,0.0993681024876693,0.127012969975761,0.0963735097618235,0.0785011083802746,0.0988527491886479,0.05025494051566,0.139026016967345,0.18432575549755,0.165768235099267,0.160139395160586,0.280436044652646,0.227736452126682,0.0767115078628209,0.176074218845087,0.186407881899496,0.0711368357787975,0.0789252536600188,0.084288505951356,0.0768008438242127,0.0854282696554344,0.219173777193632,0.321822063884917,0.326045022283608,0.203310215755621,0.112994090169904,0.131537537448762,0.132247371683231,0.133988515066954,0.0973701997751867,0.0439656817080171,0.0070061683516433,0.0139631611112555,0.00442599662750917,0.004957888841167,0.00682853553262899,0.0172536372589549,0.0213922262041487,0.0416544148776208,0.225037160792402,0.299482623246509,0.0895278057888763,0.0314845257401002,0.187639829408944,0.0379024292353409,0.276088386851112,0.091514607608732,0.0551336757538804,0.112094309360404,0.0335986479059457,0.0515776562865546,0.0890843028426011,0.084484399373534,0.0754377663696538,0.0171741804980269,0.0244144280577191,0.054066278183109,0.0207361322124467,0.0137635260127937,0.0141666490104612,0.0192775409354008,0.0177257471199821,0.0351505945187833,0.147092698508611,0.352199478917914,0.325095407514346,0.116109000380696,0.0791726840582102,0.110797498175087,0.196381567473405,0.0764584611908688,0.0639882754421831,0.0489585354236147,0.0873791971886703,0.095427431343492,0.0803194043480222,0.0579679816242187,0.0445119607333981,0.0258666278286682,0.0171538197414208,0.0632152070988021,0.0752215296564098,0.129616081859693,0.0871900292543133,0.153770057630259,0.0503057723392915,0.0173373798595908,0.148309780079387,0.0482060239163881,0.0622283774018451,0.0566927896423464,0.0476751186634128,0.00972293181230279,0.0291353673512774,0.036236194805856,0.024301621861121,0.00875231867598815,0.020262739583991,0.0250222583394503,0.0109589704748719,0.00592028933162552,0.00590868269090102,0.00193385416737021,0.00823144549477669,0.0198614589399895,0.0546372484469863,0.170578802253052,0.257717845338953,0.214424880813955,0.0367244733880074,0.0688248574692306,0.13653301173592,0.127753829392851,0.0404693646461212,0.0750402743003051,0.163625320461683,0.0972385565938447,0.0345572600469289,0.0270431291255283,0.104387405405633,0.08819742980329,0.0216742110053972,0.0419003790473467,0.0379606372202136,0.155715591589998,0.0809520135921488,0.0355941343414909,0.0397119408585015,0.0245837224280101,0.0227960054016782,0.00697267588853354
2.36317555796125e-05,3.04466966737626e-05,3.78164014473817e-05,0.000141001842040593,5.29913910274778e-05,2.87323539926831e-05,9.77251849950523e-05,1.81023347217988e-05,5.81811225070668e-05,2.21137767201063e-05,3.37699330932864e-05,0.000148938614947716,0.000162827500246649,0.00107530932372207,0.00271243270721441,0.00767074775022698,0.00660305164288507,0.00832565949785033,0.000816915627701492,0.0115539860301789,0.0142726811157037,0.00487352762364067,0.00585452708197021,0.00799237424573584,0.005036244759133,0.00815435517070745,0.0130728647414396,0.00343652127386602,0.00346598463321551,0.00516578557432293,0.00958193790225969,0.0114449809981847,0.00337458261647839,0.00449544524034547,0.003660933028347,0.0253564160017581,0.00231903146681873,0.00327168102529089,0.00464455479070515,0.00589771633595188,0.0044128361270236,0.00295359471219547,0.00381039127992449,0.00133397348909716,0.000830569586773624,0.0074647678839111,0.00868675803730667,0.00262477037364568,0.00177145413669838,0.0023312377189302,0.0134315273435456,0.00483263127598754,0.00655580628735434,0.000654149081210478,0.00188085617790726,0.00100535012595563,0.00128406610368853,0.00150766792661145,0.000485943041674048,0.000981045020265595,0.00129569880095059,9.01839009077491e-05,0.000198926529667017,0.000947327953865993,0.000375265891049688,0.000324749094169748,0.00792482718539182,0.0155211521312842,0.0459378562941597,0.00707213811645148,0.00289606399399982,0.00592563931942791,0.00547872682357683,0.00809630285511442,0.0095109201249826,0.00716443884157998,0.00769096166042601,0.00453643389864123,0.00207802242473381,0.00176122083161549,0.00227726830763238,0.00180679684020299,0.000828236620348919,0.00151561861061256,0.00122488479963747,0.000652558871850332,0.000512885638696136,0.000476729102128043,0.000874007844451362,0.00145779954126412,0.00956118675917422,0.00680736222569671,0.0119230360410057,0.00579919757157387,0.00450152555447041,0.00357033762199828,0.00622999777727818,0.00399808817422352,0.00689137615076936,0.00541901900615557,0.00604205285000366,0.0080124039903806,0.0164280241549068,0.00416597078599925,0.00261120784219454,0.00117027412380336,0.00119289609423231,0.00100311175262716,0.00212821097753438,0.00447168207088197,0.00548252457036726,0.00685327933909213,0.00181220525244655,0.00219378955371937,0.0084926446924416,0.00176038483223632,0.002727454395516,0.00135478504276481,0.00119440703264289,0.000380167368180243,0.000652397347172288,0.00321906063842855,0.000387165775480717,0.000248027174778441,0.00182539597809288,0.000608723903870639,0.000164519638557121,6.97311003245381e-05,0.000257165981309809,8.90972561588136e-05,7.96597513102942e-05,0.000501184241724345,0.00213184962220879,0.00455512362686758,0.00847357470021669,0.00637141590675649,0.012311414303079,0.0154263305714649,0.00312308308407437,0.00446494973930795,0.0102861679035064,0.0104097227497439,0.00213326380306757,0.00179462075690316,0.0057505299301069,0.00322620606226359,0.00187308347159341,0.00662673515118631,0.000979269870351692,0.00146225232038555,0.00172050397198564,0.00300009103994396,0.00415795470423637,0.00380474420474854,0.00112778155573494,0.00446264968991648,0.00164564134276044,0.00063886439556089
1.24855770887483e-05,1.51335682611671e-05,7.47481626667884e-06,4.66587713167975e-06,1.89330970005362e-05,1.58444201523697e-05,6.53515403061213e-06,2.12218661675865e-05,3.41723854390891e-06,8.40999307411238e-06,4.86587544167542e-05,3.37487462226765e-05,8.9604155369241e-05,0.00058540413830446,0.000238488113762891,0.000552381315529542,0.00100756737200921,0.000443172181940337,0.000196074182449433,0.000796498187443071,0.000878931856594537,0.000991326707520682,0.0013171399996804,0.0011219721308755,0.000407320022390947,0.000869313270084336,0.0010513443679409,0.00136958441422097,0.00190195263013778,0.00309604904947197,0.0111953597013053,0.0140414003862558,0.0112678816420572,0.0200168191841564,0.00480066712699954,0.000346381879195587,0.00251517682278227,0.00118264162854149,0.00573242077471983,0.00284950856453707,0.00106403827785248,0.000576433760298597,0.000453591513527554,0.0004701244496982,0.00191050622777242,0.000487739781982382,4.59241877401773e-05,0.00179025999937462,0.000425801466067378,0.000192078680741895,0.000958704247953225,0.000319513843669488,9.76964956032445e-05,7.56445515137998e-05,0.000130659766657888,0.000219006734892572,0.000211260303462103,0.000143046722551308,3.12504399680489e-05,2.24390873695223e-05,3.5228360114131e-05,6.33573170545103e-05,8.00594849464961e-05,3.31585079302412e-05,4.33675988899275e-05,0.000405519876537674,0.000953099115629625,0.00317055912330709,0.000758633252484871,0.0144067781729056,0.00161719707563696,0.0027245918082397,0.00200509716193418,0.00252033948654242,0.00618238164700819,0.00731164713660759,0.0135559302950434,0.00788762993169581,0.0025774160003167,0.000574958469490486,0.000497488664734982,0.000515751576395087,0.000616447234227133,0.000396876053642557,0.000968528913041542,0.000929366043300655,0.000558549757090316,0.000418905420928262,0.00015707649957007,0.000335468385959109,0.00023050104639423,0.000142222485173843,0.000814153089009439,0.00686868074879085,0.00155081863197588,0.00480313639562191,0.00376723287376157,0.00179832415751691,0.00221388822537381,0.00402120574424297,0.00680100396068059,0.00118362977789321,0.000752456615284886,0.0107745610601554,0.00482908697420723,0.00580197524331217,0.0048084800349924,0.0087505940578055,0.000423121404084057,0.00482634629482023,0.00329757644966214,0.00079160125563434,0.000125220840510609,0.000172901746975929,0.000120133232791171,0.000412615790668728,6.76441522054561e-05,0.00170899872402735,0.00169852370459422,9.83388878438823e-05,4.47135372670357e-05,9.76451619061977e-05,4.16561057458138e-05,2.09034550376552e-05,1.57205599154613e-05,2.84741102728254e-05,5.94806819172051e-06,8.74910026356038e-06,5.97490383096829e-06,5.19828239371656e-06,1.87531801942274e-05,2.07538414193369e-05,0.0003764980480597,0.000144879854026678,0.00013542488446046,8.16627902164434e-05,8.0835777369476e-05,0.000195977784163007,0.000152165892243429,7.45106010074334e-05,7.00846822527133e-05,0.000149739409130951,0.000136918162293083,0.000102775376249566,9.25726280524101e-05,0.000130063692737142,9.28867449659969e-05,0.000275478163477008,8.67117013469255e-05,0.000109929047367444,0.000385812544030242,0.000307608701450045,0.00023379629501177,9.98100810849176e-05,6.061113595316e-05,0.000111583201109835,0.000700194320333282,6.07985426623039e-05
1.09622995407712e-05,1.00360964185565e-05,3.51379674402403e-06,1.49854126720659e-05,1.33139038252833e-05,5.93962904547752e-06,5.8868070579318e-06,4.26036776544482e-06,7.31256248280393e-06,3.22512531731159e-06,8.68719985273792e-06,1.14178287603717e-05,3.81921629073304e-05,0.00031009909847947,0.00119519958626957,0.00128607516545613,0.000266300869136503,0.00117907305437534,0.000553467768790628,0.000658882329025554,0.000389163380485705,0.000833568292179413,0.00049735489379158,0.000126242689188007,0.000198225853038898,0.000603573530187344,0.000401103762389407,0.000646938886862346,0.000506664148773918,0.00037998353449396,0.00506220654847387,0.00580751130256149,0.00275216857451335,0.0015928421769429,0.000480322265352589,0.000731135286924123,0.00230951011898611,0.00140183751613023,0.000430478690043257,0.000185512070208937,0.000727407856958257,0.00158791729297855,0.000192891916977449,9.30797805370676e-05,0.000766549563719612,0.000642771600407588,0.000395531440486194,0.000455167967642905,0.000774594578123435,6.16863278435502e-05,0.00147104499528794,0.000135836620930626,7.25635351394933e-05,0.000319312670719791,5.14172309105474e-05,5.02362015277852e-05,8.06270004421939e-05,2.45259071328326e-05,5.42852460639365e-05,4.00132967630049e-06,5.9776214456421e-06,4.41668572457529e-06,9.01119050842769e-06,1.44816792398059e-06,1.05072034241065e-05,0.00018777650897787,0.000315877946485396,0.000884674651391705,0.00353799548204304,0.000881753132607536,0.00444199726996274,0.00411286502919478,0.000892699167110988,0.000894769339739561,0.00101707393111931,0.0050004224653333,0.00217485566614942,0.00170923945452688,0.000154176184511753,0.00113091450713441,0.000940821652747635,0.000135928903186439,0.000102683827090982,0.00104842801310336,5.80908352887237e-05,8.85176073991036e-05,5.52198079278262e-05,5.80253430216722e-05,0.000287376994388894,0.00017453636699448,0.000136089367572669,0.000743365784609542,0.000117756611496156,0.00113164085158278,0.00244065746770826,0.00431649930042579,0.00694593989525474,0.00748924281683456,0.0117230664079851,0.00800430006078219,0.00701736214984367,0.00088763186099143,0.00120168731284118,0.0033530819289705,0.00274677331703329,0.000356064935671353,0.000290226365532805,0.000798594146577508,0.000402145742613856,0.000483530399088816,0.000358441037813933,0.00198165338294423,0.000283504768512338,0.000477705634273289,0.000165254386051659,0.000775611464686462,3.04612864784032e-05,0.000558150896329665,0.000343893225983289,0.000118041342555325,9.22976153007484e-05,4.46014413041702e-05,6.705338780697e-05,5.39478681370327e-05,1.41360083337787e-05,6.44514435004598e-06,3.3264932138143e-05,2.00391161515018e-06,9.04109924715347e-06,2.89638536980397e-05,6.63771652494643e-06,9.13046905011365e-06,6.67654138936145e-05,0.000126455461679167,7.27334862623796e-05,1.49690509511728e-05,6.89653998562386e-05,6.12098328725967e-05,8.61662507188453e-05,9.92776403830553e-05,4.47110346142418e-05,3.13196209031495e-05,0.0001113010185596,5.023119495e-05,3.0423797558365e-05,2.22701154567887e-05,7.40566419708503e-05,5.55833552345346e-05,1.80688539870784e-05,2.91082940352428e-05,9.08025264169248e-05,5.56455473096326e-05,0.000314386432364494,0.000197393027894289,5.78353272033813e-05,0.00018267944675571,8.94393717510772e-05,0.000542878922349681
2.16081815606527e-06,6.97892436414032e-06,2.06616254361778e-05,6.21278560145493e-06,5.76696136279342e-06,8.84668962583974e-06,3.38698721972353e-06,4.73909969129143e-06,3.23925494520086e-06,1.02015691942023e-05,1.39069009038321e-05,1.11272129968857e-05,5.72609645379827e-06,1.891361471739e-05,2.43645092962374e-05,6.89786439983474e-05,0.000524359390965812,7.83141246900649e-05,9.14469713448638e-05,8.68848330463868e-05,4.31387242270415e-05,2.54786755155426e-05,4.41189317006008e-05,6.24416567855081e-05,0.000522085446777851,0.00049605909608016,0.000317532203093972,0.000340504345238585,0.00126234678309582,0.000586199470356961,0.000112627814743327,0.000789533287988582,0.00050136955770466,0.000248815962639755,0.000732650578065074,0.000929070229895919,0.000353457637673418,0.000467916642701141,0.00158370487912333,0.00100702869843157,0.000370002487685405,0.00208349577947011,0.000286749921797949,0.000456140109326488,0.00126409514369105,0.000729068868980707,0.000258771483178832,0.000757879933176141,0.000549502019072374,8.524433726964e-05,5.57463504704212e-05,0.000153890835217905,0.000105529828964908,4.84376414100648e-05,3.35932018563812e-05,0.000246197808615407,6.5465993564906e-05,9.98981394232982e-05,6.25477031654078e-05,1.71317458892553e-05,7.29000527745292e-06,2.22860967562202e-05,1.19119012816823e-05,6.97511161389551e-05,2.23304808207648e-05,8.07132881313883e-05,0.000966083484827665,0.000103882925730319,0.00132779527589516,0.000321876725323741,0.000822053436684076,0.000420611401134536,0.000211864468813382,0.000689786586407786,0.000754034247457316,0.00192125265962042,0.000693260462481242,0.00287682087924538,0.00118213945352481,0.00255851464581564,0.00126522882578811,0.000835179240465747,0.00125470363466719,0.00132294238214019,0.000262783511116011,0.000147052341832995,8.32233305763794e-05,0.000280874378995475,0.000478477293809922,0.000251228928434862,0.000693308801843615,0.000409121480989176,0.00212879888352485,0.000232669960254982,0.000959358513860758,0.00175407080096927,0.00290624558920213,0.00267578637121444,0.000331686739661467,0.00485981813973825,0.00324555924621772,0.00106082152532848,0.00209956805946562,0.00195314125719404,0.00110214332115905,0.000455575024386629,0.00023501965528375,0.00100070374529348,0.000293619859481711,0.000786384851413081,0.000161943467149113,4.80499362581313e-05,0.000235505370263669,0.000152357360909138,0.000329541297778622,0.000110493409349304,5.17901866349234e-05,4.31922131682132e-05,2.63311142623156e-05,7.09463785108149e-05,0.000177461590757445,0.000224393916455637,2.08611464827452e-05,2.55941832032289e-05,3.87675335362246e-05,4.11153107630608e-05,2.47799271127723e-05,3.95635219536815e-06,8.47062094444044e-06,6.84936164491332e-06,1.08030677543948e-05,2.06641037241413e-05,4.62088914046988e-05,9.37736596525519e-05,7.60736660190102e-05,4.26532750520359e-05,3.10676205615637e-05,0.000166500416623348,7.01875027765502e-05,6.26537468191972e-05,7.98335713540499e-05,4.02084180463871e-05,4.25795420061521e-05,5.12381521512662e-05,2.20246960662877e-05,3.97209291289087e-05,2.67686207350083e-05,1.33973149940273e-05,4.11932668239718e-05,5.01791543271965e-05,3.16809531230259e-05,0.000113018876230145,3.82392929168514e-05,0.000269246610069672,2.70636721669206e-05,6.07304608509701e-05,2.06415242241606e-05,6.28660076527542e-05
4.83924606949713e-06,4.19875333774116e-06,2.28861712821723e-05,8.69801178429213e-06,6.82724355401784e-06,2.26148472261305e-05,1.29491964720859e-05,6.28040262311669e-06,1.13676252615105e-05,1.0274683474503e-05,3.36776605794453e-06,3.00766730601372e-06,1.29233850192347e-05,3.77934824455081e-05,0.000105607487511672,0.000228109819707727,0.000365897875608565,7.90192728874785e-05,6.02412455468462e-05,2.95114621350594e-05,0.000210106119116522,4.89233109810343e-05,6.69951515943196e-05,0.000116280769187816,4.98160599654521e-05,0.000105356872872564,7.93544352628455e-05,0.000276381180520436,0.000150111307134566,0.000296999531302209,0.000495924084608273,0.00023205352577012,0.000388159655288963,0.000355863083536514,0.000589426264177411,8.15738883500643e-05,0.000433958305223176,0.00010142473606874,0.000265431668276472,5.26229476026753e-05,2.60126461499629e-05,8.5710314486503e-05,2.1901382858999e-05,0.000150070058249968,6.66268364859308e-05,7.13124633596212e-05,9.91855651744391e-05,0.000333163432289381,0.000271105944985741,0.000177625849466205,0.000258637699706868,0.00027471232447532,0.000248577505308146,3.11533788546373e-05,0.000202266088318328,3.29527095757109e-05,4.73147800433308e-05,0.000281474683310883,6.80385960356766e-05,3.82363108792895e-05,1.78583728225566e-05,6.46173439298916e-06,1.58990679976049e-05,1.15955063876977e-05,5.13554434367914e-05,5.84760520428719e-05,0.000243201354856366,0.00159247348918617,0.00372265249037393,0.00136126011163297,0.00146918330321074,0.000650867458428985,0.000485400006343797,0.00137214235840706,0.00189785307894698,0.000594585559141499,0.000230951605364505,0.000979987180438066,0.000327713861362312,0.000269756359609181,0.000125991010801299,0.000111108095921448,0.000103352897059208,0.000255263150536788,0.000407284553174369,0.000233764348419823,0.000194482064273103,0.000182827186554967,0.000199709609536644,3.48024836244521e-05,0.00032969735403844,0.000281333762073873,0.000792943305341322,0.000519374530158883,0.000977872190306377,0.000970452164844445,0.00207689264546149,0.000891034745634088,0.000151608190256888,0.00101190018912497,0.000737316324142629,0.000981825657542851,0.00131899390943139,0.000315197885005949,0.000156584052642365,0.000269363531489796,8.82380682558055e-05,6.98901547623908e-05,0.000171586112802148,2.59004129595106e-05,0.00013687491759711,9.25885872401214e-05,0.000111995439888162,5.26411517933137e-05,4.24408081099331e-05,2.7793754723849e-05,3.12730804958918e-05,8.37309796929695e-05,4.61157699611018e-05,4.97132660453895e-05,3.21412647088449e-05,1.73398197962772e-05,1.26014572661935e-05,1.65750895095805e-05,2.93023055595507e-05,1.55871944559856e-05,4.5847841098364e-06,1.54007928421516e-06,2.97079256966923e-06,6.64261622615625e-06,2.3728640653259e-05,1.69098507832318e-05,0.000139093188595966,8.08967636905806e-05,0.000115750609193386,7.69111911576378e-05,0.000141678607979005,0.000168412961937966,0.000315809098490151,6.17579828395173e-05,0.000101471158695742,0.000197715282087388,0.000320115606901911,0.000358302988338415,6.93541023638095e-05,5.38374330604862e-05,2.60893616921429e-05,4.02178327417644e-05,1.43605034490275e-05,4.37935362088671e-05,6.11932610184776e-05,1.87177718860462e-05,8.71098313136521e-05,7.10785591291585e-05,8.61288423439568e-05,8.60981401759158e-05,2.34586194919545e-05,0.000215199460070094
3.26725903134956e-06,5.23571061092684e-05,1.92277911069784e-05,1.40319880287047e-05,7.60386747537756e-06,5.63424315515804e-05,4.4366465249094e-05,1.05995184969301e-05,4.81454958528544e-05,1.65792545750683e-05,1.70382839210342e-05,1.25654947571344e-05,1.74525482620948e-05,4.81774672625002e-05,0.00012971799813634,0.000116987151349144,0.000108199414219744,0.000105158823237741,0.000216091934694409,5.73033901769546e-05,0.000100515753678637,3.48862682428773e-05,5.46180833006137e-05,7.25466904212483e-05,0.000277226392669446,0.00028783683036102,0.000211636509938268,0.000122191175406089,0.000128901559462081,0.000300735366436096,0.000119437334141826,0.000502380985969663,0.000254622368554208,0.000295733642219137,7.87052373852693e-05,0.00016730765512195,0.000105470229037163,0.00019718532932605,0.000200095168361196,9.77505014050276e-06,0.0001501540656838,7.70838390783452e-05,0.000159125980356502,8.50982417683882e-05,0.000133590196204899,0.000101553323570219,9.47021674993392e-05,7.15499502080957e-05,0.000110665064071581,0.000365910656518131,0.00123897136923098,0.000997483060119223,0.00101326036816639,0.000461931059444946,0.000568332325702343,0.000514926975795849,0.00011369808923727,8.1274642165292e-05,0.000425552216130879,3.90161165175229e-05,5.80664317409203e-05,5.12279438782219e-05,2.03059680554077e-05,1.1053829213375e-05,3.97924193254142e-05,0.000195624156251453,0.000131772756270423,0.000495278486340065,0.00060432421475041,0.000926634973714967,0.000223039582856671,0.000184935646486188,0.000572957367308684,0.000364274605166819,0.000145091738240011,0.000285714315369911,0.00081658289700405,0.000367187880515553,0.000165469681365929,0.000339692646144095,0.000205694883119053,0.000237284397889688,9.97540292275729e-05,4.09347698174901e-05,0.000158650408164837,0.000167022278776691,3.93738419004865e-05,1.33787989964665e-05,1.8819273393181e-05,0.000119332424526465,3.19142212308656e-05,6.33572232043941e-05,6.21666837206336e-05,0.000197397538276859,0.000235768492747374,0.000256071079731214,0.000235806916664672,0.0001990433181412,0.000208689513737224,0.000677864494483097,0.000216228092203055,0.00027340675647087,0.000135645233867786,0.000202102259321556,6.50192830590201e-05,6.81826322785183e-05,7.66759276585797e-05,0.000143146213866926,0.000199213410670388,0.000155176186936394,3.14559229188752e-05,9.86853048459898e-05,4.36475496437174e-05,6.73045732524425e-05,3.45635682830683e-05,2.54881118680969e-05,8.01878412003418e-05,2.64194654887953e-05,2.79846274861772e-05,4.5878500976501e-05,9.49271003058402e-06,4.07943476685529e-05,1.28523257542072e-05,2.05341773768468e-05,1.45255287466539e-05,1.63063332869365e-05,1.18539622440754e-05,3.9882131878103e-06,4.90932340224906e-06,1.00357788954383e-05,9.95881856982185e-06,6.27197654111185e-05,4.00440539422703e-05,1.19015342137914e-05,2.26801884194442e-05,3.41920903611849e-05,0.000130387971644819,0.000211705880311967,0.000160900761609459,0.000125779599973496,0.000247090920757782,0.000700428579446827,4.56212746650699e-05,0.000188881159974565,6.87050777322012e-05,0.000108462762197727,0.000140206013302917,0.000127157905034796,9.08736347199072e-05,7.57035715917967e-05,0.000134674863434892,0.000218825483531893,0.000569650869692836,0.000782653557365951,0.000440808352265232,0.000295168036553973,0.0002371957239811,0.000767210782780095
7.46016085671577e-06,1.08241526936441e-05,1.01714696802073e-05,2.19506315484286e-05,2.78620687393958e-05,4.67250267874893e-05,2.58708433871941e-05,8.24317204921299e-06,2.4134854190611e-05,1.12606923276542e-05,6.0886177020979e-06,1.33371477127008e-05,2.04053466577834e-05,7.65953082695359e-05,7.84840854603421e-05,0.000177446590090022,0.000451436122094313,0.00039733541001195,0.000119242213680161,0.000173004403619034,0.000157282240794605,0.000110530678239479,0.000151693864990748,0.000139786126116994,0.000156796591110576,0.000355450081334538,0.000170002173228058,0.000237681522524169,0.000487733754788827,0.000385827003547106,0.00064933313298384,0.000955521304732674,0.000359096682255729,0.00041301677727002,0.000259988061098925,0.000284153049989117,0.000289072243839139,0.000202710222448183,0.000281049704358496,5.63255905369302e-05,0.000154625120202956,0.000225235458121732,6.35578299309877e-05,0.000190597506000864,0.000136117821800991,8.69373707888099e-05,0.000107100056011674,8.75429630188333e-05,4.68637609436717e-05,0.000449635992721697,0.000240051629323765,0.000157382482484887,0.000626797364310722,0.00012736869429935,7.40322372081037e-05,9.87921470848714e-05,0.000129035288690948,5.02448989878623e-05,5.23886930050578e-05,1.2977513392133e-05,5.75445580908894e-05,2.96601689008719e-05,1.89848898537197e-05,1.45860396956359e-05,3.08724880163958e-05,5.32480907943615e-05,0.000295614706325692,0.000208385743032067,0.000412150995380361,0.000550802769106255,0.000828433974181736,0.000200595060654386,0.000499893376717746,0.000366193836953899,0.000313917135957766,0.000403262784154243,0.000557289329873208,0.000347382892659408,9.79706925785725e-05,8.10450794327664e-05,0.000264565638493259,0.000170661077466379,0.000131981034882668,5.08467517706792e-05,8.71616748510699e-05,2.02911626206009e-05,2.10472674491583e-05,1.68351964075853e-05,6.30505459674971e-05,6.17403631220527e-05,0.000164695939030891,0.00012828232958185,0.000441835262958909,0.00049368433199321,0.000732384497974015,0.000393223410340105,0.000585611915793615,0.000345347057556927,0.000554138492302966,0.00023458437862818,0.000449752772770202,0.000267093322514907,0.000543572104874045,0.000197032845982154,0.00030279206229005,5.54315450764618e-05,6.96077477700736e-05,0.000181968118843132,0.000269237182991999,0.000349342400833175,6.53674429382982e-05,8.41676558839709e-05,0.000209653697984745,4.43416797383769e-05,3.38554602915992e-05,2.98851394800826e-05,2.85727280188899e-05,4.79487297755055e-05,4.38635710842531e-05,3.24840903573026e-05,1.95567186294372e-05,9.23021070314027e-06,6.57333659827682e-06,1.35955319304841e-05,1.09254591096482e-05,3.78632518995884e-05,1.51898618595843e-05,9.14320170870726e-06,1.5040058503306e-05,7.41477297765122e-06,1.99642766951592e-05,5.5996985614775e-05,8.97275498281591e-06,1.64122670001757e-05,5.36891815856487e-05,2.46911247105036e-05,6.54859820691902e-05,6.85966121626716e-05,0.000188329681400608,4.73942770397462e-05,6.14612398527493e-05,8.5497472267635e-05,0.00019382465669791,0.000125172636651261,6.45181818753445e-05,4.81946339812425e-05,0.000101690685000303,3.43208675419837e-05,2.96084135550764e-05,3.57172518631126e-05,5.74976268422905e-05,2.81902603343839e-05,7.1653440034629e-05,0.000334583094731384,5.09556105051864e-05,3.54493465220909e-05,6.00610812340447e-05,0.000225705372701924
1.49608180176434e-05,5.70198559833378e-06,3.99468537646649e-05,1.49915019329603e-05,1.33220165124468e-05,4.84711076615997e-05,9.24183717654903e-06,5.4890372708429e-05,3.01713624489726e-05,2.47421379471635e-05,3.03521155123919e-05,1.42398984930093e-05,2.5943148678839e-05,7.36837065407123e-05,0.0001000800179175,0.000146546158916725,0.000216204053983196,8.53417683298917e-05,7.52420652514678e-05,0.000229198662525607,4.11046579398511e-05,9.57950248226379e-05,6.30936285319472e-05,4.82659489668789e-05,0.000118343420068609,0.000133026532780549,0.00015864052520677,0.000296128267781604,0.000171623603517815,0.000186577934314304,0.000408791616014462,0.000246962334378084,0.000558172234269229,0.000193026405821013,0.000148295039598255,0.000167483768424393,0.000200500820278014,0.000249304645516432,9.18738070614728e-05,6.59338168116687e-05,0.000249624048019359,9.77890485004415e-05,0.000109199514737286,0.00011979556887816,0.000182313697788913,4.72078846520695e-05,9.56406512313245e-05,0.000109937516654279,0.000217546277128659,0.000134710096991843,0.000404603505431074,0.00015712983826727,0.000305823176953288,0.000323060052449215,0.000111260966355888,0.000142128858785385,7.78930296496131e-05,3.19843700805047e-05,1.28599852011015e-05,3.94352458482117e-05,0.000107411192670325,4.34616222456069e-05,1.15014291633341e-05,4.42825215535053e-05,2.52998819118382e-05,4.18369349738709e-05,0.000308275287301007,0.000332757589672473,0.000472456170738871,0.000710713895282101,0.000451619663602059,0.000267719880449448,0.000169961542406484,0.000198199085013927,0.000511870755890711,0.00021567510029256,0.000417217908947967,0.000248166459787599,0.000344309452977474,0.000230344280751029,0.000369371962187246,0.000172593193051671,3.69115230337046e-05,0.000135500472158232,0.000136281893095726,8.93241144761053e-05,2.16498979310583e-05,2.86053668728021e-05,2.0364611509852e-05,5.83232692398881e-05,0.000379976036920561,0.000139239429421172,0.00059620958766117,0.00041658012532367,0.000773042118027889,0.000503844320656401,0.000431804870380055,0.000226717796897195,0.000742902833044044,0.000398684110448852,0.000414443892819474,0.000111026427513119,6.49919293060867e-05,0.000337683259566387,0.000358953105767644,0.000110785023874094,6.77303374699097e-05,5.41932355589003e-05,0.000154072077878696,0.00013549584161502,3.11038277651231e-05,3.8424340015685e-05,4.62679031883192e-05,5.43071097333876e-05,3.0503502865804e-05,4.40210410960253e-05,6.21454272197572e-05,3.96929012103604e-05,5.74298746939538e-05,2.48341472938495e-05,4.07096978605662e-05,2.64783573907371e-05,3.36561956758151e-05,6.60680673612885e-05,2.23372653493914e-05,2.09071240925397e-05,4.26450984320528e-05,1.32400628738343e-05,1.23170421089037e-05,7.33670634272881e-06,8.95965317618634e-06,1.98886230576757e-05,1.07443898997634e-05,5.16099646766598e-06,1.56236352930327e-05,2.31055559805511e-05,8.70391202600968e-05,0.000141161020356015,0.000135924461694414,3.56406776609016e-05,0.000191786771240685,0.000130025237262248,0.000245609574500938,0.000103065065148458,8.66545689658484e-05,1.9296551453031e-05,2.11843191910126e-05,8.19338056500494e-05,5.70874478657619e-05,9.34013172140447e-06,5.51333064990163e-05,9.54349308759618e-05,5.65104661159491e-05,0.000462721920490496,9.90772021563202e-05,7.91860679524829e-05,8.55374550452714e-05,4.55291317461073e-05
1.38447729587607e-05,3.81303391099929e-05,3.7995356022339e-05,4.68774378562878e-06,1.38613038604899e-05,1.64094089958388e-05,6.5800916934036e-06,1.04548596852079e-05,3.03836801426267e-05,5.95317390270096e-06,1.40690410967223e-05,7.66669935265407e-06,1.97948740151357e-05,2.80032255752578e-05,7.57979320440483e-05,3.18633876612283e-05,0.000118333578779167,6.53475125846721e-05,0.000150128761796663,6.32408468058698e-05,2.48912659638926e-05,2.3049170999889e-05,3.48911392482179e-05,6.81666870948841e-05,6.20626832237935e-05,0.000113424226478935,5.99262841185271e-05,0.000104141017524254,0.000143790530347762,0.000209913488359713,0.000206211538496399,0.000316742354248233,0.000247615110379035,7.36996545213202e-05,0.000291251577885406,0.000306645983135803,0.000150905942014956,4.49881775112994e-05,8.36012129382467e-05,5.45620121050545e-05,6.74794770011498e-05,0.000120121186348347,9.89888503764861e-05,0.000144197510594415,0.00019541457759903,4.13033078010852e-05,3.8665937454123e-05,4.11675892849163e-05,0.000152036241442726,0.000534114445090815,0.000495069919104142,0.00106042381237775,0.000479139131073558,6.27449379309469e-05,9.02741048721784e-05,0.000277660234320374,0.000141072442343834,9.18438074663322e-05,8.96074499589222e-05,4.96043479489889e-05,2.91451436748601e-05,4.01429779553954e-05,8.91635682004622e-06,2.87054577840105e-05,2.45923906776794e-05,5.14786994735626e-05,0.000524236853319129,0.000721209413596952,0.000291135320121756,3.29543031571935e-05,0.000461972913351053,0.000228668608363887,0.000206005960848483,6.4520083437968e-05,0.000324814429906588,0.000202417025582755,0.000213185739423567,0.000200279181465273,0.000156868040518243,0.000163102497407817,6.02144278521122e-05,0.000100298666254496,6.56576296122397e-05,8.5160537486004e-05,6.4541353831438e-05,9.68808116001774e-06,1.90343836174576e-05,2.51353087869768e-05,4.87022746988663e-05,0.000122492103436846,0.000106158447444936,5.51344497570994e-05,7.3665616582198e-05,0.00013049155767883,0.000325314489213336,0.000255539683209148,0.000126177016662317,0.000225834743738453,0.000299177370611247,0.000453048212359611,0.0004151358246349,0.000339913256203153,4.68120108710502e-05,4.18910139074706e-05,0.000259977954152784,0.000111508846030876,7.43888227274042e-05,4.8412931106721e-05,4.76447306929186e-05,1.50523415583428e-05,2.82739341663731e-05,5.13272848668969e-05,3.42141053443976e-05,1.13555190751104e-05,1.39389323824568e-05,2.79753336948466e-05,1.47354465485854e-05,3.34564521928745e-05,1.55470357043479e-05,1.49572555190102e-05,1.38966264677305e-05,8.7394022691671e-06,8.36579934050548e-06,2.89556119693656e-05,3.04067493115567e-05,1.39404522312294e-05,9.48275954863471e-06,1.02689413494964e-05,7.7972513757661e-06,6.94187698003943e-06,1.63545441784832e-05,1.57324297686986e-05,3.13900063177887e-05,3.90017592805371e-05,0.000104680423917718,7.50685880034506e-05,0.000201839066427346,0.000164288200601559,0.000179272854923801,1.84080170061328e-05,6.37899746588908e-05,0.000367648068496187,0.00022525777991495,0.000117482888894434,4.18462522669888e-05,1.99631675379757e-05,7.67091912379653e-05,6.83240997841666e-05,2.93864193748641e-05,5.00603750031948e-05,8.0063957995749e-05,5.70951645234806e-05,0.000215744440470203,0.000161674772290838,8.59593133575488e-05,0.000116869436567925,9.71327901496595e-05,0.000146082700233506
5.58879770043907e-05,8.43784078998651e-05,2.99053840620026e-05,6.75960309018346e-05,5.28992695983155e-05,3.89847211517279e-05,9.09028790399354e-06,4.5839844267063e-05,3.3079102993792e-05,2.81515346592188e-05,3.81681926842119e-05,4.90723956294165e-05,2.48975384615085e-05,2.15409278688069e-05,4.32561213002725e-05,4.87869170276354e-05,0.000139919016700427,7.19832136992636e-05,0.000372287809839847,0.000227627314459939,0.000321161262723606,5.93641333553404e-05,7.80313768453963e-05,9.48238400286044e-05,0.000166961488036844,0.000103983949070559,7.44145993479258e-05,0.00017107338601807,0.000416908457479345,0.000666335928943194,0.00064526203879817,0.000145386428558253,0.00157859103700895,0.0018621699100513,0.000300331658814417,0.000654917256274107,0.000481647071215452,0.000515993539608015,0.000609886469748302,0.000107929953004414,5.90960364587168e-05,0.000131145111852675,4.30960099352167e-05,5.83565478307098e-05,3.02137061894318e-05,2.95156281041228e-05,3.86307068927384e-05,4.00825335462515e-05,0.000173755050799853,0.000240140014401971,0.000223393026107119,0.00019317702581627,9.09761398011703e-05,1.15756911504156e-05,6.50381158615553e-05,7.21664768638218e-05,7.74823467970031e-05,0.00010260729285949,4.96851879149323e-05,1.01314301884743e-05,6.37843728768173e-05,5.92305621508058e-05,2.84122989333347e-05,6.90716184175092e-05,4.30699786507368e-05,0.000160095567352409,0.000446595321877403,0.00430393230001258,0.000644924535855718,0.000861415502561767,0.00452984739709548,0.00214448533276063,0.000768178364623448,0.000375337360700408,0.000132477080799363,0.000236265911117379,0.000406015900463675,0.00285526389750418,0.00101370349793356,0.00021733146573619,0.00095718788789564,0.000242491601417402,0.00043890846280204,0.000248941756075879,0.000127899027556004,8.33103835385607e-05,8.99428019388757e-05,0.000201658449404424,0.000441045510760655,0.000406434354998184,0.000221910449157187,0.000199847757259491,0.000537953250231384,0.00143474649211683,0.000410714102276685,0.00250923608992853,0.00202230718834282,0.000857676706743064,0.00282502101212663,0.00275882776828183,0.000710478568083964,0.000827134524971369,0.00136712644697645,0.000674690645297794,0.0010334519332123,0.000314533353530776,0.000142279166143675,5.03545263365287e-05,6.38175233852028e-05,0.000138853648730666,6.74888524871705e-05,5.17041382097588e-05,3.89040479710453e-05,2.67218055040883e-05,3.29519919958881e-05,2.39912086104318e-05,1.59232405242497e-05,4.12634131395526e-05,2.2954243696191e-05,2.11310024435531e-05,3.23497547142379e-05,4.53890313559617e-05,6.28304978121935e-06,2.50115559679535e-05,6.30984632598543e-06,2.14462230452751e-05,5.65411580341465e-05,2.25274543410165e-05,1.57929596955415e-05,2.77524536433654e-05,6.82754683042236e-05,2.89325548210357e-05,4.09562090510769e-05,2.0490402658429e-05,8.19856419400028e-05,4.3439658765538e-05,0.000143162345591281,0.000185892726718319,7.14484536337819e-05,0.000206695189225212,7.88293535708004e-05,0.000106799251507955,0.000113428666001906,4.80954411915239e-05,4.81396732143137e-05,0.000189988683905805,3.98041977335053e-05,7.01974001568838e-05,2.01758472598458e-05,0.000248375969870949,0.000315885961309659,5.37521917046796e-05,0.000133350833390406,0.000196878591810807,0.000115288116584721,0.000129255489518368,2.07162165102825e-05,0.000112325337282208
7.19000038540373e-05,3.17822949597626e-05,2.81607340971738e-05,5.99511039753876e-05,2.20737992131316e-05,6.25755914581639e-05,8.52969521435946e-05,4.64051513911968e-05,4.57858859839448e-05,3.25923448878744e-05,1.74153801540476e-05,7.59570938887192e-05,4.72808280357009e-05,4.96641250098621e-05,0.000341357784022443,0.000410804827007521,0.00023869548124715,0.00117794868759556,0.00263178016502631,0.00143430149788612,0.00172342807732315,0.000892628461837923,0.000323841069144586,7.88401293060693e-05,0.000168565256786758,0.00077220146871398,0.000437297822842944,0.000686743702601007,0.00110008148979295,0.00269846138735019,0.00122984575980085,0.000949911594257543,0.00121492772617684,0.0011233398410488,0.000686466904692401,0.00123668580437221,0.000263930597875805,0.000244996558602595,0.000733466657984387,0.000440635952998232,0.000117771296241996,0.000312906270791509,9.55650736554823e-05,0.000221873735763829,9.15923243329194e-05,4.59009150882679e-05,0.000132217268476974,6.21515688754223e-05,0.000174186739197561,0.000297236488259794,0.000302813870559203,0.00024340073895515,0.000263442694454774,0.000144188871700202,0.000103858585206496,0.000171633293676908,0.000149762764028749,7.86727567721313e-05,6.48172584994668e-05,2.15084004189979e-05,2.57542676987406e-05,5.80935064991806e-05,9.96870236481372e-05,0.000171089495000839,0.000147454299815021,0.000393991475824741,0.00128410007629043,0.00171193900134002,0.00126304575804883,0.000745195420480233,0.00022566096706419,0.00102079183940772,0.000644679109750103,0.000630531787682789,0.00094022872609176,0.000353178103323773,0.000408500759025115,0.000480506689378306,0.000432808578812682,0.000172943627730619,0.000249518339786218,0.000299212163361989,0.000172778788416112,6.16435634332705e-05,5.66640687506511e-05,9.13890441014466e-05,4.58665483263504e-05,0.00012724630568987,0.000529869295723201,9.61290513941658e-05,0.000234418611442675,0.00117700974052076,0.000849945930588462,0.000786477441863802,0.000573860331930427,0.000147132869328652,0.000473459595070473,0.000281337245818762,0.000717684087070653,0.000279789936866856,5.14425493349515e-05,0.000492759209173985,9.56399173988802e-05,0.000123862859438193,0.000111644784511982,9.55612880768501e-05,4.1152819425489e-05,4.11562293366026e-05,0.000156621250474714,2.86428782019334e-05,0.000133020291600924,4.5862009534924e-05,3.29613970617132e-05,2.84156718356301e-05,2.3933926803068e-05,9.65030340680137e-05,8.01776910132381e-05,3.85758548154199e-05,1.18682221487548e-05,2.09098842080713e-05,3.66912040150909e-05,1.78726427783031e-05,5.69177885738057e-05,1.07823378045972e-05,3.04121575423644e-05,8.57028176969802e-06,1.75672091402953e-05,1.8059420046495e-05,9.18040945918298e-05,3.36762555056298e-05,1.75757337136013e-05,1.17807071250639e-05,7.85073896564419e-05,1.35051785425473e-05,6.33496394326425e-05,4.70370634052187e-05,9.11052551089179e-05,5.80020522361744e-05,0.000111164532700834,0.000130499026162838,0.000163159057609255,0.000181921323796024,1.86174252697995e-05,0.000152371745116555,6.83758090703514e-05,2.17869327454199e-05,8.24082375785042e-05,6.85026117575389e-05,3.3888615812154e-05,0.000123070693212191,0.000104294319713561,5.29645277082972e-05,0.000166618501550108,6.32514502774192e-05,0.000166521956205557,0.000130539422744023,2.66711845141049e-05,0.000409648362950036
9.41326722536482e-05,3.14530225599637e-05,5.1555557401357e-05,4.77053978074231e-05,1.73774668290653e-05,2.07828494074467e-05,7.6753112323375e-06,5.62049454126347e-05,3.61065248943901e-05,2.99257587305552e-05,8.93231770656715e-06,3.7043256164292e-05,4.11771923483979e-05,9.33964875981269e-05,0.000127502203243681,3.50307174604816e-05,0.00070017780365294,0.000181279249273011,0.000315968747274783,0.000280678126037717,0.000236094246198649,0.000131860082595746,7.10259137088208e-05,0.000217426523236939,0.000340626892018674,0.000447824030014669,0.000528994835791724,0.000841323023052454,0.000355388373376003,0.000245156723376536,0.000315049888451372,0.000769747453756563,0.000419126125659635,0.000938194081657491,0.000539940131805256,0.000628726659726014,0.00030197632519275,0.000526806329641987,0.000280874750259425,8.38032460876696e-05,9.63682655329434e-05,0.000233041108614604,0.000207886095246105,3.82703511317879e-05,9.96890933041159e-06,4.46031168372655e-05,2.02093517679835e-05,5.32848502140614e-05,7.86566802650721e-05,7.63065277500802e-05,0.000221378853890565,0.000275351321634301,0.000164228150401763,0.000104362611303986,0.000113544213671436,3.17095104182003e-05,3.78390272237867e-05,1.97675309846131e-05,5.58626495339303e-05,3.48730166586205e-05,4.23647993536825e-05,3.21525021589407e-05,4.81892111023461e-05,2.89190650174011e-05,7.22332695082218e-05,6.31550786599915e-05,0.000606032853394668,0.000333142388287677,0.000635790193648092,0.000786801890513357,0.000647722365092414,0.000343547092608014,0.00035637764886973,0.000292972161606377,0.000504287923483907,0.000287676191617662,0.00118452546842213,0.000272948667787954,0.00033045924429171,0.000164242010917677,0.000128732613457725,0.000249754788924716,0.000195612279189524,8.82748272970505e-05,7.28825815188382e-05,3.95641228909837e-05,9.94289209649211e-05,2.39180086673124e-05,8.04714760880942e-05,0.000188283625037378,0.000275253174152908,0.000122598078535162,0.000271172964378961,0.00020108536262937,0.000665891852919088,0.000352935332247495,0.000376879820029574,9.5158244597748e-05,0.000527808468176406,0.000477060034534941,0.000248589397103888,0.000321372156264662,0.00028849626811019,2.202094253723e-05,0.000120053730732418,8.50055089963002e-05,1.94877922724473e-05,4.92617553994052e-05,0.000104268787682043,3.96952451253303e-05,4.02194914660389e-05,1.41310530133075e-05,5.04555372867557e-05,3.23081348505274e-05,2.89317194076149e-05,2.38940229641607e-05,1.26194301350107e-05,1.4692305625677e-05,0.000131850091714237,1.93464881688072e-05,1.97875493427985e-05,2.1856920116021e-05,2.6676783072458e-05,1.70168177805963e-05,2.33503008510555e-05,2.61860636900904e-05,3.71646668225703e-05,2.23232529574117e-05,5.41457830837344e-05,5.62702434429557e-05,4.88571417083086e-05,4.53389496546032e-05,2.59157158810217e-05,3.54599106531008e-05,3.08310265025915e-05,6.00047075953154e-05,2.46047258735646e-05,3.38125916752445e-05,4.40991192620148e-05,0.000191838844443395,0.000262011095910152,9.59621250837952e-05,9.80052061689037e-05,0.000120067054656846,6.44275805645095e-05,4.93209093267944e-05,4.95094234367923e-05,9.7882882229769e-05,3.33278568933298e-05,1.23602766323103e-05,9.98745225514099e-05,4.30280566770923e-05,5.13510929234834e-05,0.000105469628533082,9.0992545736135e-05,6.76363891323987e-05,5.49905920644102e-05,0.000142213188306706
7.90047307985904e-05,8.67405538660745e-05,4.03737480468714e-05,6.1153231594428e-05,1.50029446891986e-05,0.000106586099297084,1.6915769929086e-05,3.49849614287044e-05,1.59303740527986e-05,3.31815068771423e-05,1.91516620671985e-05,1.53108678556755e-05,5.42630673121695e-05,0.000111159655939234,0.000522454549255257,0.000768318242943079,0.00135005671427145,0.000937120558754736,0.00142801976605366,0.000383740225899071,0.000717247447135032,0.000775487749263217,0.000333472988383221,0.000394613075678373,0.000376442482561877,0.00280247226017264,0.000952956954313918,0.00491021074593798,0.00210771846663411,0.00262122336876539,0.00152288018624563,0.00166470178472229,0.000359464583626814,0.000895076603829752,0.000242730136543071,0.00033325439281089,0.00050481742636813,0.000212109150661405,0.000167229970163238,0.000341252935368953,0.000145783066218326,0.00017872767680225,5.3804800868546e-05,5.57181817838341e-05,5.77038777233398e-05,8.61875238273793e-05,2.67256386239842e-05,2.23800714769436e-05,6.60257172283987e-05,3.93113148817558e-05,7.009663625222e-05,5.70161204575506e-05,0.000136747122092249,2.68891923773066e-05,8.38034911584465e-05,4.56066711650852e-05,0.000116373598249381,4.74864541134416e-05,7.15000013173812e-05,8.1997659208795e-05,5.86964951582054e-05,6.04650379751065e-05,2.7668288635843e-05,0.000129426693217333,0.000272837899846749,0.000459762150698929,0.000844243796507433,0.000565640526312665,0.000851368861325532,0.000312862832940926,0.00042341596760824,0.000657594408748284,0.000593498127715618,0.000126616159871106,0.000222882240052496,0.000242181109731036,0.000173395276044171,0.000204044288611608,0.000168488029289523,5.69995170747924e-05,6.01838347054921e-05,2.88892279314932e-05,9.63163590526677e-05,2.08272130260684e-05,9.43051796011314e-05,1.9923758786241e-05,0.000154362683603343,0.000123948295390326,0.000812282742364937,0.000616097068505796,0.000506816924353592,0.000250449643770169,0.000619544021958639,0.000741740390582008,0.000354502982997622,0.000461564416809873,0.000428677210854677,0.000269404372391765,0.000173961683385978,0.000213819765436121,0.000188481198381677,0.000327105607784874,0.000131887056672167,0.000118206482626277,1.45217860532863e-05,0.000189774004873561,7.4010124229419e-05,3.03694066977764e-05,6.2399570240128e-05,3.45020337225074e-05,3.7700973170037e-05,3.63726826121895e-05,1.48502823229467e-05,6.87993077234998e-05,6.70486610402871e-05,2.34814505031862e-05,4.51964011212614e-05,7.33374431697789e-05,6.06353778590017e-05,6.36127582365046e-05,3.05236866101586e-05,9.11777995847975e-05,9.14843342996569e-05,5.51712568319003e-05,3.19344996535319e-05,6.91502363029008e-05,4.22759068187601e-06,2.36902977008588e-05,7.48721233696085e-05,6.41766003403749e-05,0.000125204634595997,4.29758408346533e-05,1.40544853408735e-05,6.08979339109906e-05,0.00011425519337255,9.3260611082823e-05,5.71353415862012e-05,7.00996313641385e-05,4.33078150623422e-05,4.04535971815531e-05,0.000123017530517696,0.000115508859395071,9.2062061510887e-05,4.50760513590529e-05,2.2747965138657e-05,3.56333519364346e-05,3.27216154456633e-05,4.33266559894189e-05,3.51214441135161e-05,0.000114333447255838,0.000215720099922189,0.000147461857563795,0.000151919910406451,0.000204610846698038,0.000122280017372004,0.000162819610428491,5.49728492429111e-05,0.000220093721172807
6.05131554960245e-05,7.45882654855152e-05,4.06264025983007e-05,6.68227272450654e-05,3.12566704064453e-05,2.58769275252665e-05,3.20818334874808e-05,2.66742344125161e-05,4.03219951320172e-05,7.65161038706357e-06,3.96015544894658e-05,7.7277456195047e-05,2.51124878383614e-05,0.000163056098493551,0.000134604571677356,0.000270745023422683,0.000610271445994666,0.000826488231906578,0.000757267091844899,0.00089009815786163,0.000330431000385126,0.00116089862521485,0.000295906956626998,0.000583927830252882,0.00137548956377955,0.000978924859525127,0.00110435127274176,0.00375061332607035,0.00124611855743644,0.000701513980112068,0.00187384905659533,0.000598502294169759,0.000119358346229189,0.000251162247396195,0.000462979327050334,0.000644565550616349,0.000639576977398767,0.00010310895863308,0.000123595157299789,4.48838915721022e-05,6.22548998258186e-05,0.000145434285017975,0.000120873238310219,8.12697333707995e-05,6.19305990324326e-05,3.82069011579342e-05,5.82810075894482e-05,5.52924602712839e-05,3.34835728423883e-05,7.12634022440011e-05,5.87679040662525e-05,7.88078930733414e-05,0.000100378059371435,9.18875835519831e-05,0.000106819202405277,8.82365050388768e-05,0.000115315084722405,8.77357370120522e-05,0.000214694957908441,0.000123953687963818,0.000105710080992099,0.000131069132933272,7.28480875199679e-05,0.000430859791887148,0.000195509853569639,0.00100204912433377,0.000155500136117041,0.00204943276598211,0.00164437281086756,0.000401968826793158,0.000503925364068911,0.000450375696680749,0.00128177409682145,0.00107803435156053,0.000641082581912789,0.000576602436027052,0.00034800303586945,0.000277098175384466,0.000234592106849285,9.66810862663171e-05,0.000171091528317648,0.000129127061535244,0.000113934192806232,7.06329337115637e-05,5.03316318953239e-05,0.000100218471120062,1.97750719933052e-05,6.69438069330704e-05,0.000353881804001032,0.000846137379059729,0.000388730879169583,0.000407004386045264,0.0004637012833026,0.000183238522545581,0.000802495847849167,0.000237049621503,0.000180375952882494,0.00061265361859771,0.000193544670828075,0.000352578051269079,0.000183478843749,0.000137576828263433,0.000151629257520451,9.87221144363453e-05,8.60098722702486e-05,5.55442994844203e-05,7.42819040956699e-05,6.28161902334927e-05,3.08712567849303e-05,0.000126960687637008,3.01527726540661e-05,2.77553695490608e-05,2.54734095978808e-05,2.70777270835007e-05,4.78545557332195e-05,3.8009617733098e-05,2.31194460684265e-05,3.08621484886754e-05,2.99239733491993e-05,4.82995031401907e-05,2.05562841613645e-05,4.82716539565669e-05,1.1617784935879e-05,5.56772484481871e-05,4.56883691281651e-05,2.32262833259295e-05,3.55884125798444e-05,3.06189667613245e-05,0.0001211030383674,0.000215488829759561,0.000235625600413064,0.000270703767339006,0.000154471947757115,8.21614909196028e-05,7.63965152547999e-05,2.32648972571327e-05,0.000197329262072338,3.86065955761066e-05,3.31077813829711e-05,5.64677189365097e-05,3.64424332633e-05,4.42157988725893e-05,4.27678162254221e-05,4.22108540264971e-05,7.25396298703598e-05,7.1393926461525e-05,0.000100190976051735,2.5515929300807e-05,3.7037252874242e-05,8.7086595693135e-05,0.000228171057120057,0.00028091414133111,0.000246853957758466,0.00040480021432216,0.00010636124075478,0.000144755728238273,0.000203815000332236,0.000190822468554419
1.3767896412253e-05,9.96708948827225e-05,1.39768061229535e-05,3.26371240013426e-05,7.33277911578715e-05,0.000112475095073441,1.24780480232508e-05,9.46637121046288e-06,3.95897683750759e-05,2.09862641305746e-05,8.08697952844034e-06,5.2913629333744e-05,0.000127788915587007,0.000164737428100949,0.000248129596368596,0.00050254185897864,0.000779354921281402,0.00071243738921289,0.000212928366546036,0.000368415935140397,0.000241562800958947,0.000211419321018968,0.000249783158133971,0.000210358911596086,0.000457467776777336,0.000307529437402903,0.000411025731884175,0.001356575573845,0.00150062477303207,0.000361584097967929,0.000720342414520051,0.000503528834111177,0.000438875138065354,0.000526669355983537,0.000554257483347578,0.000582198446051494,0.000304907642546479,7.76625722896996e-05,8.70206756314585e-05,8.40993034769558e-05,4.60203757720056e-05,8.23637626866223e-05,6.38460538450309e-05,8.25463352163713e-05,3.0161774838232e-05,9.67050257665416e-06,4.82428202525503e-05,2.78134384549815e-05,5.30367107411215e-05,1.74531975621351e-05,6.07531269867387e-05,9.27043733521878e-05,0.000104514113262759,0.000119467268837687,2.38870198459053e-05,3.19327960126034e-05,9.75359988813074e-05,0.000142360411456759,0.000177472299465044,8.77447651049443e-05,7.3232762900131e-05,5.5284325236335e-05,6.83453801210476e-05,0.000149785471535174,0.000357241890497161,0.00110988141484472,0.000600150957250564,0.000660089395319812,0.00090799913554775,0.000716583606556562,0.000241427460292329,0.000516527277353023,0.00109656841247568,0.000535445039035991,0.000971743763434375,0.00027020018072629,0.000217370341310057,0.000272487765407661,0.000146106572203229,7.56907777683935e-05,2.18759276541011e-05,3.62827092816581e-05,0.000156067610690129,0.000160508639745681,4.38718441032811e-05,3.26992813788137e-05,3.49535782197638e-05,6.36679294139883e-05,0.000126218981987293,0.000490457710171349,0.000175387751109356,0.00012815897319603,0.000186492473993061,0.000273043489310267,0.000174872640198852,8.71257367903588e-05,0.000172638097571234,0.000164805729794202,0.000194356381196969,0.000326924326235051,0.000159974820598865,9.83491545853346e-05,3.54190507885034e-05,6.22082134981656e-05,5.16615971011608e-05,2.00642172199625e-05,2.98323259125687e-05,1.58381899474295e-05,1.4677592340646e-05,3.31319064244e-05,3.34600658709177e-05,7.39823304711437e-05,4.96016891614577e-05,1.92911290849569e-05,2.26897038225357e-05,2.73070852799233e-05,2.03830262405325e-05,4.37824137098532e-05,3.05743028590387e-05,1.66483536936363e-05,4.22266398712612e-05,4.62189490872388e-05,1.14733688915226e-05,2.70435290524892e-05,1.98726664831221e-05,1.76488868547616e-05,2.62520367037214e-05,0.00015287126253062,0.000240995232009414,0.000122468026413666,6.93414240158477e-05,0.000226052828067364,8.41233847915533e-05,0.000185884672192134,0.00011688350323435,0.000118128831892925,0.000591440040440116,2.81523246902836e-05,0.00010479576838655,0.000208333670189014,4.42067084055742e-05,4.69165219589658e-05,5.36171878059944e-05,0.000123405438207171,3.3060703491001e-05,6.08740699486869e-05,7.66609243723376e-06,4.02363972270843e-05,5.10071280404196e-05,0.000177901831962349,0.000178364539774146,0.000631748295419755,0.000272163002525162,0.000734174578985261,0.000264038133217913,0.000155671878299693,0.000219353326355571,0.000248677052935809
4.57779571763355e-05,4.24881835789323e-05,3.31146482934807e-05,2.62329647434144e-05,1.32847819114712e-05,6.16811814336491e-05,7.35988092881876e-06,2.34364983911496e-05,3.05646913548834e-05,8.96122173885155e-06,1.32267827367545e-05,3.17175890351058e-05,4.96297249153588e-05,0.000108072522027435,0.00016073536464539,0.000297725161697105,0.00086281191108776,0.000509752713169387,0.000526234008187325,0.000977754645408984,0.000885509023446224,0.000129511525262886,0.000235443679184755,0.000183438259598714,0.000102455167723917,0.000259450625826156,0.000517643606485711,0.000735703091491021,0.000419884228362301,0.000715612789820484,0.000125016796989817,0.000155152630544177,9.37638888083224e-05,0.000222165793496273,0.000389082260437642,0.000105743482571551,0.000312742929658404,5.73023652485681e-05,5.92885319800112e-05,0.000109101053523167,9.04603211694999e-05,6.31026751135508e-05,2.21402267148988e-05,2.84332803616797e-05,2.72576040956668e-05,2.48571772799707e-05,2.13558653459808e-05,3.49485309097056e-05,4.40410227881096e-05,7.53426388523361e-05,6.28611455522535e-05,4.58553472459321e-05,3.72510583481657e-05,3.34739156610918e-05,5.9765789258965e-05,2.03311292453907e-05,6.60843226900116e-06,6.92044824717192e-05,0.000128960077931105,0.000167152000725121,0.000128840172198419,6.99598551179711e-05,0.000197929373053728,0.000627283113994953,0.000605458387930734,0.000108627960996997,0.000621231833139473,0.00041746809222435,0.000378571207910818,0.000712240437943233,0.00048161268393101,0.000390541635915517,0.000442003142038679,0.000836366858440041,0.000666641304728025,0.000719582240678599,0.00117286466753866,0.000220402921435424,0.000271579851697454,0.00014598309981731,9.3382071432797e-05,8.63584184928904e-05,2.41131948886839e-05,5.75588759133039e-05,3.99375721701424e-05,1.59903669689328e-05,1.7193642752836e-05,3.49711530721312e-05,0.000184131493057979,0.000314520237742448,0.000172732285384328,0.000114487410604166,0.000205316976913488,0.000164729697459121,0.00035898636981347,0.000241406937027652,0.000206402164340432,0.000228250584701281,0.000184110402020017,0.000156907548814587,0.000118836963045974,2.31096527386795e-05,3.54647098153354e-05,9.16050607109477e-05,7.30365371048745e-05,5.61216989375335e-05,2.70061187703492e-05,4.15237824933608e-05,1.1964747440235e-05,5.53977233261775e-05,2.12492616950218e-05,3.56472381527118e-05,2.74709939516306e-05,2.77570803486016e-05,2.77254924853684e-05,1.96084146523393e-05,1.17581597367883e-05,3.84049403552116e-05,6.4109421713127e-05,2.81803734263435e-05,2.69034070463647e-05,1.24818973076768e-05,9.78327083873061e-06,4.18887614226247e-05,3.85578973596377e-05,4.74382185840135e-05,1.44174517057256e-05,0.000452657979451761,0.00048909513340551,0.00099229468775746,0.00024241525324959,0.000356364630040537,0.000587802340787778,0.000183020339760987,0.000477340515416766,0.000314399319017981,0.000284389857438956,0.000360967756772974,0.00013976498870085,7.33879894914975e-05,0.000374993377244873,9.49815374341663e-05,5.37558003734827e-05,7.84287214621211e-05,2.13851932251211e-05,6.95866161458347e-05,3.01645903301902e-05,2.56709234263565e-05,4.71514294949331e-05,4.97098144632516e-05,7.63251191642698e-05,0.000343169402266097,0.000543410152867205,0.00055699700112359,0.00060623251361488,0.000180441490821481,7.76375654162741e-05,0.000338084157407424
2.32602154417463e-05,3.88083616642947e-05,5.31075273684769e-05,3.30305060208047e-05,3.79323013043971e-05,8.01112223882189e-05,2.29197766858729e-05,1.77428926087755e-05,6.11033564965075e-05,9.98499390264797e-06,2.62452201441481e-05,2.90587293457709e-05,0.000102332796372164,0.000181267944519511,0.000521993335323372,0.000647971314015078,0.00147279489900365,0.000532880964516644,0.000985230510820082,0.000306149637627601,0.000598914188680443,0.000651790514973959,0.000363254480701922,0.00043718454381619,0.000451421757488864,0.00134592000578102,0.000971219610391376,0.000689181467518779,0.00075596523568873,0.00122959033299376,0.00139840814708938,0.000767148723254155,0.000481878963782538,0.000160184493394398,0.000351288849365621,3.90949860003368e-05,0.000242922034628266,0.000140868619468807,0.000122168018326688,0.000144044766479283,4.48385269236767e-05,2.75717772382164e-05,5.36049918532586e-05,4.7167355436774e-05,6.00719341215768e-05,3.42070582352718e-06,4.72367929121665e-05,1.54473563579395e-05,3.30267170246435e-05,1.31497492064352e-05,9.4957062018193e-05,0.000131013290483077,4.14070812848602e-05,0.000108932737001651,2.83882332413353e-05,3.77434791776732e-05,8.80183424864503e-05,0.000108290218314379,9.84547444019213e-05,0.000197447095769844,0.000143929304189805,0.000431428367936986,0.000248529231847394,0.000852755531759778,0.000781888201055675,0.000882568778077995,0.000505771036108006,0.000302262367144333,0.00038820208590363,0.000498108865705149,0.000899191737194432,0.000629597225374024,0.000898630564448893,0.000371008411248715,0.00126490260360645,0.000384292962357513,0.0012182360408293,0.000237118665981069,0.000212933450922303,0.000234687267176945,0.000154031687898247,7.35842378395281e-05,8.46586214169069e-05,0.000154253383715947,5.48151599240533e-05,5.84484898335383e-05,6.11480689904388e-06,3.70971659015686e-05,2.09467497578249e-05,5.88540019772967e-05,3.89343440842342e-05,0.00018626452224831,0.000199744513439973,0.000178218438909636,0.000145666684036023,0.000151810304194808,8.0517348052326e-05,0.000262765601138645,0.000303669700589449,0.000361963675044983,0.000218430962791185,0.000168920967082811,0.000131409341961128,3.60525702869698e-05,3.69736170617076e-05,1.39642775868126e-05,3.18432566935061e-05,2.02416667243027e-05,2.6937341027247e-05,4.9371241087551e-05,1.65910702979728e-05,2.19045875402766e-05,2.82306721633737e-05,2.2433271748525e-05,8.60957840242641e-06,1.38091269834787e-05,1.87843457158765e-05,1.62926375636249e-05,3.68509425153303e-05,5.80207424520799e-05,3.47595301475885e-05,8.81161132951389e-06,4.01719130726234e-05,7.06944927578236e-05,3.69268482807852e-05,5.55162003679347e-05,0.000220895928700986,0.000880423261045539,0.000932859035581886,0.0031117088858937,0.00045861905112586,0.00188653793684063,0.000773476834076755,0.00101522151281665,0.00098094813213097,0.000242030010135741,0.000704504873339736,0.000726071080427704,7.15127862396593e-05,0.000441143923734013,5.80092230477073e-05,0.000151492444825536,0.000154332818707606,0.000168587647929407,4.60190438483706e-05,6.34888096065341e-05,0.000191306986491407,0.000104066161290915,3.34979706602157e-05,4.3343919792491e-05,0.000216973029146508,0.000200130147682207,0.000231850427668983,6.52367301107435e-05,0.000500095662506955,0.000203746609958368,0.000173409862846187,4.5772379433257e-05
0.000109860917999045,4.18484704095107e-05,3.6507249636415e-05,0.000118873293822619,4.50902594972394e-05,2.85111310275874e-05,2.88308847195882e-05,3.08432081461383e-05,4.0682664203857e-05,3.67932247023864e-05,1.06515164839586e-05,1.51427826681928e-05,9.85314748546572e-05,0.000383353726923067,0.000196538666405588,0.000608230250728388,0.000809139359603629,0.000130646729997598,0.00015483026488641,0.000549025968265482,0.00104544031598174,0.00026591823393862,0.000307806292231281,0.000554908472059766,0.000296400632403766,0.000287462080828208,0.000261103485391751,0.000354391183307428,0.000292842143627095,0.000474922704600412,0.000238681229987736,0.000248163316018663,0.000159143624558102,0.000244803010950854,0.000299308523838929,0.000213574632987489,0.000200285019948315,7.51371044628679e-05,0.000148245228256599,8.51258820737461e-05,3.16284476550364e-05,5.3794193749018e-05,4.20883020457985e-05,3.07152420916937e-05,1.48363667501396e-05,1.37097821111451e-05,3.2446051049481e-05,1.43178824570709e-05,3.83987300176409e-05,3.45333787792455e-05,9.12079456224894e-05,6.18082108584677e-05,0.000126096594139396,3.98193797948306e-05,0.000108249175089192,6.8562245156368e-05,6.2602370784055e-05,0.00023525448656454,0.000254764679080076,0.00014985939870663,5.347734097533e-05,0.000113730091346123,0.00033186065884932,0.000287597174017283,0.000284455581888202,0.000400261831658139,0.000845916808658676,0.000258567844253037,0.000193907207427995,0.000515214368439737,0.000186665589334377,0.000379403525973797,0.000380150552564575,0.000518679777572853,0.000310522118717514,0.00021572311675778,0.000248969553460312,0.000101734005304195,0.00014638883153562,5.03695712368859e-05,0.000109173011559447,8.09008707439789e-05,9.83637792792575e-05,5.35413950161882e-05,7.17830600525763e-05,3.17569305367587e-05,1.17088756694687e-05,1.68790834068015e-05,3.55270711716488e-05,4.54503210244275e-05,8.52468162064133e-05,0.000129821506131336,0.000140755764862823,0.000207757339020892,0.000111027969418284,0.000140470196319225,0.000258535584466247,0.000272916601907821,7.13362223406269e-05,0.000230751141053143,0.000243855107672759,0.000110143959306321,8.98406792018982e-05,3.1616467220913e-05,7.65085399928053e-05,5.74542770940102e-05,8.44763117258354e-05,3.8023339524955e-05,3.12553340968997e-05,2.79390469083069e-05,2.49274540588918e-05,2.57881506865323e-05,5.60974686160417e-05,3.10524917078591e-05,3.12626401295135e-05,2.06923819521635e-05,1.64163269357476e-05,2.14334816496955e-05,3.55442945867962e-05,3.73080658134757e-05,2.62489546343106e-05,9.49914858538635e-06,2.05042958642054e-05,3.9929726290431e-05,1.36407026663757e-05,6.82520262267214e-05,0.000232707571945275,0.000436946841834246,0.000410228887773626,0.00103666405714208,0.00033181038175824,0.00042894461560106,0.00104630664372199,0.000576123363681569,0.00104744425949729,7.08855321941056e-05,0.000722369442876162,0.000132947728369462,0.000172030471634348,9.32831483380636e-05,0.000176512993679626,0.00030904689875661,4.41244425866951e-05,7.83666922814622e-05,4.41876013243631e-05,0.00014172744931681,3.24700262620994e-05,5.05993003055334e-05,6.53059529713917e-05,0.000213337990102228,7.5325602443598e-05,8.29979597795626e-05,0.000228918322256058,0.000131565055347369,0.000155068504302195,4.78158197060564e-05,4.02263980581494e-05,0.000176092104104384
5.63623360308795e-05,7.67574926885237e-05,5.94854930081431e-05,6.31217437854688e-05,0.000109686033133673,2.87521416071793e-05,2.2585818220131e-05,2.67498899158082e-05,1.60631069963927e-05,2.99247315491963e-05,0.00010363753137002,5.08813903713889e-05,2.37309291013827e-05,0.000115252704234733,0.000124465107258893,0.000179585690170153,0.000255901168147296,0.00020968966988347,0.000266825067171301,0.000276297685371826,0.000512665990204827,0.000169429108653963,0.000183304073761259,0.000180126932210258,5.70439421506928e-05,0.000162657220773238,0.00039243082171556,0.000310452859309697,0.000344526210220844,0.000515290041495726,0.00042030353312831,0.00022076313462647,0.000120899795187477,0.000206838880029837,3.72907736648128e-05,8.67291946267454e-05,4.7485506454793e-05,5.31963044864244e-05,7.49770455871211e-05,3.56314680850447e-05,3.47578051222647e-05,3.13758017286982e-05,3.80143291380623e-05,4.10528895562299e-05,3.44383785921995e-05,6.00901584460531e-05,1.1764717827097e-05,3.7204531370036e-05,9.048170114406e-06,3.16485447160919e-05,3.71456378977362e-05,4.08886314957329e-05,3.82978350769138e-05,5.58947570359724e-05,5.23657340802868e-05,8.01626942070591e-05,3.0411208142164e-05,0.000175690951512883,0.000538592992587986,0.00029475215824089,0.000206363475599263,0.000168499051844264,8.06828901198873e-05,0.00031115586538327,0.000532207417377427,0.000486210432203226,0.000215115197169092,0.000140508062197805,0.000245655293136372,0.000166522472645268,0.000197135793186417,0.000247340462131506,0.00031108394546974,7.62696986469214e-05,0.000162668653741934,0.000393084869824954,0.000192472592888997,2.50701340944994e-05,8.89904602677402e-05,3.41384755994725e-05,7.90144527195692e-05,3.70083614428291e-05,5.1818264768726e-05,7.03959621854992e-05,4.87140907233463e-05,4.43857277330048e-05,1.95061168113825e-05,7.38863186964168e-05,3.65073470031836e-05,4.01018280879147e-05,2.77930672303439e-05,2.23277588125135e-05,3.89443326615305e-05,2.20767484589017e-05,3.95787575225054e-05,3.28660118126692e-05,1.5605207890074e-05,5.21125049180666e-05,6.34712777613036e-05,2.02684652376338e-05,3.21071770098924e-05,7.51223258544363e-05,6.49894267483141e-05,6.27647036144704e-06,4.15108890431774e-05,1.6039434290212e-05,2.56972106297445e-05,1.45226279799942e-05,4.82643738782627e-05,4.79278159380906e-05,3.97219895720004e-05,2.04748514261907e-05,8.55278795774922e-06,5.10883677255463e-05,1.94332282981263e-05,2.6629701249008e-05,4.32576271347087e-05,2.25582445168178e-05,7.0065343396774e-06,2.83844670810682e-05,2.69847483415253e-05,3.26889896030121e-05,2.62955735433753e-05,8.83786862845454e-05,8.3437210875284e-05,0.000155031760864673,0.000321017450224759,0.00202141759294137,0.0021203941996388,0.00737527914941096,0.000894663472646816,0.00218537716492681,0.00127881994545521,0.000841454969625359,0.00152314430301965,0.000840379092158896,0.0011048940981501,0.000131946535935424,0.000681802241342016,0.000273972194466639,0.000158509376481083,5.58353193402585e-05,0.000144722543337587,9.21201451129626e-05,3.34961084484003e-05,6.25461721198045e-05,5.89671979630265e-05,3.21715984435667e-05,2.68467805838551e-05,6.87721409197151e-05,0.000110166456705662,0.000195176028487923,5.06534456233311e-05,5.61928958517625e-05,3.71271272857516e-05,1.8180734115187e-05,2.55145422611659e-05,5.36429901776928e-05
8.46668318076679e-05,8.36125981148462e-05,7.01747358224597e-05,9.22320318780631e-05,2.39049210067401e-05,0.000108350682433006,8.02322078961246e-05,7.62076070980525e-05,6.15291129930639e-05,8.63453055828738e-05,3.82212054358661e-05,7.70258702815759e-05,5.81217100786407e-05,0.000162378687647413,4.56741881102049e-05,3.65385616206739e-05,1.61422541883561e-05,6.17170827626151e-05,0.000175718915057734,5.67157106256535e-05,4.60959610908654e-05,4.70924904704593e-05,4.58603544094974e-05,8.64170000521878e-05,6.23035333870609e-05,7.28537348214799e-05,0.000107150860202413,7.24673303828144e-05,2.93914176926969e-05,3.83558294356056e-05,7.43787915094764e-05,0.000136671887637894,0.00018014682818729,0.000215976864705277,0.000153825436962324,5.09732655081514e-05,4.86777735187562e-05,7.1752397055231e-05,5.10775746164569e-05,0.000177906001971222,4.08401806839086e-05,7.80563698086303e-05,4.31911954828858e-05,0.000163063140750201,4.53899890573523e-05,1.63373099679318e-05,3.1604022640263e-05,3.55991967422374e-05,5.22663003795606e-05,6.09247831519719e-05,2.60552783002989e-05,4.9165287030931e-05,2.57713536428893e-05,5.93516493673488e-05,6.15545769094541e-05,0.000142241436503792,0.000137764719354963,0.000845159145660621,0.00153365874975363,0.00192978077043247,0.00161128108595268,0.00156454765599701,0.00272928286190216,0.00054955236712383,0.000450430827689106,0.00181050645670187,0.000811325454503547,0.000660701653840028,0.000100215931935934,0.00023499332102094,0.00013182838394277,1.97637861922833e-05,0.000126890923781649,6.17560273682612e-05,4.48814601766639e-05,6.25122170020982e-05,5.30155534448801e-05,2.05472789597089e-05,6.26120269867638e-05,6.40624161794284e-05,3.91447508523308e-05,7.14134953085802e-05,5.63390888807155e-05,3.92275041204931e-05,0.000156069744873649,7.83996644941796e-05,0.000113031844191284,4.42059243447193e-05,8.80686695321192e-05,0.000137511929299006,0.000203337614807988,5.12877171456538e-05,3.42725593490255e-05,0.000119117794395553,7.39873970785013e-05,6.96847260308234e-05,6.40836186561775e-05,4.4269068611425e-05,0.0001425903133308,7.32362729506752e-05,4.83564824707751e-05,2.10053719396146e-05,6.99736061427704e-05,7.50807057204895e-05,3.28974764082564e-05,4.93870846748215e-05,7.01478192121355e-05,1.88053911113835e-05,8.07839675105127e-05,0.000168372154663529,7.91731924648966e-05,2.84774463165099e-05,1.95711077110247e-05,7.7687501749908e-05,7.33875217673023e-05,5.63916298272207e-05,6.77963043070949e-05,7.72926694094074e-05,0.000102250609435865,4.32324417747984e-05,4.24724208540059e-05,2.65006080592384e-05,2.89676357952089e-05,0.000148576547183482,8.0328937783791e-05,0.000331055842912982,0.000532459510086433,0.00164875839047382,0.00500257289508203,0.00983879092298652,0.0167174033888512,0.0156626420164157,0.0101178072561524,0.00452273960365976,0.00282761772597663,0.00308550495578399,0.000658900951537738,0.00154716881509447,0.000839560806040999,0.000284174822160966,0.00109666635290176,0.000861719902457885,0.000575458360427159,0.000380103465913262,0.000181654236518189,5.03582007576824e-05,0.000100401062302446,2.00874321867058e-05,9.5165529811583e-05,6.55138189095286e-05,0.000115503519419758,8.40825515643823e-05,0.000161384324179646,0.00014513826491122,0.000135253293404065,0.000171240646748592,0.000165488053647755,0.00014460220420054
0.000528904877541586,0.00047022324695775,0.000413330873874311,0.000432777085997139,0.000140138376414555,0.000220418775768324,0.000269811835178375,0.000449700819151735,0.000475541998567612,0.000331212006954729,6.08658560408978e-05,0.000229179636046292,0.000561782251179656,0.000669108639155725,0.001045866633411,0.000783794177694174,0.000556565415231471,0.0014581599116912,0.00236792013686683,0.00228014762990756,0.00118508862462345,0.00153796526117978,0.00222197615860134,0.00167444436431838,0.00151588902296186,0.00168234015004622,0.00353127413407946,0.00318946008065178,0.00259887295750349,0.00150705802122814,0.00105799284044176,0.00104980337679164,0.00126916637897008,0.00275363264303905,0.00377920836142981,0.00266733208685667,0.00168230543280113,0.00468439115743409,0.00687621485759205,0.0073036317633131,0.00434826499176892,0.00242472201690051,0.00311738150851755,0.00192039691506125,0.00228979756229984,0.00545564890222673,0.00540770727850775,0.00931911034560298,0.0122024402381644,0.0115396930445435,0.0051834062287162,0.00419101567721789,0.00411131833524542,0.00228543381279485,0.0022735501014094,0.00574359647893449,0.00175044746226367,0.000739767711017253,0.000748567457889395,0.000385986908578124,0.000379402936625924,0.000377561773028501,0.000625981407906269,0.000900339648570365,0.00015215093676589,0.00215069230862684,0.0131897917704891,0.0173672666784948,0.0202635729213226,0.0111455153164104,0.00303831712290481,0.00513271881397111,0.00201447574934244,0.00423897270717959,0.00433517179065114,0.00191741277242282,0.000855767723881128,0.00213296374185671,0.00320913381706436,0.00389364757823231,0.00347580186171081,0.00325711663427123,0.00186319023516271,0.00210769356361875,0.00243324813829717,0.00132871121331465,0.00125561565397181,0.000571614992952455,0.000846604954820546,0.00397065889003841,0.00885585637137414,0.00591003762109348,0.0107613906559988,0.00790012217375152,0.00303195146586556,0.00179458241981391,0.00284916267686456,0.00400121226013765,0.00520946391398077,0.00448251116949299,0.00291280738050641,0.00215208563074251,0.00444578913934768,0.00404079951066752,0.00283654983875891,0.00197081054212403,0.00203193607568826,0.00156668049438097,0.0011112708630191,0.00134982124178988,0.00130405467846361,0.00273876944467371,0.0067587937142481,0.00469176720709319,0.000943995486394258,0.000937729338422623,0.00240447348772068,0.000859286020283785,0.00170405578402442,0.00367290989842051,0.00204756791936247,0.000910509907761017,0.00170073966840251,0.00367239137077888,0.00160818375354593,0.0026105670067984,0.00202202982768817,0.00167304223395498,0.000622920997859281,0.00101222965862479,0.000793845837115658,0.000495332071017514,0.00355832651968213,0.00353021967217158,0.00168596880105616,0.00335682959130774,0.00489883991217039,0.00241482954378723,0.000920765096408661,0.00130850461439595,0.000638599028366963,0.00140474731392153,0.00190943318074191,0.00310097161650691,0.0049763685675557,0.0119705770122811,0.00805716765749629,0.00128434177899673,0.00873549460559731,0.0245810195525752,0.026252102129804,0.0186146804805412,0.0200779974618381,0.0237594275806338,0.0247965344690032,0.0274080331695883,0.00947779740550276,0.00598127313687208
0.000602057237070097,0.00183132810599203,0.00115182580463107,0.00169566916611262,0.00160890819454554,0.00162641857891026,0.00137079309952082,0.00113487379494076,0.000925862502894468,0.000573694496115087,0.00109825747610849,0.000850708795910054,0.00165533846236633,0.00107539909653404,0.00197191429336675,0.00314036635166944,0.00492102513118922,0.00244293288446474,0.00700127924110141,0.00845965589816331,0.0068730420993151,0.0100500119314689,0.0144033401087177,0.017794579411334,0.0154882256664232,0.00886031922449906,0.0056430334733238,0.00543276075687851,0.00754504093078486,0.0116335796572731,0.0154914575662999,0.0188479650305443,0.0199380349167805,0.0120866739059503,0.0047347213855961,0.0116594582240215,0.0189152494732045,0.0278198154545393,0.021355771286843,0.0112027126782255,0.00962527942264324,0.0152875637193923,0.0177979798507453,0.0157916571448479,0.0158781326583194,0.00634692140727915,0.0176970239951603,0.0198868950042941,0.00761805361589422,0.0139593246273066,0.0336235559540688,0.0488126009022944,0.0425666124231945,0.0272238458498874,0.0138651475633631,0.00631614537875756,0.00458692167579437,0.00688759248800309,0.00162712722594307,0.000938454829851676,0.00179806731809213,0.00121859645832149,0.000660343353408121,0.0016918531100085,0.00127562107180783,0.00304104948851151,0.00473927296418415,0.0312358998548029,0.0318328435026168,0.0263375802980186,0.0133624724910283,0.0098511772715042,0.00466853613151977,0.00687047070272557,0.00642778671058761,0.0137220779121307,0.0175722657499512,0.0202290199240329,0.0214910037480038,0.0155555582347665,0.00927330843801751,0.00418365050021642,0.00394775856886982,0.00457271805562675,0.00728347116912758,0.00818335822395222,0.00667907210702296,0.00317303840000948,0.0017384546623839,0.00954219792893747,0.0116458067363541,0.00150830921327698,0.00902421914128848,0.0155751436129654,0.0143331191784001,0.00981275325826123,0.00758459801982284,0.00889821592394216,0.00379178027807219,0.00514810361197252,0.00922638104294876,0.00639290336676505,0.0153065181263902,0.014711375038084,0.0102498968539663,0.00470749133612379,0.00490010997400179,0.00684104930126493,0.00235483584216197,0.00330481185353569,0.011937905339051,0.00524964588636268,0.0135987789226111,0.00709421979924283,0.00304256096994569,0.00267431499566211,0.006016591647297,0.00606888788249026,0.00436576194677672,0.00799596896050259,0.00497197175813007,0.00238753267560035,0.00457380406380628,0.00625724449385082,0.0018261867070206,0.00216336237927667,0.00285887439651722,0.00125251211497448,0.00160215196235906,0.00106424827856074,0.0025590186440516,0.000946051344740665,0.00312464205953097,0.0010575167072304,0.002820774713865,0.00550268246312088,0.00527519236793772,0.00540216837895543,0.00669876483891259,0.00451192024980501,0.00454288950978307,0.00140733092301129,0.00145749487540249,0.00220533068444156,0.0111746147670437,0.020007508711354,0.00542199813665987,0.00577853237351162,0.0127571079292765,0.0174076101455593,0.0383383839421586,0.020806090105283,0.0273656990863831,0.0149329540147285,0.0108470785116278,0.00540206842413971,0.0032785836131575,0.00500665365025561
0.00081527886334844,0.00236108397236537,0.000916534023465519,0.000640110544159828,0.000227236503155566,0.000834127881570945,0.000722246275307281,0.000416361419925749,0.000371664966762569,0.000419415944496292,0.000411035393306735,0.000165935351781061,0.000502269516853389,0.000953265803726393,0.00299649866834806,0.0012850298536032,0.00409537608677256,0.00131496815388691,0.0028884314091077,0.00592798836145303,0.00769896426103979,0.00663741187131916,0.00733506801131091,0.00468775204927968,0.0070634422676884,0.0050131160063064,0.00313833799472115,0.00997606573946578,0.0123965568798785,0.00928095096652339,0.0139428026109172,0.010414801273366,0.00952537764852509,0.00726374884495292,0.00611621317882357,0.00291201620662351,0.00560047474086663,0.00419637604185008,0.00556870144258182,0.00495876439624841,0.00432290922355726,0.00295332639668272,0.00184518158457922,0.00323560949457487,0.00316298656707715,0.00318777869367766,0.00928734324486573,0.0190272219646046,0.00769073533333611,0.006365716053845,0.0043260190686023,0.00768755050662985,0.00456804984084427,0.00327270227872252,0.00778447382661019,0.00917999744603731,0.003184131725983,0.000493767952236157,0.00149304803307283,0.00118810188993559,0.00139738416900904,0.000355824472287987,0.000793920426415065,0.000783894405551814,0.00112301799919254,0.00111385869976034,0.00572248444684102,0.0237073330630815,0.0193694476801913,0.00690539257891393,0.00743677949468401,0.00664711603407658,0.0108581072099203,0.00538729895480347,0.0084768933509816,0.00635859906857844,0.00896614960217637,0.00876120997742813,0.00642725311364574,0.00367051075988719,0.00407130285376779,0.00296185451158596,0.00124292003133148,0.00326254658640717,0.00414944478047759,0.00544262604667345,0.00415087384008736,0.00219136813691202,0.00173862333519149,0.00210272061737226,0.00448504926528375,0.00481354908287351,0.0186099905499943,0.0107925231652793,0.00907841081690367,0.00899795402842721,0.00931613436615967,0.0106701646052372,0.00965265757880698,0.0112942632447588,0.0118797840994811,0.00656898191109043,0.00485630675569058,0.00687208190769852,0.0044041728289565,0.00176580570577438,0.00250689299072997,0.00440968114963213,0.0040600650352404,0.00563200613332045,0.00940524153638671,0.00150020510740765,0.00321269913351657,0.00248508912152091,0.00206056596093827,0.00120942040476336,0.00275317431257634,0.00561432632572197,0.00672857139353028,0.00106185649575249,0.000694177121817494,0.0016797829201052,0.001949098130804,0.00115569780125568,0.000553600972254262,0.00084538576967672,0.00119477157979183,0.00183636925926448,0.000783828859148933,0.000247916290236073,0.000568686312938796,0.00147446506898409,0.00271908561822238,0.00223480434845158,0.00249618836774399,0.000836619837262133,0.00392879508630387,0.0064962083981146,0.00602734493208319,0.00475744467869475,0.00551043365158007,0.00231752754914386,0.000858724093722572,0.0016560879192292,0.00464956271183028,0.00771654035396863,0.00150230976601347,0.0201844641339117,0.00977179785768822,0.000742139574936879,0.00139780507679844,0.0101237406022278,0.00787226135847407,0.014727675982897,0.00735604510790413,0.0100132730000657,0.00107782395344852,0.00190890471391417
0.000182311524839773,0.000372929856705676,0.000108992061024995,0.000334056140454973,6.04602374404123e-05,0.000190694308163657,0.000469075616814039,7.83644208017458e-05,5.68240061442878e-05,0.000130899346030674,0.000186032767006643,0.000816961112020905,0.0027033990419435,0.0171838975585214,0.034875648704304,0.0313607167790842,0.0430856920491401,0.0345155675120841,0.00962735800374462,0.0149853572849712,0.0234003883764373,0.032834051799004,0.0525005998863266,0.0801924223788131,0.122496518297251,0.180047148037752,0.102249445204381,0.0638089825318461,0.0606126288137154,0.0585007412677692,0.063365025103156,0.0560284086502773,0.0370414091694087,0.0203807051607119,0.0103977534765952,0.0101903096983291,0.0106711623181749,0.0312549649529145,0.0209521737709457,0.0278747934748997,0.0323448204346989,0.0370287856376967,0.0484959442235499,0.0158237281467995,0.00477778824810525,0.0090007608522817,0.00948967930494654,0.0154140442074884,0.0215080378039771,0.0238134553025387,0.0232179417300859,0.0140096090931948,0.0148233950700041,0.0772916723106306,0.0144781450673695,0.016935890223439,0.00701089988867099,0.00378310534333257,0.000946598833732982,0.00290348637347275,0.00142889930106175,0.000777654906522224,0.00144151484056854,0.00824744471153306,0.00207098110729337,0.0109953937816077,0.0293503587952147,0.0256185294230695,0.0621318085461623,0.0252581029243029,0.0684845387053685,0.0191088405392844,0.0757794742398555,0.0340368826353871,0.0556672220907555,0.0326170125800649,0.0420009149355527,0.0596360279581313,0.0357520368864058,0.0284144367043666,0.0101154076589467,0.00500295469188159,0.00610898791265905,0.0104902361964798,0.00500780212234015,0.00938825637383205,0.00230661285554448,0.00382887738186317,0.00150779031446463,0.0123748315615573,0.0117765403948636,0.0343581476039832,0.0263337943211669,0.0280356128165278,0.0873937880825171,0.027639321560808,0.0650452087704295,0.0399049284226674,0.0237854527623872,0.0215041525288082,0.0244282673866502,0.0105321701927636,0.0281322565347539,0.0258612369226659,0.0250935202078232,0.00473343321762925,0.00997312238796321,0.00986435241024177,0.00970072815346572,0.0184105335224803,0.0126977034600838,0.0113859045250224,0.00330672524127195,0.00359624519242778,0.0154928246800542,0.0049270669904221,0.0131982599111736,0.0294933191113077,0.0166938579525661,0.00374963169294408,0.00280799141652925,0.00410260020577251,0.00131190009654135,0.00102800393669806,0.00461492712577557,0.0104397989091346,0.00654834917699754,0.000777422237331283,0.0011244681341443,0.000289194840541989,0.00166204212207723,0.00588252867131848,0.0140730866493761,0.0314212467694375,0.0446532057589042,0.0366011305546671,0.0626061054703974,0.0938223363485808,0.0531031714960751,0.0109458716166984,0.0194954976164249,0.035276124196862,0.0156409777373788,0.012473161466419,0.012873699891721,0.00697452843870213,0.00582182820596274,0.0210075675018937,0.00359685835466593,0.00483322785331637,0.00609875261734111,0.0781711350008213,0.0596326245225883,0.00912374707423802,0.00613742773848637,0.0049316673882605,0.0039085191915041,0.00270939959792258
0.00330493717719031,0.00226845623031006,0.00172810312361939,0.00181037264348295,0.000600272084292793,0.000798537760239823,0.00188021545113222,0.00149066579413564,0.000348603157627428,0.000681832588528426,0.0010758674625723,0.00256922739481971,0.0109395406403605,0.110027840525003,0.160632285896011,0.217299460902647,0.25790333539415,0.295464478284627,0.022468441520916,0.255377290237834,0.136094418693492,0.172988958698852,0.0286374342864218,0.14530604916817,0.209930000057029,0.547116643582145,0.545061322173691,0.473411771951299,0.390331618297697,0.217253211387802,0.263992012921668,0.265416342525935,0.171028065036077,0.111022779247653,0.375400591374029,0.393623904906201,0.0966065547445702,0.131239073416755,0.361853440994368,0.325275855520287,0.0747269835161384,0.163178898458775,0.152190384791458,0.0290125991284734,0.0776736273212983,0.0678841713609493,0.0771265165288439,0.10394435429344,0.181926130520462,0.256994394383094,0.228140503576365,0.0998197058784561,0.0492381164761386,0.0614068160798624,0.0720774316118427,0.0995430633058289,0.0833632445288341,0.0293745903189354,0.00621302344466974,0.0165649032231058,0.00531550915375638,0.00307921632720443,0.00678946902733192,0.0136648823727479,0.0160786653077834,0.0429027147571629,0.292898607360098,0.303758375039555,0.257402174756834,0.127726469448388,0.384556570599211,0.145583213211304,0.239142242302676,0.211804173557863,0.132133566312599,0.270390921282299,0.140561194038297,0.217869363629181,0.269895688909698,0.190826447824785,0.148483286669568,0.0184134508973904,0.0449801625853526,0.104123589556611,0.076635678399094,0.0486301857101611,0.0269498715680557,0.0340666699160111,0.0272032820091579,0.0243329043566744,0.165361006295387,0.413578494512399,0.416561869191303,0.265040035917472,0.0661011361778705,0.307129326222738,0.382549937839957,0.0733887319265073,0.0967684382160316,0.0650988835753464,0.168987832132518,0.141213171171403,0.0876264358596635,0.0808233271451391,0.0612498762778911,0.0258635557925919,0.0131683980826386,0.0790074707376507,0.108841988378518,0.090740633075412,0.0937068018694048,0.233178311480579,0.0824081960362695,0.0565108901586787,0.183780407213617,0.0944224810533585,0.0759361699490949,0.0485961187940569,0.0648256001294147,0.023530661617553,0.0331447501769115,0.0583088191943623,0.0416148862492904,0.00991541892350214,0.0272918330908423,0.0281540182873348,0.0139803680846621,0.00566631817722144,0.00819141507946915,0.00204952044876601,0.00620022408794254,0.0102642063227049,0.0414829288601499,0.141776877588815,0.206976177532764,0.138920830020652,0.0615210396913424,0.0787021208647897,0.115569567180045,0.164650478529673,0.0645555156236218,0.0926295483512186,0.198438701339631,0.130022467554161,0.0796412095639537,0.0367170050794666,0.133845760618932,0.102075437770995,0.020382058513893,0.0575863770873313,0.0592757823220499,0.123288967571765,0.101579480905308,0.017901616835859,0.0336903030930414,0.0466781528064261,0.0338229115907051,0.0118681015689157
7.03995175722737e-05,0.000124396622179977,3.02117725078098e-05,0.000322844060322524,9.70977495004299e-05,3.08081655940019e-05,0.000473121068464169,3.68640154924404e-05,0.000160566302777488,7.66574517635529e-05,1.91147172729434e-05,0.000486153273111632,0.000801840411011551,0.0077094791608645,0.00440196978054118,0.021978114469108,0.0196806673246985,0.0256544274027007,0.00224699205053538,0.0272955731425301,0.0359907064814452,0.0255022497461578,0.0131382386958811,0.0114467629291973,0.0190266524184706,0.0353627451824995,0.0526429134816317,0.0253361283846813,0.038585601782053,0.0343170867705777,0.0316359160927879,0.0186431936287214,0.0070079366978691,0.00729395302038435,0.0159310119238216,0.0435587595514955,0.00886042047973069,0.00815982370276309,0.0185734839341269,0.0274062283691698,0.0165551782350444,0.0110544428445044,0.00847647066168212,0.00384985240681827,0.00273855127403954,0.0131131505543851,0.0157188812720471,0.00504991426372933,0.00609937100402865,0.00864496517509632,0.024610652161135,0.00984487854524467,0.00729718117749894,0.00472387428565865,0.00718745551463769,0.00627850876787414,0.00401967416917257,0.00360641105683009,0.00138360258707879,0.00498632491391617,0.0036840584313114,0.000316466824838197,0.000585746443510652,0.00126248698498249,0.000705704491446602,0.00112535059109627,0.0188685445014535,0.0155758226633916,0.10837826729738,0.0160504638638275,0.007274966059263,0.0185317588468464,0.0206480373876524,0.0323807728613274,0.0334258056819451,0.0348210543971947,0.0399972759052097,0.0211263780524602,0.0134798840020049,0.0116371330513256,0.00795088469017472,0.00290860145575681,0.00211861704677641,0.00830962274816548,0.0103859698392643,0.00227478785556154,0.00211059656172357,0.0016700574106779,0.00195635425224255,0.00554890986110198,0.0204492716860869,0.043535999789019,0.0360673497907401,0.0278808143935183,0.0136668124246639,0.0185168596071044,0.0122371083751998,0.00919012234802873,0.0130193467934203,0.0107586239288543,0.0157269360770527,0.0254247264680179,0.0589215273521359,0.00917856035297299,0.00582436352497841,0.00616313497916044,0.00188954874885043,0.00226235837499864,0.00952241560184097,0.0156055790088489,0.0147590826223607,0.0209339952720488,0.00676587989017174,0.0101690798963641,0.0232407909060737,0.00529846730003498,0.0104387474308417,0.00550110415691546,0.00318974020227626,0.00149345269613494,0.000837725046895011,0.0064183805863441,0.00183995034428956,0.000716093447840909,0.00415549080495758,0.00151253659885013,0.000189206313383344,0.00015773993468547,0.000742389244335026,0.000197214609486479,0.000195079491745138,0.000813458005604922,0.00190365804758993,0.00919689507750289,0.0140999166519129,0.0193879386697849,0.0177819510705574,0.0247692259736855,0.00588010146123396,0.0125959084799208,0.0208953920528151,0.0218012782850397,0.00442039510247313,0.00844249723020358,0.0132679463541878,0.0150751535256657,0.00571839648389625,0.0133018481440202,0.00289436423493141,0.00250087449469769,0.00636796634760377,0.0161029620915157,0.0249766282533233,0.00875103910789045,0.00432398623529469,0.0167890694802841,0.0067992298570966,0.00394413367653969
1.96044191089702e-05,1.75266170693554e-05,9.69410275614409e-06,4.62023266190002e-06,4.93943690067738e-05,1.8999206071891e-05,1.25599186443815e-05,3.44962082495421e-05,7.45237945575152e-06,2.09816801601005e-05,7.4457862368853e-05,5.39637660491975e-05,0.000125683758116846,0.000837934600634083,0.000453185198428111,0.000548669650355451,0.00178796727388438,0.00131496091660289,0.000650395261344478,0.000684756281967007,0.00106415642311301,0.00107033530946812,0.00114635994890611,0.00130767124311181,0.00116067103613988,0.0012513249600779,0.0015607541323622,0.00197003540187299,0.00371067281060735,0.00296726117329659,0.0195906604961708,0.0198145073667161,0.00709246660448353,0.026742226925389,0.00855171107873072,0.0010534916697955,0.00463025871865897,0.00218494167764948,0.00634692654208331,0.00319964641895515,0.00176425329425166,0.000853508603254761,0.00102872546196986,0.000727939246227203,0.00338119806811764,0.000923823614476252,7.89980021429328e-05,0.00312763309155986,0.000617870873020458,0.000775254900657765,0.00103421309212929,0.000359912508825487,0.000339045003432516,0.000107417821541964,0.000146222595937735,0.000164122083823454,0.00054682279735361,0.000273276759719566,0.000147207079864266,2.13543772329287e-05,6.77790575100428e-05,0.000115460400959395,0.000109846910556358,5.47794037655959e-05,9.90771950839161e-05,0.000539057906587668,0.0022500168544258,0.00546709511522057,0.0010550576140478,0.0232902898780165,0.00198219162556125,0.00726975022231247,0.00389763334249829,0.00383145765271323,0.0135804136008236,0.0109977973842513,0.0189992897066406,0.00901313008094622,0.00695746458351881,0.00100721867265855,0.00159999622335209,0.00177718757019999,0.00109981103717333,0.000913893578493695,0.000690900805381045,0.000966055694846503,0.000591790006540628,0.000805234374591745,0.000143355323212308,0.000209378063541043,0.000195555887507001,0.000355457911014723,0.000477228391557795,0.00782259831056517,0.00456285413614029,0.00929733971645205,0.00489066382670838,0.00566591150587639,0.00550156814342973,0.00744548194946379,0.0126866226911669,0.0012921349964646,0.000688972497950659,0.0125947071560393,0.00704500235200284,0.00850458004211783,0.00707036599735343,0.0119612112060121,0.000479273169559422,0.00524369918382978,0.00366281832490325,0.000904188559765657,0.000237505871424932,0.000337497067756367,0.00028591162922633,0.000404936247094336,0.00020786042936846,0.00258519806316437,0.00202685609790286,0.000277033546808402,8.66820139429883e-05,6.44004845817412e-05,5.48869602757494e-05,2.75563497648303e-05,3.28554029849589e-05,4.23070405479773e-05,1.16867831413223e-05,2.6049151344251e-05,7.55838142098317e-06,1.32296723261925e-05,4.54642698486978e-05,0.000123515469161508,0.000457890428283347,0.000300380877127851,0.000164440221274962,7.86351970762441e-05,0.000231378566567856,0.000144940891942346,0.000152425527977897,6.3673628183543e-05,0.000178142590314779,8.75335029039186e-05,0.000129275850631064,0.000139099015846159,0.000141837891575457,0.000208159088366133,0.000102954263991322,0.000544228551314848,0.000137796801951723,0.000338044347253287,0.000720538166015868,0.000438665315533057,0.000362159716098416,0.000239218407765606,3.39470483879703e-05,0.000160784937830623,0.000880121901405856,6.27971101198038e-05
1.52337279675618e-05,6.46818919391392e-06,5.70611926099327e-06,1.35180241114118e-05,1.55096317029541e-05,3.41473244011583e-06,6.64765730742988e-06,6.31520480493577e-06,5.59128571778519e-06,4.91942610250812e-06,8.24785310317674e-06,2.59207649752182e-05,3.1807555773661e-05,0.000303996407540607,0.00154868846629526,0.00170265930897517,0.000736023470857207,0.000692952063880092,0.000502374993664928,0.000596840612279049,0.000540778880752881,0.000992173986570664,0.000825061212979271,0.000323830950842096,0.000261525632481388,0.000419679599972201,0.000535249329739475,0.000729687867251535,0.000584670927412892,0.000923604907270374,0.00353446594278899,0.00875220392790461,0.00187466764492322,0.00319864179838103,0.000501152895873696,0.00086987503335457,0.00198065427464878,0.00175973147878163,0.0003813839284604,0.000190500156339466,0.000356222590656174,0.00206686249535639,0.000327164617374921,0.000177582275286845,0.000362117305966485,0.00109673669167055,0.000219232697811367,0.000636295770471704,0.000428568087656338,4.48853214713705e-05,0.00165992307356492,0.000154855887897482,7.89264065408184e-05,0.000397500689902071,0.000114420049887776,9.60335277636461e-05,8.07748100229132e-05,2.61429700831997e-05,2.70548751998185e-05,3.06971219009822e-06,8.63638086624981e-06,3.84458421771859e-06,6.40216519692635e-06,2.38195418937566e-06,1.30318591112593e-05,0.000198608743974465,0.000267475443527972,0.000982363923230744,0.0046968339402416,0.00105352684997332,0.00619584129127469,0.00371395459488051,0.00155362987504844,0.000708148217069118,0.00101953322143185,0.00410560552790737,0.00395529422588884,0.0027271310872008,0.000175424309778319,0.00126654410597159,0.000996588048250562,9.5821927482769e-05,0.000129920821998563,0.00110693425191814,0.000129546887896116,6.68365323433571e-05,6.42722452669742e-05,0.000102861978492486,0.000330678413903481,0.00017617433273868,0.000151016079841473,0.0011413158276015,5.94753318928118e-05,0.00120580108388925,0.00350160758605967,0.00453295961073332,0.00618720340498476,0.00372164464527991,0.0185502784684756,0.00850464512134589,0.00744636048628314,0.000643030005380901,0.000868913726270923,0.00403204604468703,0.00218598567290628,0.000206633932975183,0.000594645387953459,0.00111765441285191,0.000326588280385748,0.000474297185986964,0.000378330361639562,0.00215193890339222,0.000532397591050015,0.000713370147645328,0.000134221701002344,0.000768944489596282,2.61382855519694e-05,0.000818744466406673,0.000265925638473769,0.000127188355008089,0.000110277027806273,0.000124693075004507,0.000104026144527826,7.75696627654516e-05,2.7572137537237e-05,1.31107787949756e-05,1.8692682885899e-05,6.65205581450558e-06,1.181321261326e-05,5.08071410253672e-05,9.33693455692737e-06,1.29282327038102e-05,8.08702007706429e-05,0.000144095610757031,5.03492497825772e-05,4.05912466587275e-05,9.74852007599067e-05,0.000102146009945941,8.80527392195678e-05,8.07302092539761e-05,5.3927055735026e-05,2.98507223867257e-05,0.000122769866975804,3.84019065816866e-05,6.45834755671469e-05,4.56468652164001e-05,9.69519261383331e-05,4.39221923876041e-05,1.99955851051185e-05,1.98188820378739e-05,7.20953703400462e-05,5.30115711898383e-05,0.000276765916643839,0.000159730539896092,6.13199556486144e-05,0.000144039090313574,0.000155196076195985,0.000562304948805857
8.89947069326911e-07,4.70664852257164e-06,2.02016141907042e-05,6.35196641565798e-06,3.25440715231623e-06,8.80172165557621e-06,4.94616688895308e-06,4.62173702210414e-06,2.33810952865423e-06,1.21113327592506e-05,9.09055979979859e-06,1.40526353760121e-05,5.61106228392932e-06,1.44530736727441e-05,3.44783304874433e-05,7.81494908907971e-05,0.000428721543715972,0.000156012659116105,4.85106283404133e-05,5.50652109418979e-05,3.37313299887306e-05,2.71546477446733e-05,4.70282358686807e-05,2.65594281707092e-05,0.000544466684143449,0.000474533343324874,0.000350301892650993,0.000488701473560171,0.00135172255412891,0.000685445358514899,5.18088677490974e-05,0.000911581013026854,0.00051751088135541,0.000198644442440016,0.000748123401108054,0.000899732845460168,0.000376019668030132,0.000843984787458757,0.00141197452080534,0.00142489527779444,0.000300992474541124,0.0018177185509479,0.000310736327154719,0.000634691011423621,0.00175874759018737,0.000615681780339497,0.000460929226464344,0.000872126017216086,0.000593379779005593,8.70483198365631e-05,7.27391192444698e-05,0.000147066126938657,6.5460587183949e-05,3.94116046115037e-05,5.19859605708631e-05,0.000194902963737622,5.20809648873071e-05,9.76980358865778e-05,6.92070973802095e-05,2.21164037134625e-05,1.15421916505628e-05,3.26236672322775e-05,6.54610036182027e-06,6.25193970187965e-05,1.21150779751574e-05,8.30447624346087e-05,0.000682172537405887,0.000218691201144278,0.00108307962055123,0.000298233449739692,0.000481205319159185,0.000671408110182304,0.000322581177367635,0.000710050735168831,0.000984097962210402,0.00239087121346771,0.000775096062900861,0.00265385573769755,0.00203739955987377,0.00192534619580903,0.0028731501017577,0.0010318838534433,0.000406909088793674,0.00142752022555804,0.000507051481956999,0.000101287478161933,0.000120213362804967,0.000462653351024838,0.000443861019244031,0.000291110969234065,0.000694285984834248,0.000425470372616088,0.00217175425325344,0.000356891628403942,0.00110450179699808,0.00148720302576269,0.00233942782378094,0.00248429020441657,0.000751557868368129,0.00541725672458729,0.00383359708320484,0.000875510152974782,0.00150400850576025,0.00229601884437526,0.00116568568552608,0.000472636453597814,0.000480232038388657,0.00103807123280253,0.000359255144402714,0.000580399294234515,0.000183164623610174,4.49505424415809e-05,0.000315904733746837,9.79918152616734e-05,0.00047323314308053,0.000147003511913273,5.99645721679443e-05,6.26152236343007e-05,1.26430188357114e-05,4.45898826219914e-05,7.87676832634811e-05,0.000247439967767187,7.08306420206904e-06,2.2891903759012e-05,5.42696305249374e-05,3.33117538363237e-05,2.88140580569697e-05,5.34764946048094e-06,6.77563606079177e-06,6.58082259340352e-06,1.36932704429343e-05,1.46512569845583e-05,5.00872622903418e-05,5.01221763335786e-05,5.74885309639045e-05,2.64630675530018e-05,1.85285618193833e-05,0.000148508299806597,3.91355452542483e-05,3.58527519891744e-05,9.43101814228792e-05,2.8117373490715e-05,3.50981227595369e-05,2.91711088886343e-05,2.64875999787877e-05,6.02321415175272e-05,1.67586548302834e-05,1.01957386476175e-05,5.72187063637287e-05,4.45811036949526e-05,2.75226825465645e-05,6.99985145961228e-05,6.86662871254696e-05,0.000193005407023167,5.31822953319015e-05,7.68746899991194e-05,2.47895155909553e-05,6.66740152557577e-05
1.07203602933147e-05,6.64878599469768e-06,1.15352444986315e-05,1.48904372539881e-05,8.4987458265526e-06,2.22770340940783e-05,1.05227602803034e-05,4.81667019931361e-06,1.62410204175619e-05,1.20423172384029e-05,7.08113684991144e-06,2.04904650249986e-06,1.24132886312297e-05,4.12240244383881e-05,0.000104240033965101,0.000278201784193245,0.000250937198411596,8.0245635355834e-05,0.000117831032818548,6.23755174826376e-05,0.000120448556643554,8.30476433892628e-05,5.47714136090543e-05,8.67667566677132e-05,0.000160533756240724,8.8135406018052e-05,0.000135197258110662,0.000331768799985935,0.000272872137928324,0.000293896199163015,0.000451316978699347,0.000390369058967933,0.00037514396643965,0.000335426075901875,0.000325323950221797,0.000157010113969055,0.000607349934495415,0.000105302121473052,0.000335476087792326,6.02948350951737e-05,6.79786454823171e-05,6.8334459484493e-05,1.8673951555343e-05,0.000120879137682028,3.95103274862294e-05,7.42776200994189e-05,7.94312013375681e-05,0.000464498736441907,0.00020580247998206,0.000255489745694642,0.000340044265814854,8.89251967531133e-05,0.000204268056652527,7.02347200968427e-05,0.000138271896728279,3.8535988473544e-05,3.9153542759854e-05,0.000274567078165623,3.96612929193905e-05,6.42828830482489e-05,2.34414378860873e-05,1.02227472850992e-05,2.31825153428244e-05,1.41149044299768e-05,6.68080644030005e-05,6.30961576307929e-05,0.000359185585737665,0.00134570882043204,0.00340997728803493,0.00143893486702407,0.00175507951976451,0.000952238896091314,0.000521743899462485,0.0013293421228313,0.00217910293294157,0.000853315831280605,0.000367190856012391,0.000971666559353845,0.0004682793992917,0.000137367982337531,0.000291326421802004,0.000163202056268811,0.000194426618175641,0.000229888610174288,0.000536544919983706,0.000252369160506408,9.71227547318274e-05,0.000205695676653854,0.000232755869248939,7.5483861117964e-05,0.000476256590627904,0.0001987740662602,0.000460098927565207,0.000355072660980204,0.000992065461744151,0.00175616236920262,0.00140334555120015,0.000346672404978393,0.000493109726984179,0.000869911686067639,0.000786798134038946,0.000939063364655279,0.00194055627554341,0.00042988436807149,0.000117099686954488,0.000267524536834853,0.000147201586147053,0.000108402384684116,0.000213463128486999,6.09345868817442e-05,5.12852628321256e-05,8.41571513825777e-05,0.000149902760545325,4.20250584533274e-05,2.8751579281604e-05,5.45247358394315e-05,2.85665704402661e-05,0.000101844174589813,4.71088574887692e-05,4.47507582177683e-05,3.71214107077042e-05,1.82578455063372e-05,1.4883350013954e-05,1.77866888375722e-05,4.54924105679367e-05,2.86764999301422e-05,9.78353361222451e-06,1.51003341912056e-06,4.40258123167455e-06,4.46111618723215e-06,1.58426977800595e-05,3.78776927009401e-06,5.89319381903981e-05,0.000167317080638415,7.86117545586792e-05,5.17599885211599e-05,5.41801968881308e-05,0.000156172773937471,0.00022477998362532,5.92081659650989e-05,8.11558729454088e-05,0.000157335611005395,0.000296335761067211,0.000261197796886254,5.04673076007291e-05,3.82456931062629e-05,3.04048447006991e-05,1.9416093251613e-05,3.17809371988394e-05,2.49248933596164e-05,5.07679914804932e-05,3.35137716796678e-05,0.000135815912670302,0.000232209048015556,7.57371240571746e-05,6.2809495586002e-05,2.26905118680276e-05,0.000234550379180988
9.26627103460419e-06,6.43470402567343e-05,1.76021360287664e-05,1.23372407696157e-05,1.96574743344563e-05,3.6032381556288e-05,4.12621907041326e-05,9.7539474548843e-06,5.39313089643666e-05,1.31411970115757e-05,1.13013616250501e-05,8.26768714813014e-06,1.46735702996386e-05,3.12446994358213e-05,8.95856373211456e-05,0.000112509556950561,0.000102818663215636,5.77459460020166e-05,0.00013043363241625,2.25744917791271e-05,9.9394583738273e-05,7.41553407747394e-05,5.24359152617267e-05,7.69366041238269e-05,0.000178136572618698,0.000109863278059039,0.000112938421064859,9.26517575049616e-05,0.000264058056566771,0.00027945669353197,0.000138702138713934,0.000533635037149688,0.000185166835028879,0.000169172642289665,8.33573005393243e-05,0.000101267684677805,0.000121455650883748,8.46760071452029e-05,8.17609124839556e-05,3.14669021678482e-05,0.000153381309610521,6.53347166319574e-05,8.90738680926923e-05,4.80726074877241e-05,0.000128109636690085,0.00011321586609521,9.68331539659348e-05,4.34857426350207e-05,0.000109790532637501,0.000387206913672029,0.00166721598609145,0.000835394265926758,0.000823432788657993,0.0006661487404059,0.000733694540625671,0.000436527034756937,0.000139132985376422,0.00019957901690054,0.000373372170282304,9.1257037131139e-05,9.01368452799502e-05,3.79355977692144e-05,3.08617012744375e-05,2.53803800214586e-05,2.39578865356441e-05,8.43631295952195e-05,0.000169302289787315,0.000391555943939841,0.000872123798276242,0.00049092536247101,0.00019156680049612,0.000242271742435985,0.000542484637250481,0.00033289277311481,0.000224125703708388,0.000279516087570193,0.000668165313201301,0.000359348303754757,0.000174853255109829,0.000133928448167378,0.000225792377186624,0.0002559331113514,5.51559893915097e-05,5.28000299336675e-05,7.01850991159378e-05,0.000185123898782955,2.29756718636006e-05,1.85004054146553e-05,1.73425232943663e-05,0.000124694926761156,3.11751408998844e-05,8.02795238409148e-05,4.23898964042981e-05,0.000143393473567417,0.000384455222623175,0.000361954416948053,0.000262909511563295,0.000282490669991864,0.000165605672301093,0.000543110475110377,0.00022130170959711,0.00016443006461813,6.07041488483401e-05,0.000269043260592256,3.99515970991587e-05,4.19598984915922e-05,6.41239557486214e-05,7.19887685865938e-05,0.000144760508911686,6.75237279530651e-05,6.88679170235646e-05,7.42777147239188e-05,5.96459767764566e-05,5.55627058891598e-05,3.4023896772576e-05,1.10469520187652e-05,8.77506009668594e-05,1.5780148235914e-05,3.30805324721015e-05,2.67019213929059e-05,9.84102200142705e-06,3.28080145152547e-05,1.93956469493911e-05,2.27522428116349e-05,8.00340479085385e-06,1.14818505934991e-05,8.12503074745697e-06,1.45619713521509e-05,8.33949404352507e-06,5.72717605975099e-06,2.50402565790226e-05,3.72302518399986e-05,4.85320526009657e-05,5.15379677539646e-06,4.82071650216352e-05,5.26795064964242e-05,0.000127845952797158,9.27274975129919e-05,0.000227183056940718,0.000149023585084466,0.000672904275297389,0.000772294304977991,0.000319866890919174,0.000309655221095835,9.86982052997203e-05,0.000136817233563087,9.74309755469889e-05,0.000104481892989499,0.000151594628351298,5.69603161498647e-05,0.000178857018754413,0.000149486317431597,0.000456406859276916,0.000428926357403337,0.000671632992927816,0.000219621121016579,0.000151707927533452,0.000596635238261282
1.15742985183665e-05,2.48506631298132e-05,1.61140353280144e-05,3.09571794663322e-05,2.14734917533506e-05,7.18656440758761e-05,2.92204186372906e-05,1.55998737512842e-05,2.38268099851351e-05,1.57744793077559e-05,4.56839482135977e-06,1.6511622745697e-05,1.05453744590163e-05,6.56715922098286e-05,9.75894670639632e-05,0.000177210514391533,0.000320269359509336,0.000229539180095666,0.000181965351542935,0.000133508361272876,0.000145038547426437,0.000121110418319819,0.000100656126425593,0.000207798168734339,0.000305092275441686,0.000234408674331305,0.000400781632136076,0.000254553670125974,0.000331420617605983,0.000394892149473658,0.000367299188640123,0.000719421057315558,0.000453547591738168,0.000362320321883635,0.000135404264914092,0.000194973318609227,0.000182834162259598,8.97144543169446e-05,0.000323308798880627,0.000120108358186864,9.6993304826772e-05,0.000177660927744796,9.20794245378138e-05,0.000139055883651827,0.000111401675768481,3.87405668579897e-05,7.33661025299525e-05,0.000107202330042239,6.30348301946473e-05,0.000395982824162631,0.000218141978175804,0.000117727279313499,0.000689699699411931,0.000131220929887613,2.13339289865844e-05,9.0277001945348e-05,9.32324918977876e-05,7.57234695593942e-05,2.38024688456693e-05,1.80541099697973e-05,5.7466491819787e-05,4.03512375143771e-05,1.26311268802701e-05,1.80604050403515e-05,2.28272750749069e-05,4.78090458767765e-05,0.000420411270148971,0.000216875264073531,0.000184634257050543,0.000539889874447996,0.000450245953544883,0.000265875472414323,0.000385717296011526,0.000150765379456541,0.000374202565839347,0.00038990910929427,0.000594499918062912,0.000307370573177711,0.000156323738610121,0.000107063328145246,0.000152025402139804,0.000100507255773224,0.00011618910984102,2.8663230902154e-05,5.69299378829981e-05,9.74053612475007e-06,2.11593104057404e-05,1.53006299464948e-05,4.36839873467621e-05,3.26861096548181e-05,0.000103036534328989,6.97756470169606e-05,0.00031676605452342,0.000478855256232005,0.000944479944214736,0.000337774574828465,0.00048313361449421,0.000374943319360257,0.000413430284887902,0.000141041576580261,0.000528969977482019,0.000267064631399376,0.000401439930290441,0.000231086188174885,0.000144533890648693,4.61191973665501e-05,6.99174787817091e-05,0.000152401915667531,0.000296121539524071,0.000183829264135342,7.28036281097868e-05,9.73613572320659e-05,7.90751620065325e-05,3.7153818587455e-05,2.04144225828488e-05,1.70310519872713e-05,2.09875917762725e-05,3.33790433930607e-05,3.32944435275524e-05,2.79297368844244e-05,1.87840266937616e-05,1.76541892097102e-05,1.44094289311444e-05,1.18868953897805e-05,6.84423077680139e-06,3.38559700746313e-05,3.96213158738235e-05,1.02997924486503e-05,1.30458293596751e-05,7.857988472518e-06,2.51536027639349e-05,3.30325327154936e-05,1.77395298519354e-05,1.59618348399063e-05,7.483590668326e-05,3.47837153616581e-05,0.000103610301985754,0.000120902680483609,0.000114060237950619,2.058287313312e-05,4.31087791146978e-05,2.90957551077746e-05,0.00010870096138846,0.000117060556953784,5.79007519801884e-05,3.26448504866794e-05,8.89470464902249e-05,2.75006451547457e-05,3.19020328999812e-05,2.9247418182078e-05,3.73065919858685e-05,2.45068403602592e-05,9.84122885293938e-05,0.000133609078319827,3.85363578732506e-05,2.13552898299365e-05,3.47757396848097e-05,0.000236458337568094
8.80352855438677e-06,1.2075989523191e-05,3.45631198897256e-05,1.82656550012572e-05,2.1440028436424e-05,4.38444258825079e-05,8.87273906996982e-06,5.74793673633558e-05,3.10812331411629e-05,2.17748988307465e-05,2.28040027705588e-05,1.13374156108123e-05,1.30774114390891e-05,2.89729622581646e-05,0.000124821471131983,0.000179787178419394,0.000269905379706639,0.000120832124945047,5.22104747069825e-05,0.000228715361948986,7.73031574527456e-05,7.58284789577523e-05,8.55781897753721e-05,2.81044783415578e-05,0.000107498435924947,5.08937176676202e-05,0.000114691379768509,0.000310823886453496,9.94843484105414e-05,0.0002350729835038,0.000222034770005124,0.000277190332064464,0.00038850887135303,0.000251192384248537,9.65276721860334e-05,0.000117487608112693,0.000179502562175262,0.00016279931210381,8.60146736895084e-05,5.60207173356083e-05,0.000132538290357157,6.24689921884298e-05,0.000151395109466406,0.000148122305912297,0.000271842262445294,2.84622777338703e-05,8.04261178058793e-05,8.62999516114299e-05,0.000207774208815227,0.00016961072903946,0.000271959871097149,0.000129155208300048,0.000629429431885663,0.000402261567671524,4.86912720512704e-05,7.29769401687633e-05,0.000166076194692822,3.89537146672806e-05,2.4221160485673e-05,1.42923595471213e-05,9.96584661880394e-05,1.78671099639525e-05,3.09713794564564e-05,3.34886602030185e-05,1.78586260899691e-05,2.96884777542656e-05,0.000241677028457355,0.000241906511824177,0.000454626817791064,0.000647458361422948,0.000563729108128068,0.000216540974565991,0.000333618835269773,0.000175855105805063,0.000319291288847723,0.000260780135805538,0.00054063515487778,0.000178877318597274,0.00015288830572741,0.000181730112692466,0.000105741171081772,0.000159109436593071,1.52413978792919e-05,5.82743519935963e-05,4.14486165065868e-05,7.28489170645442e-05,1.24620602505068e-05,2.39678932074014e-05,4.5816524473392e-05,0.000102710893867615,0.000258421796059881,0.00018600717178333,0.000541274823025375,0.00028360997895235,0.000990313273013164,0.00047562529310175,0.000208243999145018,0.000197015331218132,0.000673144911928234,0.000289888512887552,0.000326414653508806,0.000118040794390553,4.02776066886169e-05,0.000364874517693074,0.000307388924952814,0.000112682716738941,7.75801701181897e-05,3.70588518699969e-05,0.00014894186146359,5.54948666722675e-05,3.93728688660985e-05,8.106411502928e-05,9.8573166830107e-05,5.33433695816831e-05,4.4305891217969e-05,3.87287496777086e-05,3.31366677014407e-05,2.90883972067991e-05,5.37976213759339e-05,9.48651666323111e-06,7.57148875139216e-05,5.64243333457762e-06,2.82857091613866e-05,7.13234891000733e-05,2.33574001598612e-05,1.29113978940066e-05,3.63671746035165e-05,1.05263357061658e-05,1.78049391762387e-05,8.2005501963345e-06,9.73492966672702e-06,3.67303739406314e-05,1.55244560751207e-05,1.56029220005359e-05,6.05527765821764e-06,1.26394641167768e-05,9.03430215837852e-05,0.000117757609448484,0.000114638552724075,5.22037844509443e-05,0.000145111964940205,7.67909142586097e-05,0.000220741471989075,0.000107897886414636,7.36964783327917e-05,3.12120689156433e-05,2.97590981802983e-05,6.8299078053266e-05,3.26801807893122e-05,1.26334951124641e-05,2.41260447961707e-05,8.78441213763689e-05,6.42236916222507e-05,0.000470692555296295,8.10405700913133e-05,4.96081536536251e-05,8.81505337979742e-05,5.18726326662566e-05
1.57605719831473e-05,6.20053530100576e-05,3.71710944138977e-05,8.63072620730232e-06,1.33931734907189e-05,2.51150232594676e-05,5.43904548925842e-06,4.7586550062399e-06,2.1363139616589e-05,1.0562988747754e-05,4.51527265403664e-06,3.86201205930404e-06,1.89271836177105e-05,3.06804873814073e-05,6.30900720095867e-05,1.85509171435583e-05,0.000138044800950127,7.18967684798287e-05,0.000174800389150122,9.26126680139136e-05,2.35739828601043e-05,2.2445965319657e-05,1.03648342022044e-05,6.76181673402217e-05,7.05266200763165e-05,9.1035686632819e-05,7.08470591629619e-05,4.05709086039404e-05,7.38034625470242e-05,0.000106082030561321,0.000220398097317959,0.000391585739678481,0.000225875911443968,0.000105262878714501,0.000589639041169128,0.000246912418784738,0.000160375027327097,0.000103815158851858,0.000223193818691144,4.09236577446735e-05,7.63103453409294e-05,0.000114882722172362,9.09139095674032e-05,8.34207125950501e-05,0.000194830997255592,4.79787766359088e-05,6.25350918545325e-05,8.68306215109492e-05,0.000324257928387658,0.000242476600229775,0.000441104368762536,0.00109392725380997,0.00106199469696756,0.000184726128471042,0.000123413037982068,0.000328243898862774,0.000307347986156275,9.18217583354952e-05,6.65827737642477e-05,3.63443637619376e-05,4.94887472914493e-05,2.91345605644054e-05,4.6022785525455e-06,3.05154900558885e-05,4.57977957462625e-05,5.10093304456362e-05,0.000421459271927513,0.000578951971460498,0.000643330851483904,4.79768120157923e-05,0.000487439613384146,9.75242219988404e-05,0.000276320933307704,0.000195002570000528,0.000252766827123859,0.000113737804672739,0.00038268369588436,0.000287469857343034,0.000127334062002418,0.000147016595213811,3.88927072946966e-05,0.000108685365211817,3.3179732675834e-05,4.29772997214421e-05,8.8198563271943e-05,1.59016346337833e-05,2.27680924689527e-05,2.30847779101969e-05,4.86101691290486e-05,0.000212863740504677,0.000147286447862552,0.000145976931438884,0.00017626781972237,0.000286775566110026,0.000376494570386286,0.000296391120504309,0.000134793928872594,0.000242463489111799,0.000279982346100111,0.000352919820069548,0.000433892465385498,0.00036645074698917,6.6449472032581e-05,2.41776019683441e-05,0.000292791984325416,6.21969212568574e-05,7.11821512752719e-05,4.29596087206812e-05,7.43590101593457e-05,1.29135517628465e-05,2.68688582733343e-05,6.13759735084774e-05,3.87989214635404e-05,1.39168664081562e-05,1.94281721716837e-05,3.22453542846124e-05,3.48950925938924e-05,2.99278461945099e-05,2.56241677580193e-05,1.67740261022373e-05,1.24749677157908e-05,7.76467056305747e-06,1.04310583095189e-05,3.64208812283237e-05,2.82652535220184e-05,8.94323739486359e-06,1.37629849483989e-05,1.32296649931884e-05,7.84569315480325e-06,8.27107310461997e-06,2.34746728431163e-05,8.24436647610718e-06,3.10172244149622e-05,6.73664620320526e-05,5.49151532517481e-05,6.33168736886132e-05,0.00012559877582599,0.000243686283275775,0.000232591603952604,5.31498147830258e-05,0.000147316915340436,0.000234043804483203,0.000278304462916736,0.000194937205182263,2.64163361140947e-05,3.71671599894633e-05,5.38684885417396e-05,8.2273185065105e-05,5.31042428260077e-05,6.13641443451802e-05,3.19391603404509e-05,6.03939527152511e-05,9.2272160755659e-05,0.000266427965731143,5.18668394337647e-05,7.63662505819497e-05,8.98234617626695e-05,0.000132111690602175
6.12797629953194e-05,7.67757485252224e-05,1.26431953302639e-05,3.38202960654088e-05,4.09893069163836e-05,2.22804109403542e-05,8.98863828415578e-06,3.64527884994751e-05,3.00194117159614e-05,2.03098542200863e-05,1.86293826692403e-05,4.90312812940049e-05,2.77675983401036e-05,2.15805805762772e-05,4.93653344419488e-05,3.34625141573116e-05,0.000147883872828739,7.05457672962388e-05,0.000388136291601833,0.000241221059076887,0.00033291861937948,7.97735458781057e-05,7.17589903341043e-05,0.000136292533282788,0.000187150810732462,0.000156172568274374,0.000176563436461134,0.000111896697093838,0.000415829674406728,0.000663883190287699,0.000565021088804249,0.000145698155295669,0.000909351871166896,0.000903070162097739,0.000600225023122925,0.000599929600958311,0.000562629672481468,0.00039162068590518,0.000734668978859848,0.000137926774670266,0.000110911810090865,0.000134394344828754,5.67419086455518e-05,2.15792212249272e-05,2.91170316850663e-05,3.26245464372982e-05,2.46175329911335e-05,6.5349745699051e-05,0.000182030837254278,0.000182694612177329,0.00016979810840703,0.000275230479150103,7.5721596190368e-05,3.5207156342837e-05,0.000108229106438556,8.4421597426679e-05,7.54065461976449e-05,0.000107114520689894,3.41586968043036e-05,2.56214189707804e-05,4.24008139494857e-05,3.83462974593933e-05,2.01179528212126e-05,5.92511390695556e-05,5.08803655192914e-05,0.000153146626701693,0.000456905684243968,0.00358084444556467,0.000449019445554548,0.000708769802355878,0.00447652474294076,0.00231153492868403,0.000927399829058958,0.000274881314880132,0.00028660142218361,0.000242563544284518,0.000307216470809373,0.00202337962436186,0.000749744948023105,0.00011043597095746,0.000601991059729785,6.46429718479143e-05,0.000456351825591893,0.000134939584625775,8.18655947634002e-05,0.000103902495282237,0.000104885353487776,7.45553796827577e-05,0.00043439578878364,0.000227141707225781,0.00019986426242748,0.000201601966833133,0.000308887961090308,0.0012144645636394,0.000240639583963823,0.00331642316360037,0.00191283472266345,0.000920163282485729,0.00239699159153088,0.00185393967059669,0.000606974616042831,0.00118196012161696,0.001384074149363,0.00061595961977369,0.000641031051460259,0.000171480746676745,0.000191231347949254,5.36708781615877e-05,0.000149739080872022,0.000162850690651921,4.43934073369658e-05,4.53258116104976e-05,3.3259909775954e-05,3.58684447217e-05,2.46756350776606e-05,1.80743070405159e-05,2.43978567393436e-05,3.18737210305901e-05,1.84507283629034e-05,2.85515564161646e-05,2.70647260632493e-05,3.68068294233785e-05,4.84666071157126e-06,2.62358744643627e-05,1.34766490718411e-05,1.10664062268174e-05,6.35753568433534e-05,2.10887787701615e-05,1.55630515746277e-05,1.80374873334984e-05,4.97533061202815e-05,1.90380698553657e-05,2.07101194200438e-05,1.47052604868371e-05,0.000129520648130785,9.45156165395785e-05,0.000221175960891745,0.000272619814307613,0.000123551138745794,0.000278612427416191,6.55784548072101e-05,0.000264516860714297,0.000110274061593984,5.23953136415459e-05,3.26056997781243e-05,0.000140303172326191,8.52340963988543e-05,0.000106833396169524,4.52252757946144e-05,0.000175429175160071,0.000182100385374119,0.000118355041291371,0.000170222872909518,0.000446544353414408,8.0318461699991e-05,0.000103391439961488,4.18195602521261e-05,0.000278210967514546
6.90282650003877e-05,3.31590625502315e-05,2.29089058182727e-05,7.3656573686458e-05,3.7219955535707e-05,6.78082009654644e-05,7.59091076779123e-05,4.44773776809597e-05,3.92458133491768e-05,4.45966329932493e-05,5.07168660580655e-05,0.00013263614735753,8.76904150220309e-05,4.25194585556807e-05,0.000220693878335375,0.000318048203257998,0.000256510464073757,0.000698808924958305,0.00214533363588392,0.00095215941407869,0.00180946366565652,0.000942736975472968,0.000354585205300605,9.69489359527032e-05,0.00011524684308808,0.00116523545268674,0.000462162803760627,0.000292913813440859,0.0015701286745314,0.0018939533123024,0.000452447894805935,0.00101614825223594,0.000950025918681452,0.000758609842979085,0.00100264306323076,0.000406559358143322,0.000293782792690073,0.000398385776518715,0.000607105847506551,0.00038606557151739,0.000137868079409572,0.000353304622139528,7.78173950040049e-05,0.000221869679114884,0.000132840117821717,5.79881662749903e-05,0.000108610290113988,6.88537705981247e-05,0.000109282468301271,0.000339700173860717,0.000165099305810372,0.000269096711327665,0.000294841236389349,0.000166624345620775,5.9038676709309e-05,9.30721493408993e-05,0.000225389543564699,7.23399817182082e-05,6.25005406605883e-05,3.7030678661116e-05,3.55381356201487e-05,8.10481122648848e-05,0.000141799161878206,0.000216430919612912,0.000129785483195138,0.000425946676122006,0.000892583056193258,0.00119275469841099,0.00118430293367167,0.000612818375947234,0.000320702159256431,0.00089439255301817,0.000461451570584886,0.00110176724004167,0.000592936213291435,0.000313291812030845,0.000583053516828032,0.000202416731551105,0.000196896466383482,0.000158773028906333,8.87947500846477e-05,0.000179373740218955,0.000258862720820524,7.80125090498768e-05,7.55501054671479e-05,0.000133350893091035,9.24389877663152e-05,0.000128452391872363,0.000551571182522583,8.57072365000897e-05,0.000274173534104266,0.000799294005146821,0.000783804990858022,0.000708469677882518,0.000746325030112579,0.00013628852698692,0.000212067154943912,0.000310865108656512,0.000450233690077501,0.000159115183346523,0.000105750304718535,0.000469910913701178,9.57646949987854e-05,8.63835321215166e-05,9.9431776896155e-05,7.4746667300752e-05,3.85911072902158e-05,3.36737121982789e-05,0.000115886342917926,3.17507939004446e-05,0.00012244531190212,4.37736530025981e-05,2.60178095360523e-05,2.29405524862384e-05,4.52940601844061e-05,0.000102592905656528,5.00874238247729e-05,5.32269422259502e-05,2.7435172194845e-05,1.65843518293207e-05,3.54642243619044e-05,2.69163284242614e-05,8.94121304280367e-05,1.43760058359326e-05,4.35713174576068e-05,1.3978981328427e-05,3.5696201464602e-05,1.13013241711164e-05,4.82970939473017e-05,2.65931659606569e-05,3.0194879686685e-05,2.22369132252395e-05,0.000108566444294519,1.11000000997038e-05,8.47823592391711e-05,1.97679455307759e-05,6.70501116813933e-05,3.44915238396713e-05,7.85283610432235e-05,4.76763710889249e-05,0.000205379220159427,9.17989339847841e-05,5.39368430834289e-05,9.26216610208152e-05,4.53439457579426e-05,1.30134447959262e-05,9.4248437029183e-05,0.000108774507501866,3.69617985655184e-05,7.82870294455379e-05,0.000100359275247405,1.8801466393941e-05,0.000224337527203075,0.000167305162339738,0.000209556031714594,0.000159325160505489,2.58312921938454e-05,0.000427382506888289
8.24318481691423e-05,3.51443604822959e-05,5.29291156697985e-05,6.12475196089583e-05,1.82082688144448e-05,4.40161449242376e-05,1.82123796749031e-05,2.43419228834911e-05,4.89448358066794e-05,3.44959195164185e-05,7.73155326148189e-06,2.29926438559212e-05,4.31948797789478e-05,8.25530877528065e-05,5.97193669345202e-05,4.1932153287675e-05,0.000327342181442104,6.25330390559267e-05,0.000308284590537373,0.000311837046702909,0.000255407121275839,7.84760393937531e-05,0.000118349277002165,0.000206923208660036,0.000370014429648948,0.000318397998752428,0.000406020087734155,0.000482277186580442,0.000469907542504862,0.000370744900701618,0.000478774227784435,0.000905333314595244,0.000260023294840324,0.00096390958527994,0.000414033575329739,0.000320887907031928,0.000576858886121807,0.000320476611262835,0.000228449149657161,0.00010279056046078,5.65404984813479e-05,0.00013676882108944,0.000207734012825755,2.05909978213545e-05,1.58742905394142e-05,4.0571740462723e-05,3.1788443483643e-05,0.000104348292706404,0.000120943033138225,7.16915370708492e-05,0.00014989615134554,0.000204961683087232,0.00016167499170832,6.11316937189886e-05,9.96204090261952e-05,3.35742525357003e-05,3.93022537679458e-05,3.87843608666284e-05,8.20223225009468e-05,4.37153486682027e-05,6.91311836354508e-05,4.81209357183767e-05,6.04299509564807e-05,1.77466869263583e-05,2.53340036655957e-05,8.18044639315362e-05,0.000589057714326493,0.000107732055353309,0.00063956999179123,0.000816212963764575,0.000485554046553985,0.000673243839213882,0.000284040502697948,0.000176175761584507,0.000380879270265017,0.00037571272851025,0.00101429105984315,0.000382605166993286,0.000274163174141686,0.000283904912483423,6.42751350669142e-05,0.000187494431412863,0.000107588277684607,0.000101423435244841,5.89299943525024e-05,4.23987986234588e-05,8.15373184153313e-05,5.14132710647508e-05,0.000130308268605185,0.000101429206294785,0.000204600223686125,0.000160251369587127,0.000517689653011485,5.52165924008e-05,0.00026053199593054,0.000366156981070734,0.00014444306941121,0.000139588296390757,0.000408879291071916,0.000173708004992494,0.000211048024871166,0.000181925272528202,0.000157245018553615,2.74465349218107e-05,0.000137174481375157,6.91388063344133e-05,2.05162778170722e-05,1.74709766087431e-05,9.05225189762614e-05,1.20035913428228e-05,6.85180485355037e-05,1.7944083185578e-05,3.89929805680442e-05,2.94470492508111e-05,1.301466684237e-05,1.23506989582698e-05,1.31576844789786e-05,2.90326685051251e-05,9.15608596155297e-05,1.83611770914101e-05,1.25729844282173e-05,2.96986724782538e-05,1.64987961733351e-05,1.06269200602546e-05,1.50401255505806e-05,2.36315806356464e-05,2.01410831988535e-05,3.54141250008359e-05,5.15507065881015e-05,5.45223276170036e-05,5.46968398132928e-05,5.57950929977008e-05,1.82100013087604e-05,2.6153406278037e-05,1.991873209213e-05,5.30881310997893e-05,1.62784238991218e-05,2.62252654330562e-05,5.2400306972388e-05,9.72378078726442e-05,0.000231931874803265,6.49350955115122e-05,5.86453690751942e-05,0.000133680908621153,3.05287433229346e-05,5.41308149270931e-05,5.72156896338435e-05,7.12548864385978e-05,1.94724700768123e-05,2.07330152534132e-05,6.08046346547867e-05,4.77317515903634e-05,8.35996726467788e-05,0.000102658610689524,5.98667655330382e-05,7.07126875742192e-05,4.24802928632376e-05,0.000199800190142818
8.53020322381059e-05,0.000113869210837931,4.05186767621559e-05,8.69703237971857e-05,1.55681248213788e-05,0.000114285838751777,2.12603545771484e-05,3.21628744272959e-05,2.5107029624936e-05,4.11715934351344e-05,1.49253294755059e-05,4.24015490677599e-05,4.06330445022408e-05,0.000179823428482335,0.000543445178445009,0.000879510699144574,0.00242584174354238,0.00124494522485228,0.00111414742381309,0.000778108305231727,0.000598606173929398,0.00151575043055847,0.000473891879909109,0.000768806200605706,0.00186178190366422,0.00493128365263324,0.00263284500870609,0.0107751702772621,0.00393454555160851,0.00353484639775243,0.00132059991669743,0.00171682513125689,0.000411444639699538,0.000516212418775765,0.000218643856924164,0.000298024286353134,0.000437479275154531,0.000125126718663404,0.000136286894639735,0.000389371263582335,8.99692569893497e-05,0.000125676246599971,4.08277530862537e-05,5.93710268892773e-05,5.05486346840978e-05,9.92710938365104e-05,5.27842684206716e-05,4.03839074363264e-05,0.000104697965294036,3.79300745734979e-05,5.51993820080749e-05,6.98204756612984e-05,0.000107139247180344,5.41243219300598e-05,0.00016457691796296,2.34867470869201e-05,0.000136952973384021,8.00856050451628e-05,0.000108072831494658,4.09160317837426e-05,3.8568511502123e-05,3.98691502939066e-05,4.24382657070172e-05,0.000112832044133159,0.000135984143979932,0.000483743968413784,0.000978246825193352,0.000450432944259252,0.00122986845069472,0.000582050949664549,0.000553972318467905,0.00046208307983066,0.000622089277191072,0.000287498155419873,0.000116421457828216,0.000179124005205498,0.000232400725332894,9.36762456015057e-05,9.87026990250026e-05,3.71778635498593e-05,6.22050791306688e-05,2.93234385730899e-05,0.000133586720212064,4.46937876240451e-05,9.77963417440894e-05,1.80034782690363e-05,0.000112029457635859,0.000105747917758001,0.000759645119226901,0.000247321778207933,0.000740262005948784,0.000305835007807733,0.000457635632764125,0.000623641803600264,0.000280667034302821,0.000411717684063267,0.000228447874201716,0.000206659533351593,0.000187102699545596,0.000170202068809917,0.000273616194620848,0.000295407009501474,5.86970958371851e-05,0.000107989452263885,4.23985843983142e-05,0.000192382505219719,5.37326956040021e-05,3.96390285008165e-05,9.23513691521533e-05,4.38297070056976e-05,1.70093786920802e-05,6.29777243767574e-05,9.71892573644028e-06,7.2064494215877e-05,3.44769666867592e-05,2.93467929377847e-05,4.95487721007361e-05,9.09385139198535e-05,3.72383728965709e-05,7.09455861642831e-05,3.15772218018099e-05,7.55548154590241e-05,9.07907946638589e-05,9.84657256508993e-05,6.09722296604763e-05,7.55062709703106e-05,7.4864651400569e-06,2.83828991996331e-05,4.31179952372284e-05,0.000101193140923284,0.000175088468710653,6.11188407456368e-05,2.58511785903696e-05,4.39400081149615e-05,0.000106168537448075,7.15970755293679e-05,2.62008335834722e-05,4.35685117313674e-05,7.88838790894041e-05,0.000100122339543663,0.000106006377330977,0.000173680550227491,7.99281500523339e-05,6.54020626543047e-05,4.75263336144397e-05,4.58418192861875e-05,4.14244847978551e-05,6.88151273371321e-05,4.53297609661115e-05,0.000127166168030568,0.000153915481868252,0.000126478237763216,0.000173158139255294,0.000200002334973722,9.3487404267163e-05,0.000113738727172563,2.43435307158195e-05,0.000212478985391255
4.00951876037011e-05,5.19353973473876e-05,5.52495506579711e-05,5.32860040033617e-05,3.54698280549067e-05,2.62499273371726e-05,1.67615750147725e-05,3.49169462119251e-05,7.04760635383165e-05,1.68356210736109e-05,6.29809094814081e-05,7.81148416379786e-05,3.8030507979937e-05,0.000146232416905839,0.000327222029361241,0.000214012696361881,0.000223262899668859,0.00087912685212163,0.000790121012122763,0.00123354045456457,0.000372751964622358,0.000940288132453649,0.000191262730503714,0.000343418732254144,0.00133236219932652,0.000835365951662965,0.00122471735997715,0.00328571111613839,0.00128607848353815,0.00123678068076746,0.00191294921259562,0.000711719880574943,0.000172356225062039,0.000557859270356108,0.000813817996056393,0.000676218956857658,0.000681372004219607,0.00014533439871593,2.65410604875965e-05,0.000114160651838122,0.000106388814925027,0.000169737950948508,0.000103571530357611,6.67701351066806e-05,4.41725781710335e-05,2.19184683049931e-05,8.44218954320059e-05,5.67545503999592e-05,5.60651999791499e-05,5.60782983028656e-05,5.66998810657712e-05,9.39510100133351e-05,7.84653370329425e-05,6.73205390789535e-05,8.44841598902859e-05,5.46716126805557e-05,0.000108748597633946,5.24942947572851e-05,0.000165745530784079,7.45371320659175e-05,0.0001236589406839,0.00014700448243422,9.75581737171714e-05,0.000305015529715363,0.000374227792547842,0.00103135745978727,0.000263265276860902,0.002080234975746,0.00114871424857576,0.000582054384411948,0.000702505886793132,0.000475766545133502,0.00082867672075887,0.000591761085445432,0.000790951324472471,0.00055639362616447,0.000187853831298061,0.000310949727806299,0.000212897318128454,9.31317420789889e-05,0.000123786719892999,0.000236970213816163,4.38084258759234e-05,5.49154493198084e-05,2.89795828187932e-05,5.64094896866214e-05,2.17038715108746e-05,4.7868218706019e-05,0.000332245478001163,0.000244376450273189,0.00049164497258653,0.000186593712251378,0.000685503020158777,0.000189381678062407,0.000470525340472193,0.000268995147852304,0.000176375422028066,0.000348212561485527,0.000419895417185166,0.000249498965063775,0.000145689732658954,0.000162990039349419,8.94954929972533e-05,7.97925275705983e-05,4.45299342903538e-05,3.76050294526371e-05,4.99007988400269e-05,9.410787099017e-05,4.42638158646437e-05,0.000103491713400877,3.10726323489549e-05,1.16681877771018e-05,1.90409474671413e-05,3.30119761025436e-05,2.84502550104613e-05,1.82607785863884e-05,3.95428456266469e-05,2.70587225202502e-05,2.15748723913257e-05,5.92935364676949e-05,4.04531033882526e-05,4.64174138897153e-05,2.74111598913814e-05,5.96265689431704e-05,2.71493324844407e-05,1.51430856040453e-05,1.80882234521851e-05,4.08900191445213e-05,5.76915459593529e-05,0.000172122872540368,0.000221703240215567,0.000235524347811802,0.000104849233002061,5.1032973644621e-05,0.000107420921061875,4.34583713818798e-05,0.000155859505389781,1.60225920947807e-05,1.64180512516419e-05,6.06944683126474e-05,4.00157836506975e-05,6.06729616324126e-05,4.34509610218046e-05,3.33442360369273e-05,5.19304034301563e-05,3.80129825134655e-05,7.84569689564153e-05,3.75769202727257e-05,5.86490002297518e-05,0.000111210554576094,0.000209677604708339,0.000132340486118531,0.000348023340406733,0.000420864905093083,6.86946181896085e-05,0.000183852606642789,0.000266763986510883,0.000230216477050276
2.75059903811937e-05,9.26086933364269e-05,1.72785955489434e-05,3.063038892261e-05,5.93976332867928e-05,9.17829120908876e-05,8.55074483510665e-06,5.28081581877354e-06,1.89049345435307e-05,2.85482805801386e-05,1.68032935143446e-05,1.85107556041644e-05,8.50880720816467e-05,0.000197330832325769,0.000274995903158064,0.000315911403377253,0.000582783431439981,0.00121107185154525,0.000366691499490279,0.000614963149194117,0.000224695912510492,0.00028122787878117,0.00027299327346182,0.00036769294133657,0.000907735090085554,0.000242601599253916,0.000175915865224025,0.000735060821362653,0.000805254312080089,0.000905796200507008,0.00054825008022416,0.000143786574531001,0.000532064117683156,0.000634972656870768,0.000471882131863277,0.000712327276809402,0.000638023135182299,9.03118603662016e-05,9.76348489580124e-05,6.09497364205236e-05,3.24941537432782e-05,0.00010380962367406,4.39321001013539e-05,7.05091614088311e-05,3.20899826921346e-05,1.04290962354274e-05,2.55827307302089e-05,3.18643753697168e-05,3.2260786275344e-05,1.74854808252651e-05,4.45877449953654e-05,0.000115080080600834,0.000109077934000785,4.88108350287098e-05,2.74353903798224e-05,3.15166828130779e-05,9.17238437358334e-05,0.000126271681099794,0.000200855343822066,0.000130202144871757,8.44468283159781e-05,1.44795897481775e-05,4.21016646447091e-05,0.000179314642872722,0.000545632871972061,0.000962347609062318,0.000253640311534555,0.00117565224215196,0.00102334541125052,0.000571116830669454,0.000551119812190242,0.000536382426419222,0.000950836192525541,0.000387910751601979,0.000596318509861225,0.000206058930014651,0.000302056070759933,0.000172336923539268,0.000150483879867529,9.21144973637721e-05,6.57687450929064e-05,6.17267236858533e-05,0.000144972615363216,0.000119988181107465,1.65059614952838e-05,3.87350795166554e-05,2.25669063209184e-05,6.63199666778002e-05,7.23417016640931e-05,0.000736258191370296,0.000274091145616091,0.000190794168970876,0.00021284519633203,0.000353738816065707,0.000140472697311479,0.000158453306759753,0.000224361150505845,0.000119619624656741,0.000181033415702167,0.000266145794022559,9.1829652739125e-05,0.000121836686547775,0.000102611539729487,4.48660323280665e-05,5.59189003996933e-05,3.16867872740676e-05,3.2958342448027e-05,2.19701929416114e-05,3.18460778103921e-05,4.03614380757288e-05,4.91626748642169e-05,8.9134313146447e-05,4.63539208396857e-05,2.51391610657642e-05,2.88903562891948e-05,2.93806241339434e-05,1.41446399820418e-05,3.51842554386088e-05,2.3174234670715e-05,3.74200921834106e-05,3.21444016502856e-05,3.3042226648476e-05,1.57779441979766e-05,1.63843531639183e-05,1.55446292905963e-05,3.34364314324696e-05,4.35872298683309e-05,0.000129248104916425,0.000188705875965965,0.000136180254207054,5.29574729517576e-05,0.000303329121607889,8.2974303622739e-05,0.000231349610402319,0.000198636018478522,4.96382326453781e-05,0.000523488599307953,4.98148632938927e-05,8.28892821811987e-05,9.40035835788334e-05,2.02628435248042e-05,6.34343657454637e-05,8.78535585712109e-05,0.000118274572411635,4.31796875223964e-05,6.62050967081096e-05,1.49810074167214e-05,4.0422284392425e-05,1.31467642227372e-05,0.000136367974039712,0.000202561161955274,0.000544486773735974,0.000457197458827399,0.000448302920362561,0.000243076063588739,9.10521225761132e-05,0.000237972384733425,0.000239547743398191
2.33196581422367e-05,3.76523767681903e-05,3.23248997442058e-05,1.38559441377938e-05,2.65937976071646e-05,6.17491115285203e-05,7.06249767080904e-06,1.20985580427886e-05,3.00669534099398e-05,1.81352715545569e-05,6.44495502542022e-06,3.85260579802284e-05,2.85596777245232e-05,7.9376051586346e-05,0.000413534764228907,0.000425479320108642,0.000949243418418713,0.000589430014587318,0.000227085226830764,0.000903305622006817,0.00106344017891709,0.000209730518329413,0.000214437793949058,0.000442424081277882,5.01900234216751e-05,0.000429062643259336,0.00048234199012226,0.000826719244449804,0.000642530487841677,0.000337731561364023,0.000329657107652994,0.000365776881530363,0.000107215405167392,0.000406757879398551,0.000320266907563078,8.04826728362768e-05,0.000291316490339717,4.80262325344192e-05,7.81693595968685e-05,0.000194212173475344,9.87752183348112e-05,6.01671216190069e-05,3.32446171376823e-05,3.23845389817866e-05,5.35595823076699e-05,1.36809778105227e-05,1.89067624550499e-05,3.73411740165442e-05,2.67149542200863e-05,4.13527930176194e-05,5.64633624135196e-05,1.75782614139729e-05,3.44529915314435e-05,5.9837433788377e-05,4.34301198996901e-05,3.79556356143971e-05,4.45776012365846e-06,7.44556644909267e-05,5.43083108588077e-05,7.65459977725482e-05,0.000125125563548074,0.000102828942388097,0.000129342938607548,0.000299693155664582,0.000604117133473758,0.000125541600427171,0.000676950830398566,0.000351588318616837,0.000536318829688191,0.000532167951818703,0.000485564631491788,0.000183771647008684,0.000663141161452854,0.0011249182262968,0.000470844498483716,0.000636784173652554,0.00119400854134788,0.00019010459719115,0.000133121241959008,5.47262173763613e-05,0.000137649065627261,0.000186213671151015,6.35236829608901e-05,6.93947734444658e-05,2.28631574816456e-05,3.48954340727667e-05,2.84920532776149e-05,2.51624271075671e-05,0.000150011926509333,0.000292489003556244,0.000244561741013123,0.000280168384540306,0.000225362636684192,0.000168571414032095,0.000245100777099441,0.00015337599700929,0.000133044785670428,0.000157442447094669,8.09900653481989e-05,0.000204825431540311,8.48009717224051e-05,5.77113817974681e-05,2.87197642999695e-05,3.67559344354344e-05,7.27701222072548e-05,3.78131232166043e-05,2.87492177514917e-05,2.98839718463203e-05,1.16245842920527e-05,4.32575029080609e-05,1.45981261177884e-05,2.83796849403492e-05,3.1823232129918e-05,2.35426355418311e-05,2.60083142285544e-05,1.67498730480487e-05,1.12202535923195e-05,4.59989364501223e-05,5.82187957442332e-05,1.53241116106586e-05,1.92205321795989e-05,1.1682380348959e-05,1.44243715221259e-05,2.99994686977417e-05,4.53617064295982e-05,4.78382595785153e-05,2.81092161939143e-05,0.000231516036942058,0.0005663151417777,0.00129030928149725,0.000319545093392019,0.000211629191888425,0.000784554530318387,0.000120670795494962,0.000345665241437694,0.000278091084961502,0.000208101278334636,0.000270673486954849,0.000200425013450398,0.000119304500383381,0.000538470867371815,8.33821777381554e-05,1.43778354267004e-05,4.54787557903816e-05,3.06501629687794e-05,4.43690333397666e-05,3.73659278188356e-05,4.70187738750341e-05,5.56794802911263e-05,5.42529037639462e-05,0.000103591354159159,0.000346731058585296,0.000457436779832292,0.000694235573282691,0.0005970173893092,0.00012534257246991,4.95933996086702e-05,0.000254324511007165
2.21627796160891e-05,3.5959578001166e-05,3.71319592787548e-05,3.78780350450654e-05,4.49613023695703e-05,6.22056983942979e-05,1.45645254394953e-05,1.10630458594928e-05,4.71617782339633e-05,2.2124282629834e-05,3.75265029627431e-05,3.13797119532369e-05,0.000113342398228819,0.00016077713102955,0.000437772006785894,0.000666994482946235,0.00109247292286475,0.000263029424175747,0.00084085468175911,0.000197584409349702,0.000451369255933593,0.00056736360575143,0.000138582402093092,0.000234650508333208,0.000639042043032163,0.00126627682576869,0.000514622868800419,0.000967937228181773,0.000920967464982792,0.00108163232959644,0.00126068241463665,0.000598357557706601,0.000325829276313967,0.000187615686586499,0.000306620046849442,0.000100923159176458,0.000407299631782906,6.7451262201771e-05,8.79700438332771e-05,0.000173927338501727,7.20098738382295e-05,1.6772629917693e-05,4.79796135901411e-05,2.01826621342763e-05,4.15990479422406e-05,9.80314270060714e-06,3.40647782813278e-05,1.80937703981318e-05,2.32714648395484e-05,4.17107625587255e-05,4.45228214791867e-05,0.000125295661206906,3.99356214642647e-05,0.000104988827881097,3.147762075734e-05,2.96238764862031e-05,0.000127307968840759,5.63385357896419e-05,0.00011611044701545,0.000101642451454306,0.000163131490723242,0.000335257753623324,0.000285603280368097,0.000889029429387467,0.000572703792299134,0.000662026105548739,0.00083889785277012,0.0003938379412617,0.000631654933200702,0.00078666681555355,0.000657700384696894,0.000534865734925482,0.0011060835841151,0.000863695512870055,0.00106390277221621,0.000489950694412446,0.000614004602671597,0.00024287407115855,0.000132443962412048,0.000125681187101879,0.000209123364977421,0.000147966110640886,0.000180795410972749,6.37129992216279e-05,4.57649472652309e-05,1.87729815290354e-05,1.52277011741244e-05,2.71286141757074e-05,1.29148007471314e-05,6.21052858629348e-05,5.41526926062214e-05,0.000205147734261506,0.000174165015694493,0.000205839739537271,6.00729360439606e-05,9.05451751933343e-05,9.94550644464301e-05,0.000213874570666005,0.000226547371539176,0.000219529828603026,0.000193361824971036,0.00011969775075115,7.28697174090763e-05,4.52388016628308e-05,5.92195591361082e-05,2.98907862640499e-05,2.58643159791081e-05,1.1660734224649e-05,1.5545054782846e-05,5.81250903271511e-05,1.24325084875996e-05,1.40075187002428e-05,2.05551770998277e-05,3.91049594563688e-05,2.72623622443743e-06,2.15287171497984e-05,2.00028270499534e-05,1.66171819187597e-05,2.75681361134463e-05,2.73696729372181e-05,4.62607022957998e-05,8.63984918688322e-06,3.19993524738489e-05,8.01215105144786e-05,1.98347727397122e-05,5.97772385686001e-05,0.000137252495412857,0.00039059517751066,0.00075774135160563,0.00100137476698566,0.000470473220934821,0.000932975211574672,0.000761684304012649,0.0011207832544013,0.000468843207795511,0.000351501972071241,0.000596634924179936,0.000481194811669389,0.00018412071831427,0.000444829687757057,7.19239849459126e-05,0.000294948106326088,0.000178612124845939,0.000153499106202994,3.94116618889175e-05,5.3517575889716e-05,0.00012308346504663,0.000131252010222791,6.66867685391062e-05,0.000108041287189633,0.000143607976770531,0.000217010828608918,0.000183341328199786,7.86327073487009e-05,0.000626116796368597,0.000192039948980666,0.0001635418704259,5.24233886012871e-05
9.05816349713914e-05,6.67938790502883e-05,6.73908999193093e-05,0.000111045686306045,3.55265961901228e-05,2.89695384802565e-05,2.7599452942931e-05,2.06746201813143e-05,1.93148464650383e-05,4.62303798951116e-05,2.8819781781035e-05,1.60372802604313e-05,0.000105942069786807,0.000315180592981747,0.000128406332761965,0.000369617666161581,0.000495293473269622,0.000325186034675487,0.000201715757236258,0.000377240043763486,0.000738331109514712,0.00031209274179622,0.000375872467404178,0.000474964862152241,0.000337962732582757,0.000216297268209325,0.000222184676928264,0.000790161209307406,0.000277687047652187,0.000630211773724428,0.000540017106317613,0.000157453401112157,0.000376905844141984,0.000274460990814904,0.000135585894595795,0.000151334773773869,0.000213227863221832,0.000117310489007521,8.71829346941758e-05,0.000149123857570684,7.73278221451138e-05,4.04273516872556e-05,2.44088865358768e-05,2.66834739051013e-05,1.72689546339853e-05,6.32930158116742e-06,1.52499705367147e-05,1.96381810194029e-05,2.79493992888141e-05,4.30820088843176e-05,6.83181756668394e-05,5.98901132684223e-05,0.000104151193182792,4.66277773171651e-05,4.86113549829824e-05,4.83413711370054e-05,4.63238336360818e-05,0.000173426046577286,0.000160391986116678,7.96372931376222e-05,4.34757572353096e-05,8.72544630766957e-05,0.000356392997616355,0.000130092439424976,0.000343700747660577,0.000803369978399681,0.000600364545406277,0.000416119708535493,0.000397855510091382,0.000505981546523441,0.000441557007909616,0.000335980526672631,0.000414269083241173,0.000691578571231861,0.000223577621304056,0.000212299854170135,0.000204800079116586,7.69027556759711e-05,0.000236176089834693,0.000158295587629946,3.69286704643831e-05,6.65461420461902e-05,6.00774718691027e-05,8.74998399505125e-05,6.77761648754548e-05,2.51741016111612e-05,1.60483576525307e-05,2.49942736102265e-05,6.83221909505491e-05,9.62707320091486e-05,5.8463437786055e-05,4.63895567886123e-05,6.45850963686575e-05,0.000221453983750707,0.000150910293437387,0.000171356597169442,0.000276968382841649,0.000211627512297667,0.00011721399195587,0.000170999366468237,0.00030645959886582,0.000154110130217343,0.000114572562972831,7.59811911546436e-05,8.60675707991846e-05,7.9152000249066e-05,9.69427160316564e-05,2.85393322515056e-05,2.52134496570926e-05,3.76018843019769e-05,1.73049637864646e-05,5.01752217694896e-05,4.10089184276212e-05,2.30966273728862e-05,1.8406890036611e-05,2.37861434814671e-05,2.37578221671388e-05,4.29184367218121e-05,3.34384816845594e-05,2.72228163600833e-05,2.43267850972445e-05,1.34729131568455e-05,8.28547480328628e-06,4.90406032234016e-05,2.13403717054804e-05,7.67631794024409e-05,0.000136893091460824,0.000509775251063146,0.000570560121152667,0.000992673012613737,0.000658947349208694,0.00071078364987708,0.000972791067636987,0.000293949318749957,0.000894142904027543,0.000125964684723874,0.000574773086736797,0.00019257366357776,0.000172349002564039,0.000136079780988476,0.000219463749794433,0.000134251713765847,9.40920094317214e-05,7.60196290245329e-05,4.78790827657312e-05,0.000143788345681797,7.03116478359702e-05,3.04919729978226e-05,7.41998000415137e-05,0.000167343947753078,0.000121260696826981,6.6626914339387e-05,0.000159683685459168,0.000216305768727311,0.000229767386366958,6.26500718136962e-05,5.30256023088074e-05,0.000141947481728307
7.31787238212094e-05,7.55929163793646e-05,5.82451900436545e-05,8.60967720721627e-05,9.55584805291624e-05,2.46716702309721e-05,1.54943840923558e-05,2.54841673650739e-05,2.70532542987968e-05,3.02378127242465e-05,7.47647651545928e-05,1.51189177411469e-05,2.92824223481508e-05,0.000181650152340831,9.07518670443072e-05,0.000164836853056495,0.000131074836686478,0.00027345652120135,9.253004463676e-05,0.000232139480300109,0.000361477942387804,0.000132045361308803,0.000109222633656491,0.000116740088401709,4.20780170383146e-05,0.000268291731887638,0.000506021064950508,0.000463000639821071,0.000382466453890849,0.000322087746280592,0.000428839760680106,0.000329557484622354,0.000138063041966489,0.000113580751214008,9.37153071711281e-05,7.81060046004453e-05,5.42958257499269e-05,3.65262206363549e-05,8.09788094864894e-05,8.68483671124385e-05,1.43446898169107e-05,2.50326298773082e-05,3.10682970730119e-05,6.02321285110236e-05,4.92598378140193e-05,3.95580795309652e-05,2.51567936832153e-05,2.16391579432156e-05,1.59446869488595e-05,2.65287095117675e-05,2.84733325798492e-05,5.07842244701892e-05,8.06813901665355e-05,6.15238190204464e-05,4.75613959828907e-05,3.24198006360964e-05,3.96378082843109e-05,0.000216723894536971,0.000341490567221577,0.000305286240505739,0.000265664146587637,8.40802866204648e-05,0.00016187522806235,0.000322347926749011,0.000585575336249068,0.000521954446548221,0.000519900635817209,7.87480764878005e-05,0.000206452601398478,0.000130765878396397,0.000108208668152042,0.000194331796472395,0.000424053663970706,0.000252226720192772,0.000147967715086345,0.000386121144251581,0.000103175166352735,1.97099374069964e-05,9.89027505605969e-05,4.70784239246966e-05,7.3906180215423e-05,4.347358983613e-05,3.02583316487945e-05,4.63085361498051e-05,4.96851888383091e-05,3.29800756843917e-05,1.28937636076445e-05,7.95078470949653e-05,1.69334926923699e-05,2.83824717808967e-05,4.00383874443486e-05,2.61383820620808e-05,4.74993765761132e-05,3.94389724877203e-05,2.35601276864889e-05,5.11893867162916e-05,2.07643551231101e-05,5.60444352376973e-05,9.88426630217156e-05,4.16610687788081e-05,3.8227949619898e-05,8.54423100829103e-05,5.00929735050257e-05,1.6258981852126e-05,2.72351650540107e-05,1.54554348529823e-05,3.48982425542538e-05,2.02219811744139e-05,5.60708594361926e-05,2.91941220715497e-05,2.58392136727301e-05,2.17132521614213e-05,1.68778550968457e-05,3.10637798048142e-05,1.19419518548328e-05,3.8804864790389e-05,4.90192371057659e-05,4.56303163893394e-05,1.22601550496595e-05,5.24805317761732e-05,1.85809373584974e-05,2.69558539389993e-05,4.44032779590019e-05,6.08357994663562e-05,0.000130341227817587,0.000197040087752045,0.000661701231602584,0.000634862090704396,0.000548147320709082,0.00617841709019403,0.000732706596928339,0.000817320468411989,0.000621019442175495,0.000715214934436099,0.00222452884297607,0.000642124667520703,0.00101828113416056,0.000173956248323129,0.000678931206819903,0.000257310648919338,0.000138201336587932,9.84437675585032e-05,0.000133078939085613,0.000123906143546631,1.62459510523898e-05,6.52818423245152e-05,2.58641427236943e-05,4.50428799920897e-05,2.14913313491691e-05,0.000116946890676753,5.06563405921128e-05,0.000194156047194954,8.77738083394977e-05,8.63162063968668e-05,7.16901357664353e-05,4.52732163607617e-05,5.45973619644872e-05,4.54591632204679e-05
8.81734564202106e-05,0.000186595085595637,9.0927866446946e-05,0.000120552301925515,8.06607202365626e-05,0.000165530140661847,6.85222050555888e-05,7.19893031173067e-05,3.68122711033699e-05,0.00012977773069281,5.24610828577931e-05,0.000129646367991098,2.52157476535371e-05,0.000103814202682242,6.54437259741013e-05,3.5097163033269e-05,2.62476775435527e-05,3.22679876804896e-05,9.96202098965121e-05,0.000153075283587779,5.74281168702356e-05,5.40007190949137e-05,0.000108528348445972,6.81994696722091e-05,6.38418045231422e-05,0.000110126272704079,0.000168909328149661,0.00011148619056452,1.04073599515573e-05,8.51281907907559e-05,5.77932538860795e-05,0.000103753768345034,0.000122786134222046,0.000380613195042785,0.000366330626437699,7.23176412252801e-05,0.000133642283303734,7.11712573332694e-05,8.43918390305682e-05,0.000223724549890397,0.000100362904690982,0.000124852568623194,0.000122216677977792,0.000154285005132629,8.73793987511225e-05,4.69466588100958e-05,2.99938917393865e-05,6.42241630920816e-05,4.00939769890608e-05,8.29514691811407e-05,6.48109664639871e-05,2.29946393529363e-05,3.29539503636547e-05,7.5928398598328e-05,7.24575297418387e-05,0.000162460881720096,0.000286312167548487,0.000973734436368649,0.00155792155349436,0.00290281876678837,0.0017305306453489,0.000991791538027185,0.00116136923565462,0.000535972641731395,0.000420753976155784,0.00223343960458307,0.000487706164071642,0.000715730851233517,0.000143968418908435,0.000468108973575726,0.000176414897151417,6.9981501382902e-05,9.01231462680981e-05,9.58826825439773e-05,0.000100580597487849,3.52156189561073e-05,7.34911571568091e-05,1.54367237500322e-05,7.62544708590128e-05,7.25957334760493e-05,1.02217650327775e-05,8.30444993651191e-05,7.54411089224371e-05,8.15196422936701e-05,0.000113029614763834,0.0001762383595976,0.000127795424472444,3.95887509468429e-05,0.000103109897636289,0.000135119598443508,0.000245693008494879,8.89429518354389e-05,7.39167780670453e-05,7.21028039855356e-05,0.000135713679644457,9.37198859147694e-05,5.32370083822166e-05,5.32619354498052e-05,0.000114836673662003,5.19559215685196e-05,7.81504111731955e-05,1.87787273068081e-05,0.000107829516639081,6.3758371743083e-05,7.10172393659658e-05,5.88124071178226e-05,5.4085236060214e-05,3.65731394657337e-05,8.99308510415418e-05,0.000180071929637886,7.6306855851778e-05,8.17730622111851e-05,3.03915902622966e-05,9.14780643770927e-05,9.05508134661313e-05,7.63063958501955e-05,0.000141728993878111,8.71439153879779e-05,0.000131649486943236,0.000154804919506338,8.80150327073375e-05,5.01302954751132e-05,4.53463166564316e-05,5.52243284064452e-05,0.000120124190826908,0.000394159640635107,0.00040544120524115,0.00157800235955407,0.00581959241327408,0.008806600866875,0.0199200458090692,0.0180590961074114,0.0115735580150425,0.00482490296690461,0.00249478763803507,0.00482813417362337,0.0014658732937041,0.00215212527234945,0.00135242543120885,0.000383666087331663,0.00102907603517342,0.00141268864253338,0.000544907919129172,0.000292605325523524,0.000273377243073475,7.84328354096816e-05,0.000139076181260562,2.06494042169216e-05,0.000123928596343901,0.000117519577815458,0.000116196197841495,0.0001303685512704,0.000161393823667249,0.000128217337134142,5.16832495418695e-05,0.00019210052010314,0.000117323558787009,0.00012373578780253
0.000353861518981987,0.000268917749246204,0.000370030262488125,0.000263875701113719,0.000152655901957497,0.000204153868731118,0.000167488457272611,0.000236233298836702,0.000321953216391573,0.000216107143969395,4.78240393129471e-05,9.03873715182378e-05,0.000377448661814109,0.000811597961113328,0.00101246186819845,0.000903450647287901,0.000964189033385326,0.00129783408583554,0.00190783129076999,0.00185121870562705,0.00114703048855166,0.00110809610642172,0.00166638234669289,0.00136218112501994,0.00147447612726786,0.00215773583140512,0.00266196467605762,0.00255355981262139,0.00200501229331152,0.00111317170880775,0.0008010872319676,0.000683072031039035,0.000849428792754907,0.00123685570222213,0.00191213037893135,0.00222362609836946,0.00325460530474684,0.00436847779083073,0.00493561362473985,0.00480057191417267,0.00407467739497696,0.00333628465828852,0.00251318768462708,0.00180550891100564,0.00175670286644277,0.00349714841401856,0.00335370775451796,0.00650800274873613,0.00551101052405567,0.00812815344922434,0.00566298510805604,0.00390306263891445,0.00260496677071826,0.00219090637731888,0.00154544928226441,0.00227864889374871,0.00123312255434123,0.00137628995485049,0.000630323188441814,0.000535050566631214,0.000322809602104951,0.000536677839713861,0.000559321797754126,0.000337934435979371,0.000357498888383383,0.00211705338651191,0.0122746926128453,0.0121587876458253,0.0117212881866832,0.00506580372936269,0.00253080876212246,0.00335095033729668,0.00362836093254353,0.00424296555636257,0.00358398082530969,0.00132396155065459,0.0009258349516661,0.0015545288413908,0.00295649044903876,0.003070556809785,0.00172348934357055,0.00217617714621831,0.00163723108932995,0.00152313959139199,0.0010063434367102,0.00116194822083263,0.000759721933927621,0.000740509083388291,0.00129831752242892,0.00142740996866077,0.00783040487752339,0.00607891348182444,0.00974374622970006,0.00287751180251791,0.00292376442861805,0.00145817657123114,0.00199527976024277,0.00246722467926324,0.00429578434234265,0.00350152271582805,0.00281437322282747,0.00255545491888858,0.003573745686869,0.00315420000939687,0.00175054414506517,0.00157980485746942,0.00103900514487879,0.00120305569874309,0.00103274246633311,0.000855365055788086,0.000890306141961352,0.00332854400390472,0.00672019911182269,0.00436040083657833,0.000519610779716663,0.000638163131984097,0.00109505512589884,0.00101753929119803,0.000668646267822885,0.00145060381953474,0.000715738669146663,0.00113947154263479,0.000856450575741927,0.0024810232547699,0.000545053986661087,0.00119559547608688,0.00361662606897141,0.00176612860615344,0.00109622911381248,0.000799793245354365,0.000513871865448321,0.000424150507370179,0.00181236062335638,0.00313611364643942,0.00238030887110119,0.00238273476849395,0.00250812606879145,0.00377630085919291,0.00135408465910923,0.0005163834232182,0.000759213353343652,0.00122996186062067,0.00160931076050171,0.00263169565861247,0.0090023848521252,0.00913796975911872,0.00954613447407218,0.000622591978183778,0.0125127120593368,0.0212255178828529,0.0349363820936881,0.0363674629468736,0.0152676221220949,0.0171453506726838,0.0366087734576224,0.0257271864000194,0.00712033108038804,0.0142280363935374
0.000196252732427814,0.000323304521019007,0.000135680111018694,0.000500439787356548,0.000770918996598041,0.000297190734092252,0.000223636836542183,0.000434570440600347,0.000654048383059743,8.53414118412498e-05,0.000420039217579977,0.000398234334101962,0.00116429353869373,0.000733594310566117,0.00127901387919917,0.0015001525566765,0.00513784830651344,0.00480273901727491,0.00625558778687731,0.00601102753226426,0.00394395433268109,0.00565615264434276,0.00930171116118744,0.0123654915362864,0.0115164397941936,0.00624375075586968,0.00410228262762689,0.00511889922019023,0.00760617406946092,0.0068997085587767,0.00554704188986196,0.00577414450819157,0.00661802300088734,0.00773833840824768,0.00511621055485911,0.00764894790478644,0.0147625529139366,0.0127073178518797,0.00734076242160938,0.00248049196883099,0.00458734055131473,0.00768686286731545,0.00692434495240961,0.00630104032358913,0.00839051493630127,0.00717031561576986,0.0122919594516576,0.0147738360684718,0.00542770507515614,0.00748084352053988,0.0181522890832736,0.0238794521833567,0.0164162932114919,0.00684009006544842,0.00545131805443124,0.00311622734995,0.00428356015049753,0.00571602207674433,0.00403807100460735,0.00272212272838715,0.00125429059384248,0.000292231193606507,0.000390734081083,0.000545660837790426,0.00080335913216313,0.00214489292946348,0.00256318477503673,0.0241872495704265,0.0179928814551449,0.0087191592727306,0.00613592157979486,0.0102215917673666,0.00506433323510824,0.00375285480789613,0.00835870861560582,0.00873716752647672,0.00776334383526764,0.0054892787808417,0.00630923856300407,0.00917169369565206,0.00389817655811503,0.00410590904803235,0.00272126351034295,0.00235391866379397,0.00135271344136986,0.00141379929735585,0.000683218521454513,0.00179902299612541,0.00504914212713244,0.00913196173228614,0.010907691150969,0.00147203799083169,0.011900901957056,0.00737249667141261,0.00345196580006555,0.00391730109824507,0.00330330207326691,0.00509606774564882,0.00460301631193591,0.00296525393247072,0.00507390767865783,0.00786954106057663,0.00717527925237232,0.00550155698578105,0.0040068076387506,0.00466376892126738,0.00342451038597856,0.00442237657946261,0.00390281351844313,0.00688156173222643,0.00621011350542503,0.0100839995827174,0.0160046788159664,0.0189011728235528,0.00925629407313654,0.00238517986994679,0.0056713267631788,0.002142767619988,0.00430664604890899,0.00997900472794205,0.00641266170253523,0.00267989727033223,0.00629645253290468,0.00515218601490372,0.0019200823571042,0.0011304582790269,0.00340608749330699,0.00139347833851336,0.0033999271690666,0.000906904214769125,0.00114429597369223,0.00102961525922547,0.00403996132885416,0.00250610277003476,0.0032004548484624,0.00879575876602696,0.0116430126326324,0.0118526288303398,0.0107108085653136,0.00315919004973641,0.00441163715441714,0.00334167665254424,0.00108800817311195,0.00646210545701573,0.0136387168858418,0.0338454225629408,0.0148246861111442,0.00609860918135768,0.0182815298586622,0.00778491815336308,0.0226736994322674,0.0288703998805817,0.0187766309566075,0.00647888441675367,0.0115437292264502,0.00431873389715984,0.00781373302457073,0.00630104245911139
0.00118540374647701,0.00179192373570729,0.000763629736398133,0.000418131575465042,0.000506518166184416,0.00098565223151047,0.000787947891594309,0.00062871214385215,0.000894876622390069,0.000957518525591366,0.000706576865671353,0.00027582157119427,0.000308149220391949,0.00240315054521357,0.00522074356703812,0.00598683533103124,0.00825545760570265,0.00306538232920188,0.00570439482337661,0.00608621162083431,0.0096393081908113,0.0134492565781624,0.0178643159039451,0.0205658036541471,0.0108858756412101,0.00776987005012906,0.00665685236006684,0.00666440909549531,0.00895202359193952,0.00524720334218695,0.00495123607364736,0.00738519074398207,0.0104753106640486,0.00987138792734079,0.00382815966957565,0.00169294814931859,0.00537093166400124,0.00570495677008578,0.00666749399301065,0.0130005685022102,0.00783955916894939,0.00764879659104905,0.00328633105003209,0.00405811108161952,0.00627149753920489,0.00526781163790254,0.0053668771767379,0.00737690343846704,0.00532634801256703,0.00442333717658559,0.00696782863090545,0.00739515603573766,0.0117414528520356,0.00865040142090226,0.00869408315871226,0.00827509666784464,0.00567876373320449,0.000939062201057281,0.000565187317959322,0.000572349616767781,0.0027831378318015,0.000494031135859194,0.000554898274578731,0.00119188212243253,0.00172397310819822,0.00330308976762674,0.00515263469596508,0.0168902461791968,0.0122684434388921,0.0154908692649797,0.0114928055425271,0.00722566546399433,0.0104577964033622,0.00771100185450127,0.00925468103551168,0.00376977531736208,0.00388472039906429,0.00962650150248977,0.0123976701782031,0.012289672688415,0.00906665525961443,0.00396833527534242,0.00431739949120221,0.00563811432761664,0.00614947947830512,0.00555252243238941,0.00640799762528489,0.00373036584525593,0.00127937454360869,0.00180310114490363,0.00289385922443958,0.00741451469586582,0.022406261820732,0.00836497218294122,0.00739977358299613,0.00648031070049889,0.00954163080872431,0.0124430661818198,0.00773941532245488,0.00389935265161002,0.00936177162760939,0.00392930006861248,0.00286979793400476,0.00913312217591329,0.0079851539552565,0.00277507509114182,0.00287883656193208,0.00390814912010845,0.00698625628755789,0.00400439919014386,0.00703983439674555,0.000871263558842688,0.00288589867801153,0.0083901295400553,0.00646594612041126,0.00184623487761184,0.00617279753928386,0.00398153765566097,0.00269178833244201,0.00274644083942324,0.00100325873206844,0.0070134567352383,0.00794705037981335,0.00267354583165221,0.00145496950462512,0.00144380223679112,0.00394449517819262,0.00316393837917881,0.00202555927156058,0.000311624781030161,0.00052072579086782,0.00160759802611779,0.00199214346791126,0.000772412202855354,0.00119388763968573,0.000978607421169425,0.00394565618407109,0.00508639529574066,0.0017927446635514,0.00399236777017001,0.00280091208857922,0.00205972124558182,0.00203534659278454,0.00238790153619346,0.00485878147731507,0.00911107725140566,0.00476076891103425,0.0175229652644044,0.0250251670937683,0.00222829580229021,0.00697552060503121,0.0219972346019214,0.0107091775329186,0.0181251497276668,0.0135581376432324,0.00982295015267554,0.00389029936182796,0.00180194974702409
5.47455113173155e-05,0.000194246672979372,5.73729009300628e-05,0.000105965203566407,4.84301554286265e-05,5.10179951958737e-05,0.000157884752975125,7.72351539161382e-05,2.92928763459914e-05,5.63383845738899e-05,9.77150660274381e-05,0.000220525009336196,0.0014571535339776,0.00361964448420521,0.0119497886020983,0.00800348188390128,0.00824598049478402,0.00459209627636344,0.00425452593638811,0.00743198976269508,0.0120603375267502,0.0135938175889302,0.0169468276481612,0.0220411284939208,0.037814842129174,0.0898147875762898,0.0305897054931555,0.0133141490825452,0.0245923978362102,0.0340494692655597,0.0373917345395412,0.0304547966327874,0.0135262927506823,0.0101692790885362,0.0105339181127397,0.00694739786027708,0.00959678191791848,0.0177441131219103,0.011432689123865,0.00609519665743613,0.00950792380334584,0.00698072449271512,0.017471167758728,0.00456730918156285,0.00282346959896374,0.00293194315474299,0.00305858706450424,0.00311521651458774,0.00376236537397876,0.00350794652987332,0.00607687345993965,0.00707431881837688,0.00386126972962053,0.0236726179004878,0.00157151404193743,0.00203578642455178,0.000742771622560196,0.000355834026673234,0.000313625535733967,0.000463384976343026,0.00046092037362604,0.000611809754039882,0.000416893208935871,0.00248245387055064,0.00041637424730536,0.0018074814611883,0.00643386702886125,0.0122637411045748,0.0242855657859349,0.00918604726671755,0.0212484554158604,0.0157596791829203,0.0392321591081247,0.00954355760793837,0.039558042048811,0.0131884176396701,0.0286875117338019,0.037541084754432,0.0107220860786894,0.00898167080973705,0.00791271422094454,0.00273531431390988,0.00243854469402784,0.00352556470755299,0.00145610161401568,0.00275181562538662,0.00133431150482161,0.000902074511239043,0.000639824112172441,0.00268094256955244,0.00272008636990576,0.00376897522131312,0.0195822140786949,0.0228421857613977,0.0527220866781126,0.0150580539657129,0.0196137049076084,0.0158667060287124,0.0177205735431355,0.0209663212460481,0.016555977807259,0.00630283798802058,0.0189261709301863,0.00631359421631554,0.013017914325309,0.0026098317163659,0.00768568503245034,0.00478445096378146,0.00214009142881132,0.00915550559665702,0.0047470629852171,0.00383856066503777,0.00194490655474457,0.00138753493214556,0.00496056980961211,0.00108975998493207,0.00417633057740126,0.0108540968593671,0.0053539525341723,0.0026821035218495,0.00189236809336209,0.00257890168928011,0.00023783772711983,0.000377551800054335,0.00189737619277538,0.00433218803616273,0.00151450287670063,0.000202971834309144,0.000267164910196795,0.000170175843642042,0.000327287156703826,0.000921802194230741,0.00157797533592747,0.00297705506851725,0.00472507362952415,0.0127708972049663,0.0225373926787419,0.0255182975940005,0.0225788939517604,0.00916354244675278,0.00994999744877792,0.0153457290609201,0.00336135527412138,0.00225671018989738,0.0026971975641278,0.00148077418751419,0.000923082149302235,0.00200828198799242,0.00191437796609955,0.00136216349274874,0.00482833318881226,0.0141695826856211,0.0207589753421882,0.00321288554027424,0.00153586375951162,0.00167481336823944,0.000510504915404599,0.00327294757043196
0.00225436354911001,0.00175960277580467,0.00100311252127504,0.00116408264371845,0.000329665889365203,0.000556147886903821,0.00117027479747638,0.00138805163135937,0.000652572452392332,0.000922236626653996,0.000628058402308362,0.000830790331724871,0.00744863931058727,0.109431530514708,0.0942392829524822,0.121524931027702,0.129975720579578,0.151275897161633,0.049622064202843,0.188107729300664,0.129955452418502,0.165407344611634,0.0248132284907416,0.0682328005974932,0.0918472894604134,0.318964927372179,0.510646311205104,0.482465963190696,0.486511324206553,0.249562814311992,0.333846838570545,0.381118322681981,0.24975727340981,0.138220735249538,0.445150838930114,0.391327123577857,0.0550536247900272,0.112862848053842,0.240642657780428,0.246510110368669,0.0999431958068781,0.0995387498815115,0.0580034587620131,0.0171436979180394,0.0422545482455164,0.0381403829400916,0.0545517087387458,0.0576174005237221,0.0600784510450428,0.0783576978015039,0.0552384781182704,0.026539454092978,0.0063969119677892,0.0151179532112856,0.0156625201354721,0.031908918916629,0.0322721197328435,0.0096154595003049,0.00562768442840765,0.0117655151734763,0.00526885813968144,0.000532211702563724,0.00309358102831699,0.00465223038596229,0.0032824754124566,0.0156299939784943,0.150602776650195,0.142446342816761,0.204971056324486,0.312193685724835,0.379262797518133,0.281157485346824,0.107931681543733,0.197373067110667,0.162070668961629,0.300956956146705,0.290212665168961,0.352769988807192,0.359824588226286,0.248975600326246,0.139523121485166,0.0131905499342091,0.0386731975779821,0.0927002458976282,0.104504267216866,0.0626207737831236,0.02425822986075,0.0241844820482073,0.0203084502636765,0.0171272352721294,0.0765528611882555,0.221495905659022,0.258442609636142,0.331535051250542,0.165764110401085,0.413149375915118,0.377916931844762,0.0651193675313016,0.067128690126177,0.0492914347415129,0.233779982554073,0.211658782274797,0.0602985857483245,0.0605436104055782,0.0840618971721054,0.0775720708487812,0.0148615934187573,0.0416462152431483,0.0624199079902533,0.026369846765535,0.0742080490931269,0.159392659030734,0.0689519310202644,0.0669273157982494,0.0969475216469604,0.0709578984219596,0.0538915614082953,0.0228587481602805,0.0512304543697997,0.0224283308572911,0.0159849909487579,0.039506306046405,0.0320678197585863,0.00579795002950906,0.0169535494106467,0.0124570478790316,0.00772609518702291,0.00205886770669601,0.00515584716756409,0.00182699947807975,0.00182167973308261,0.0015423295840186,0.0116231859423309,0.0411770495052027,0.0564669303657544,0.0351898235803757,0.0255548465551635,0.0380114136365565,0.0518716747808901,0.0889721946113952,0.0671460238668583,0.0530805423800261,0.106015967840909,0.0758179963663734,0.0782825346773,0.0542361340124561,0.0732681434121764,0.0527611049413684,0.0110328872137134,0.0360772610475237,0.0427873915847829,0.0524370551581478,0.0678708178799533,0.0247170891581016,0.01634073379415,0.0461386819872679,0.0276555805792353,0.00834253982669301
0.000591230319696728,0.000806975356819151,0.000224274691215925,0.000674121287495475,0.000179343992748688,9.67621605453341e-05,0.00131530640956422,0.000115559966743159,0.000215216341550067,0.000280378745690182,0.000300235585907166,0.00113874075303522,0.00361053644500975,0.0441326392915279,0.0142758790410203,0.0349029928529426,0.0656392216340036,0.0727864183587379,0.0078989823841493,0.0397120637034779,0.0530313921798649,0.0549817672690147,0.0230120649702135,0.0395981921732077,0.0575997856513931,0.133005944038332,0.146460165214052,0.0999168928668683,0.115698107909472,0.0656342959045936,0.0988277145910138,0.090386436054072,0.0608957357487684,0.0538275332352087,0.127780722728423,0.14508533185502,0.0309941164860665,0.0296331290796762,0.0371358127404248,0.0325079853449463,0.0308675000636542,0.0382618397595437,0.0195071755426505,0.0221914267705909,0.0186515741407952,0.0224832302373793,0.0525185001691124,0.00557594826026356,0.00596775426111295,0.0252915079590204,0.0319595941955469,0.018646445730869,0.0124128319730691,0.0246314347811911,0.0157733684149076,0.0195748104347289,0.0130638536749521,0.00761374962800098,0.00243887647472898,0.0124466831064529,0.00778367938958217,0.00180963937036085,0.0016820686621064,0.00169697871134772,0.00144181191973728,0.00380549468792667,0.022465638082202,0.0513159568186401,0.234068894985095,0.0781332982776573,0.0835390780861275,0.172915048115756,0.0652673647640971,0.0621498269220228,0.0671157257750231,0.0757396685655203,0.144288529107517,0.0880985708528833,0.0851397103672757,0.0745759164854446,0.0302486359571896,0.0212741936943369,0.012112151513044,0.0344941358994959,0.0432803282656437,0.0145770380420821,0.00717987971782454,0.00650427890866207,0.00299487630414164,0.0145657433763549,0.0215644442965724,0.11412749492579,0.129968995238339,0.115923489511328,0.0465733113247581,0.129286551265129,0.0726237049773487,0.0542107012435016,0.0746144088454774,0.0492148897762712,0.0817450911518968,0.0775517071425443,0.146746080344806,0.0270560353594739,0.0400321948904361,0.0402692351217734,0.0167906752298322,0.0106209444475984,0.0225846120092608,0.0343006397486997,0.0325306979978492,0.0406560752925945,0.0307715577713062,0.0331315475898465,0.0399907301983351,0.0134059740314642,0.027394975302362,0.0157848816081111,0.00900318010797395,0.00247239605290322,0.00145387402744756,0.00935463685775365,0.00843095695675054,0.00280666367597342,0.00430343727262033,0.00321624154292189,0.000747778198419717,0.000345137635866747,0.00138062890214173,0.000391184263925935,0.000699241648319288,0.00166232686956677,0.00370447840651022,0.0102812239952073,0.0165245060574433,0.0273777555164116,0.0102709226981649,0.0177330886167654,0.0100672244992989,0.0137251847008289,0.0175777315668185,0.0186056026264345,0.00707606213639125,0.0196295295292651,0.0143965007589029,0.0245213827706973,0.0125551130532156,0.0109331162133375,0.00742503386350426,0.00729456149658302,0.0085540816128251,0.0567726970772511,0.0823949824678351,0.0146615302260074,0.0125189540074175,0.0389093010479044,0.0312913944341077,0.0139591585872065
1.10048139994504e-05,1.22895639820738e-05,8.75472435873446e-06,6.59604744999926e-06,5.67591922900793e-05,3.5862291047237e-05,4.26816145877751e-05,5.30819403279122e-05,6.51280951198656e-06,3.47198117384043e-05,0.000122643523846716,5.9881683510629e-05,0.000197660322512855,0.000836211194291308,0.000548027367672774,0.000583972094140742,0.00159007506424651,0.00221894241597388,0.00070198372176025,0.000583012603994748,0.0016113774376912,0.00232452604466445,0.00194143229857294,0.00190385887146366,0.00278580298922894,0.0029870046471065,0.0012251498349523,0.00632852051801034,0.00413678193344056,0.00573915313832469,0.0267648239335224,0.0255171324109091,0.023071161071991,0.0456586591203202,0.0166567114233712,0.00167538433449151,0.0047290600956744,0.00363699059782086,0.0100122644741916,0.00453718039490178,0.00316811137127698,0.00311153787039706,0.00142394711527142,0.00117342300926318,0.00402851831417704,0.000899267080567747,0.0002436111438017,0.00463148379784866,0.000781801884547225,0.00116206189351229,0.000884934982590814,0.00089887183230579,0.000870246901315151,0.000237116275236239,0.000179833111001249,0.000173444900097874,0.000901587564272264,0.000503718055273386,0.000275224419523806,5.16926420258744e-05,0.000103076697996518,0.000175580513777259,0.000102040382925068,0.000113050671396985,0.000176686945118891,0.00068187406898026,0.00437795252045838,0.00794851971738549,0.00217063307377073,0.0322129812613595,0.0030118798064244,0.0120937068227199,0.0052318063467517,0.00578566257464545,0.0270266175060266,0.0175319918117341,0.0282534691893102,0.0223767574096637,0.0107835550121811,0.0016807707332969,0.00330124704385689,0.00343727836033785,0.00147889334149545,0.00119779460759698,0.000902884551405992,0.00106634452976789,0.00086656020479175,0.0012550060750028,0.000544085910478316,0.000485472455933813,0.000560775200303865,0.000652224405996906,0.00173834394873316,0.023372646464401,0.0100332306026524,0.0167433507924609,0.00630040819170696,0.00867338694500797,0.00980020706488574,0.0115891539265603,0.0149184399623201,0.00365114505539154,0.000992224186937463,0.0195309403170427,0.0166013427444273,0.0113140655395646,0.0105511395514198,0.0164850412880881,0.00113692702743528,0.00586893912016518,0.00392544435519509,0.00106836034722563,0.000167286990438288,0.000476473028667138,0.000382237608453693,0.000423154076755654,0.000533456099109507,0.00340474691102305,0.0033903768436469,0.000277788494314757,0.000265312382424788,0.000128413681357548,6.53364603228698e-05,5.30931385096437e-05,8.82180935536848e-05,4.78283098105773e-05,5.73403818997463e-05,3.14308280193651e-05,3.27885856523148e-05,3.51099259048838e-05,0.000122525908835742,0.000213236573541824,0.000817724954533988,0.000463320344548659,0.000813533543402179,0.000324572556348107,0.000526602211374411,0.000631787414950044,0.000378830499487164,0.000166246077808354,0.000402400960298268,0.000252813671835531,0.000398966567696826,0.000412430723731001,0.000197969835567678,0.000108627151094729,6.47991610189629e-05,0.00071902464375081,0.000182731769760315,0.000404912144102058,0.00120866345100027,0.000717203125639979,0.000792926871985944,0.00116813890731255,0.000346008350996293,0.000124125525257835,0.00116979180477797,7.96017106355799e-05
8.3903320345352e-06,7.28334751983099e-06,1.00817400477471e-05,1.66928486414988e-05,1.56652254642026e-05,6.76714406990834e-06,9.29548568331268e-06,1.12777744511592e-05,2.46629258133652e-06,4.02614122844557e-06,5.14822096263689e-06,2.10165345018378e-05,3.34684636685927e-05,0.000409453135332108,0.00254097694029673,0.00216032148269811,0.000837936955139128,0.000780909359082129,0.000332509603604832,0.000513509198384415,0.000776265012523698,0.00106262074943575,0.00132961004030687,0.000610071755815104,0.00069074073370911,0.000545583773508467,0.000824049556487125,0.000685459672808417,0.000747543662369169,0.000922202786634121,0.00347012152716628,0.00892715395525035,0.00104541545960651,0.00348223954650806,0.000450119062862453,0.000553099287280193,0.00111069875085201,0.00214622879007061,0.000388981880450977,0.000329605644272438,0.00076132910773285,0.00206143060454995,0.000513531889076491,7.50472377002945e-05,0.000480833273846204,0.000977188210782749,0.00055926899949732,0.000728504014409598,0.000523240467855569,0.00014782797275696,0.0016300301176375,0.00016505278534464,9.02174532254618e-05,0.000439004850301201,0.000116158901991823,4.49280806945299e-05,7.5660629864887e-05,2.22796953301051e-05,3.74415332081131e-05,6.35816808877693e-06,1.0457763868071e-05,7.08378065061863e-06,5.79162856011999e-06,5.31789479553576e-06,1.2101840878113e-05,0.000184075186169696,0.000304718130904397,0.000795229499006516,0.00599170208890311,0.00104587599658038,0.00342535457454516,0.00400697330289563,0.00255058663787809,0.000404676962978488,0.00102422837269748,0.00546936894343071,0.00493036554150869,0.00162255377615538,0.000105194853465961,0.00088538112113538,0.00051873355264186,0.0001497061230145,0.000152812126401947,0.00111193614339208,0.000171218110571336,0.000158185741705171,3.2886509393187e-05,0.000156989936689662,0.000342291965945915,0.00018158715580707,7.53545404760911e-05,0.00152978607299612,0.000259646611437586,0.000918114001344547,0.00298162805943729,0.00352692097029767,0.00199409198833397,0.00786977924117938,0.015389570144118,0.0067042465477084,0.00620153457946944,0.00112691364658453,0.00052684748654442,0.00381058580760618,0.00171130632685493,0.000258818614250863,0.000696267047575661,0.000931267101456585,0.000603723711219097,0.000507883972062646,0.000391158262798051,0.0014736646329353,0.000844298488046352,0.000683373498431585,0.000193170464671358,0.000658055283493566,8.34931528492707e-05,0.000913106858437178,0.000385812816563933,0.000153301139364725,0.000102702402229148,0.00013370696679191,0.000113467090644039,0.000100920950183081,3.51649031995548e-05,2.12256669588654e-05,6.40550876328926e-05,1.09507144603694e-05,5.55123654968467e-06,4.78937773800811e-05,5.2293420983282e-06,9.18253653761912e-06,5.60861743231207e-05,0.000192171340143282,0.000233335416377614,0.000142768166650714,0.000222380846185643,5.93065374971685e-05,0.000112226413203024,5.00553351201612e-05,0.000109657973216353,9.87341396047398e-05,0.000191182941858465,5.91513488739301e-05,9.11499675787918e-05,7.7345548683947e-05,7.85358650061004e-05,3.99810346944418e-05,2.42629310040784e-05,3.55677754102841e-05,0.000125616676572214,5.06098013384853e-05,0.000339083630893161,0.000337582965251282,7.41011020841443e-05,0.000124012444237228,0.00022911996512402,0.000535990940723102
7.94375640936246e-07,4.8292081438949e-06,1.68529297538387e-05,3.75155059134091e-06,7.84780851644882e-06,3.69383707702041e-06,8.69462766607299e-06,4.46709077109679e-06,3.15154850990486e-06,1.47172189179425e-05,7.62244462855636e-06,1.3042627694849e-05,1.1660153127766e-05,1.68343797753435e-05,4.0672797002069e-05,8.83761473119749e-05,0.000159923071762156,0.000228865631659455,9.57844094884136e-05,2.02790408468191e-05,4.3344116124615e-05,3.75026347438879e-05,4.42422851001941e-05,4.33179970954637e-05,0.000520101089322272,0.000492095090415209,0.000437733602827177,0.000292881120362965,0.00126800793809974,0.000731165219403085,9.38363310404705e-05,0.000618696726153813,0.0010640468062423,0.00054424837702472,0.000758260508895389,0.00104839281466047,0.000243711434109891,0.000768283345612551,0.00116859283975699,0.0011443397975817,0.00034833300037231,0.00152273703076757,0.000356252246422022,0.000448002704860594,0.0012186919833248,0.00063871164914032,0.000363148523469565,0.000785794904923949,0.000475218492983119,6.68059382475047e-05,6.73314508435563e-05,9.82996841813971e-05,6.52645719695621e-05,3.42743409060824e-05,3.12803177482213e-05,0.00019832404934093,5.94116751328868e-05,7.24792805227535e-05,6.45782356811682e-05,2.31551550054754e-05,1.23507573122276e-05,2.65814566620898e-05,1.04326480740449e-05,5.15941899603099e-05,1.1600517018756e-05,7.79105229462435e-05,0.000723089433759623,0.000268451590175846,0.000678069221460072,0.000310111201873078,0.000364119134849449,0.000806688970883854,0.000557777578956134,0.000691753079466332,0.000868145638500539,0.00213927970547453,0.000883139510697324,0.00273260245625195,0.00169770437206815,0.00156609664247078,0.00397338968465493,0.000808626822254136,0.000183646951181316,0.00124499159163069,0.00035136234313662,4.52477963104264e-05,0.000236835477195188,0.000403301002063782,0.000442943708954177,0.000219174497518897,0.000615838712536455,0.000537306580740133,0.00170417517693419,0.000330837104915408,0.00108882939807269,0.00114936023677002,0.0025790359005525,0.00192495214108643,0.000540136286586539,0.00537041383006303,0.00152508453138453,0.0011615759495483,0.00106549305254694,0.00206429849067462,0.00133260041701901,0.000389392292419566,0.000840354681692978,0.000527831601833481,0.000394608070998405,0.000294323733646037,0.000155892646012327,3.18045623222962e-05,0.000419661843706241,7.26765025609515e-05,0.000376767662944827,0.000136675524772288,9.40338640671681e-05,5.17298827588588e-05,9.4444190854629e-06,3.78627874468481e-05,9.5672457795515e-05,0.000209362186320954,7.1367368768298e-06,2.81028402343352e-05,6.65038016514109e-05,3.12303516637669e-05,2.86093747133642e-05,6.44044120642215e-06,7.04361026488608e-06,9.09063345816265e-06,1.38504032468686e-05,1.77848478911175e-05,3.50324262266757e-05,1.37995902174317e-05,5.97032226558026e-05,3.31829486655919e-05,6.20293484599448e-05,0.000116865873345644,8.74057029344595e-05,8.15047879314334e-05,3.94693066086459e-05,3.34939690767107e-05,3.17982236710793e-05,2.2995215115522e-05,3.15242965106031e-05,4.47244708578995e-05,1.78406875594047e-05,7.86085798517695e-06,5.16298305972802e-05,2.16066970248936e-05,2.26100953252306e-05,8.68563442091901e-05,7.59676878416504e-05,0.000118450879571201,4.62075687574885e-05,7.49223868046952e-05,5.24662460196289e-05,7.73064579286203e-05
1.6244513226587e-05,1.75224916734037e-05,1.20685961777112e-05,1.29964273763861e-05,1.29840167802545e-05,1.54306458434746e-05,1.02748788017886e-05,6.15004217212316e-06,2.21152700971305e-05,9.92423657282247e-06,6.06588109642594e-06,6.55567788038822e-06,9.17083082060658e-06,3.20134830462482e-05,4.98020600001175e-05,0.000257636072452072,0.000179184333054903,8.55948230922572e-05,0.000118504819302967,6.87538606557074e-05,0.000131835985884463,7.83285631308479e-05,6.49514401424159e-05,4.87000020835969e-05,0.000221268654220902,6.53484374024281e-05,0.000140155730361123,0.000315716878655419,0.000253186103283083,0.000334047439591685,0.000259131263375019,0.000279512705954633,0.000249760990044066,0.000391907819289939,0.000224906878832451,0.000192479611499672,0.000321902241302633,9.26812642633408e-05,0.000284458261260115,5.51997138741223e-05,2.81486878117342e-05,6.79586368424592e-05,2.92722346206356e-05,6.42748569340279e-05,2.76264324557183e-05,7.08551660989319e-05,6.98935651837184e-05,0.0004226126351773,0.000181800071982266,0.000379938403939631,0.000503262556838034,0.000169321209075098,0.000144145294830764,0.000295715101263905,0.000216165426024407,0.000111856283404636,6.99373697762141e-05,0.000193534855478422,5.98689385025263e-05,8.38878100681146e-05,3.91656880358909e-05,1.51411429470517e-05,2.36574352580736e-05,1.05378451088204e-05,7.39119794224532e-05,2.79295949927396e-05,0.000379115813265979,0.000969307582197771,0.00215343827760187,0.00127581394759714,0.00215458011011881,0.000913773570897496,0.000982933698978509,0.00128584218398804,0.00164715123427532,0.000873036534963228,0.000487039311760096,0.000817412984951656,0.00101986609881011,0.000125897136190464,0.000330249054832769,0.000126749627476897,0.000132056353001484,0.000251275346145798,0.000539103579361393,0.000167425352890865,9.1710442211138e-05,0.000164257058110319,0.000216767350390737,8.57510117252818e-05,0.00069687120108522,8.93110519136345e-05,0.000243265729228356,0.000266639788725024,0.00154266586692051,0.0028795084598988,0.00075427918502925,0.000564440209871389,0.000648687604148526,0.000538361409637343,0.000467489320914551,0.000799500345927271,0.00154840804065434,0.00053278124755509,0.000112814282132945,0.000319251231811547,0.000206310586969635,0.000153150581131191,0.000250935115903102,4.69035382063944e-05,3.88871193243621e-05,6.90707822526701e-05,0.000105752867290558,2.36904309271705e-05,3.73388039280557e-05,5.90354402668652e-05,4.86809241162616e-05,7.11470634316343e-05,6.8062616060044e-05,3.32565011816631e-05,3.89016446424917e-05,4.05265107529874e-05,1.29829853114842e-05,2.30335374447729e-05,6.35954812550227e-05,3.86454940865727e-05,1.28585031147546e-05,4.63977721313424e-06,6.40241924844894e-06,9.61625861781806e-06,1.31225484533326e-05,3.81218162636043e-06,2.19749413623248e-05,8.88521791265097e-05,0.000124971012016525,0.000132338242184469,0.000412126174991555,0.000322258430986985,0.000557273505128263,0.000125607750317124,0.000123135003348036,6.39904376013314e-05,0.000362220940747901,0.000184170458155502,5.99865259258833e-05,4.79192003195948e-05,5.24640676986178e-05,5.11378965249531e-05,6.84506041239915e-05,9.74135058296385e-05,3.08089808399788e-05,4.04129075626238e-05,0.000195498705760787,0.000393922156870679,0.000151134994767896,0.000149217217412226,5.6818093300098e-05,0.000240727663999912
1.15631698920484e-05,4.13876691160864e-05,1.09241787289214e-05,1.05802197446051e-05,1.43258128319226e-05,1.85181247153073e-05,2.71269410448953e-05,6.42727946884983e-06,3.93758334616101e-05,1.42714921763157e-05,2.0433817115615e-05,1.19275065992199e-05,2.53045029585886e-05,1.04520203415295e-05,3.66877297384423e-05,0.000122577058788559,0.000122967113503334,9.77722531337218e-05,5.62047310648075e-05,2.04218977709891e-05,8.15586323737615e-05,8.45265806484583e-05,3.20922805704771e-05,7.25798370891208e-05,0.000148617063899683,3.97102761388358e-05,9.3698363403103e-05,0.000180834762184695,0.000242804127219931,9.55594720236918e-05,0.000118763676701172,0.000475850272043898,5.5733588843682e-05,0.000116599818444504,0.000122240748504436,0.000108426904874082,9.00251631289426e-05,3.61284041312161e-05,6.44455709141562e-05,6.6229466457064e-05,6.12013422792183e-05,5.56586672517684e-05,8.00263723633498e-05,2.69217958060903e-05,4.53367959418197e-05,0.000108018758839084,8.58320401001157e-05,8.81315401910603e-05,9.00304350584611e-05,0.000450258610820195,0.00124338418842677,0.00168620989814003,0.000558097692242979,0.000690638330983078,0.000625535288712407,0.000238600460230977,8.21162733769575e-05,0.000338674531733222,0.000172473330395015,0.000134522742435927,6.2531373274103e-05,1.37746391348304e-05,1.87801145497769e-05,3.39276032780022e-05,4.38971362495068e-05,0.000101001877371598,0.000261351745163603,0.000924972235868776,0.000687099433426954,0.00047895058168543,0.000535991135840615,0.000273619558920705,0.000254137248893882,0.000376219600959283,0.000320622095406068,0.000277949999177201,0.000362610340906052,0.000213704652078038,6.47034780495828e-05,4.43435324567544e-05,0.000174574111259285,0.000166534357980675,4.06248076802405e-05,5.93384542098792e-05,7.18503208567538e-05,0.000135109698968546,1.91345331073727e-05,2.40327522890782e-05,5.18720112404356e-05,9.85669809025351e-05,4.13136375653011e-05,6.15956228260068e-05,5.23863735849471e-05,0.000285901895406491,0.000457896167973782,0.000250595733456886,0.000149747269885435,0.000222050711459874,0.000174389428581934,0.000449656332828772,0.000193053206445574,0.000144258286681869,9.26681103997568e-05,0.000246860567535207,1.94452915877294e-05,3.28945191724071e-05,4.76408087625708e-05,2.90004497183363e-05,8.83315771777671e-05,4.94403876774025e-05,5.9747136873017e-05,3.72946376556639e-05,8.31477068414917e-05,3.17375755794055e-05,1.59123867424444e-05,1.25640708990896e-05,6.72185242239136e-05,2.48427057021249e-05,2.96941539246387e-05,1.43709490901437e-05,1.49379753347958e-05,3.22705061234922e-05,2.33179886648973e-05,9.72277623265809e-06,1.36042141157093e-05,8.42786150825287e-06,2.16468702982238e-06,2.20196920583008e-05,1.87418141114075e-05,4.14868038386645e-06,3.21040297392209e-05,1.71729824635674e-05,2.28985217721201e-05,1.7192299751365e-05,8.79654658635859e-05,7.41122313945078e-05,0.000190792529049811,0.000204974282284676,0.000398048724190714,0.000216013574504654,0.000864514772702865,0.000480153424329565,0.000791053665695547,0.000324674543426859,0.000139236459291039,0.000174319605679577,9.64366050664843e-05,6.24125797716901e-05,7.65295921626222e-05,5.39318295820457e-05,0.000185859418415674,9.13006093580494e-05,0.000403807229235668,0.000577203375759964,0.00046573293945126,0.000108728099352469,6.08308998242453e-05,0.000552130755885617
1.031689382859e-05,2.49411477037562e-05,9.70162089063977e-06,2.98682008035439e-05,1.29394126367791e-05,8.62144373946023e-05,2.68305745363295e-05,2.54516674232537e-05,2.99215550992318e-05,1.8236423649592e-05,9.87540301897165e-06,1.4729094543009e-05,1.34070800640959e-05,8.13202465264209e-05,5.14533272902415e-05,4.39564393650638e-05,0.000253957377400144,8.24429262210862e-05,0.000107628164466802,5.07714852905782e-05,9.83657566756913e-05,6.19448291529604e-05,5.61511360555424e-05,0.00015610262572106,0.000298840114523915,0.000120389470635026,0.000235932409378496,0.00023195678585052,0.000347261492720122,0.00015665443056858,0.000257587961491606,0.00028549974116306,0.000252951850814933,0.000128476095716746,3.45021100250377e-05,0.000137971007551482,0.000121692079894458,5.39511923760001e-05,0.000210160127909001,0.000110957943023066,8.58059530796309e-05,0.000109483240344411,6.37557142191808e-05,7.6020199914669e-05,5.76971573765745e-05,2.74798606557794e-05,2.26841491495626e-05,0.000107309765395016,5.60201572783026e-05,0.000404474400218662,0.000164584417774591,9.29922839559699e-05,0.000544534323428331,0.000123889938619916,6.32113104133296e-05,5.19562235810177e-05,8.17836007594819e-05,5.25895150963788e-05,1.63148116704276e-05,1.39089035062511e-05,3.57584855183887e-05,3.48691651667971e-05,2.54893654269847e-05,3.11937362831385e-05,1.68163265641555e-05,1.45847530748976e-05,0.000239495895714435,0.000145008636735976,0.000199475818302585,0.000305514495188403,0.000279593234952568,0.000168931988740667,0.000202445395325458,0.000147152307129073,0.000447353102813922,0.00011635317821103,0.000343090880181242,0.000191115361735359,0.000201263250146991,0.000177795005708557,0.000109101949299968,7.05020256660081e-05,8.57331408365069e-05,4.43893910127186e-05,3.06754788843381e-05,1.28317724314274e-05,3.0042905938252e-05,1.92302020212968e-05,4.06271106131542e-05,3.83928425729042e-05,5.33901784620182e-05,9.26771467289038e-05,0.000305917713006876,0.00029517719377638,0.000821848384137485,0.000178497551724087,0.000170694506039824,0.00036168104556972,0.000121533981474667,0.000154424674519828,0.000427646865042386,0.000164403114554657,0.000193755305062118,0.000206583600846812,5.16013935757936e-05,6.00255160227612e-05,5.45716595023277e-05,8.35185867827763e-05,0.000170627214103131,3.98083953807084e-05,4.12054567845911e-05,4.26488133540232e-05,5.55638061505061e-05,2.99445952217967e-05,2.43200850078968e-05,3.55531793362415e-05,2.60839297570305e-05,3.39020789537171e-05,1.70503839177018e-05,1.60439657603599e-05,1.03763503679207e-05,2.1668082084111e-05,8.5809545023527e-06,1.04826938490382e-05,4.2402858453607e-06,2.04051882043862e-05,4.78835253633768e-05,1.10329943045503e-05,8.04612021125999e-06,1.17595361030105e-05,3.12479373199953e-05,3.86846630755659e-05,1.61790454731636e-05,2.42599151817915e-05,6.14125187464817e-05,2.85690108356135e-05,0.000153914786998621,0.000137717680575417,5.47817366466076e-05,1.2844732538293e-05,4.82473615838885e-05,1.77353094976757e-05,7.33203102180794e-05,8.48218795606226e-05,2.93951765805496e-05,1.53153628135863e-05,5.43837619242323e-05,1.6367315007547e-05,4.30074529964831e-05,5.64757346328564e-06,2.97116642524267e-05,4.19387388477924e-05,7.4248386304391e-05,8.39247823197421e-05,4.00890046822529e-05,1.20898456967105e-05,1.26746006702917e-05,0.000197056585843105
6.41715935693343e-06,1.30656235582527e-05,3.83016723511124e-05,1.32709501856025e-05,2.82252299252863e-05,2.38359736933404e-05,8.90425167356795e-06,4.30182619134762e-05,1.47288140356128e-05,1.33833122287539e-05,1.14202429271315e-05,9.60971011407389e-06,1.58101655683612e-05,7.46761779003039e-06,0.000109780618343634,0.000138730527219484,0.000151754637440018,0.000124083218587939,5.59306385674582e-05,0.000103264282408737,0.000109831692199238,3.58586813820639e-05,7.70888936422805e-05,4.6029210580898e-05,9.98440283715582e-05,9.71823178101099e-05,7.35370586812424e-05,0.0001755809561155,0.000121346135469816,0.00013048205230196,0.000122964714541827,0.000328164311937903,0.000236847159811009,0.00019164940647793,9.08225762925806e-05,5.94067756815261e-05,0.000158505304075609,0.000114153748429167,7.84396256504326e-05,4.04959047615581e-05,0.00010908900290129,8.25086222325472e-05,0.000135143681567247,9.18964485961557e-05,0.000191298432970864,5.14781053152668e-05,5.52462123852943e-05,4.35493888572165e-05,0.000102229115323104,0.000220922935879383,0.000335497208424365,0.00021110873244678,0.000331565772857838,0.00018055102553481,8.8985660742665e-05,8.26225980003316e-05,0.000134024911971237,4.6661842975915e-05,2.41319727575965e-05,2.84032216512896e-05,7.79981113258427e-05,1.77070737685436e-05,4.90174531305953e-05,1.95571529344756e-05,1.3098406415993e-05,2.42554837808551e-05,0.000142032516837706,0.000178206012656838,0.000389435869975524,0.00040957584478571,0.00081535648002444,0.000252037950551967,0.000266612331592628,0.000131979590641908,0.000218568691776551,0.00019489623716664,0.000362881284798505,0.000341491972342651,9.00289661099262e-05,0.000116165603214299,5.28622687340284e-05,0.000103402917431195,2.68709012890281e-05,1.46293266935962e-05,1.49687041957577e-05,4.38070149170449e-05,2.23203393483726e-05,2.48733587219962e-05,4.01806175475954e-05,6.94361247923739e-05,6.82743788743726e-05,0.000104497982811681,0.000312334385361404,0.000133042352191987,0.000845091914490361,0.00042369353564163,0.00021003609891228,0.00023293658218231,0.000272489342883341,0.000314626988593172,0.000166791780766842,0.000171366491939503,0.000104809365662467,0.000210114365409163,0.000252160478585516,0.000100713628228509,8.65180033683782e-05,5.80604152910598e-05,8.29365542330912e-05,6.29516464197623e-05,4.50140415799379e-05,8.28123711051529e-05,0.000129051496026245,4.26585296909604e-05,3.35172989751895e-05,3.19216153188288e-05,2.36053515401011e-05,2.21311040167747e-05,2.93304921121792e-05,5.89818307496406e-06,5.9332225877267e-05,5.85016026328651e-06,1.47997485598488e-05,5.34660953808244e-05,1.86502573941157e-05,8.01509395552375e-06,3.20976509608541e-05,5.80298734010331e-06,1.84751015263058e-05,7.34925680863012e-06,9.02809524268346e-06,3.36713158113913e-05,7.30585590294606e-06,2.46461263584478e-05,3.56658066718612e-06,2.2415527662925e-05,5.6789286068895e-05,4.11135675824832e-05,9.43490821859372e-05,6.93034847277156e-05,0.000177170544139872,8.22282973263255e-05,0.000112277220354535,7.45135858377777e-05,5.37070394175426e-05,3.91507094011026e-05,1.96744058493607e-05,4.75533555543109e-05,3.94501944602123e-05,1.41323059792014e-05,4.97697906068444e-05,4.2564889597364e-05,6.69344320704727e-05,0.000281314948922636,0.000114390101973827,2.01798014664508e-05,5.9809642872056e-05,3.7726508532976e-05
1.08331650693705e-05,4.86314992521514e-05,2.96529489193181e-05,8.07563026802704e-06,1.5123045251494e-05,2.36160932758733e-05,6.55094958199129e-06,4.04290439102469e-06,7.68800932129043e-06,9.92009223488041e-06,1.96322753662787e-06,5.70209201632879e-06,1.81330693257226e-05,2.65765405114034e-05,4.18792048071006e-05,3.54339568449811e-05,0.00012302170901927,3.44367101903981e-05,0.000143151853576962,7.64422201473768e-05,3.93428744101382e-05,4.23641615291389e-05,2.84888616489552e-05,4.89731942026066e-05,7.96622636135727e-05,7.82120729515415e-05,7.9912309244184e-05,8.59070708088934e-05,9.69243511786317e-05,4.81660937396439e-05,0.000106427421480306,0.000214967232201559,0.000263493001809105,8.32772448991036e-05,0.000550909527743602,9.79365087885036e-05,0.000142550066143484,0.000147808834478193,0.000235713560181176,5.61752169885164e-05,7.28002164474903e-05,0.000111818647837807,3.90081210542377e-05,6.44676376593499e-05,8.28077210493856e-05,8.535334872036e-05,8.73476672650502e-05,0.000107039391948505,0.000217973036933993,5.51043339748966e-05,0.000233112335067997,0.000947004852655624,0.000777493234955644,0.000347557081630452,5.61145202769365e-05,0.000309154578924473,0.000357110685841288,3.60368657028176e-05,6.37344246861604e-05,3.5915720846674e-05,4.83280778018096e-05,2.73489214563008e-05,1.32682123591519e-05,1.99184482989599e-05,4.81858629697652e-05,4.52923893855173e-05,0.000190423458431127,0.000344099101342537,0.000499576806678092,0.000130965714348257,0.00048006471560999,0.0003227355640913,0.000147721916615842,0.000275154644969291,0.000304928150274873,0.000284029130958609,0.000312560859678323,0.000308437607711937,7.71249061782572e-05,0.000131516293245904,6.02522560710876e-05,0.000123506593686868,0.000102656343291386,4.6637038134592e-05,0.000115153949827211,5.60961404447457e-05,2.20079778327018e-05,1.8980472478607e-05,6.18346013575884e-05,0.000162973031910584,7.49748264220661e-05,0.000121787689602707,0.000146942807303994,0.000386679551440471,0.000546755219612827,0.00017876805745665,0.000349108344357261,0.000203110475371724,0.00038330485956039,0.000130235706693072,0.00017905931676278,0.000230074999297036,6.83717763691827e-05,6.03078831753592e-05,0.000261982209317335,6.48475715348852e-05,3.40997771038193e-05,2.08096666952614e-05,6.38328249129409e-05,2.32696074571164e-05,1.8995028113274e-05,7.25698088134258e-05,4.38854938593154e-05,7.62177658521563e-06,1.64562500973268e-05,3.319344560653e-05,2.56471331084324e-05,2.44964342562354e-05,2.16635785302502e-05,1.52427926341066e-05,1.55890957810106e-05,9.17130444357162e-06,7.97876371789486e-06,2.96194154035334e-05,2.29352684775965e-05,9.01445773246612e-06,1.41321431239922e-05,1.09442696679716e-05,7.08457270174096e-06,7.01168016416576e-06,1.07861822961804e-05,1.41564904356832e-05,1.91318749421378e-05,5.10677091901154e-05,3.32829634247145e-05,1.89963711524102e-05,2.80627217118106e-05,0.00016263157650893,0.00014211882246947,9.52302556333426e-05,0.000118329760843483,4.23749343202757e-05,0.000188215529438918,0.000207513430012937,2.05371734093805e-05,2.07933172985748e-05,1.83002347996237e-05,5.84774471512476e-05,4.86670572882598e-05,3.59938751869841e-05,2.94698162178025e-05,7.17118614855506e-05,0.000114813317457001,0.000186913841101714,1.73945896804271e-05,1.71501428581827e-05,3.45312483773056e-05,5.77184683316898e-05
3.7278642560262e-05,4.06363653930517e-05,2.41127780560285e-05,1.04339611346132e-05,2.24249202265386e-05,1.61467573911316e-05,1.40898294837025e-05,2.25410122971167e-05,2.29283707557805e-05,1.18094451341592e-05,3.19497457316824e-05,3.26897022230342e-05,2.20677452130047e-05,2.20449670464167e-05,4.47127287850407e-05,1.71010322121581e-05,9.12742739701942e-05,5.39561218979857e-05,0.00023170750067326,0.000164721526731409,0.000191691909798562,0.000147975045222213,4.37080403113066e-05,9.42008402352597e-05,0.000120783319628343,0.000132682334553538,0.000153051234348352,0.000164772764157328,0.000316828762629161,0.000634624175678916,0.000600621888212669,0.000126551408362223,0.00031618460710569,0.000391459314325169,0.000860983477766929,0.000277027250614813,0.000565616780393525,0.000302707722596108,0.000496106622483343,9.70043222769516e-05,0.000133105498488153,0.000120007898086086,7.23961469446974e-05,3.11155722601798e-05,2.25410018454893e-05,2.98699696839878e-05,2.29799669202371e-05,7.58811317003077e-05,0.00010981680290004,7.64563539851546e-05,0.000153105196992754,0.000204845913919873,4.39095987380369e-05,3.765282544621e-05,0.000119868212459456,6.11035788568232e-05,5.56836907434492e-05,0.000109558708357478,6.12527788713258e-05,5.52252027787085e-05,2.63440885452716e-05,4.2854276409334e-05,2.02926516398459e-05,3.66212589498789e-05,3.75284918601285e-05,0.000117990229166523,0.000187200454322689,0.00226070595593283,0.000368219566373453,0.000638054582988032,0.00288591397465259,0.00129958816492188,0.000897285898142817,0.000295651420785467,0.000306740430362663,0.00024724009534546,0.000353977631500901,0.000450548717809144,0.000441374594033501,0.000145834032643832,0.000410702451929145,0.00014035227424433,0.000467097013591401,0.000188592184831507,3.14991396669276e-05,0.000131832353607362,0.000139781683932685,6.66140247131745e-05,0.000251517762737415,0.000283625115567833,0.000138093852891167,0.000391491684316006,0.000523278402490449,0.00112926509261066,0.000460822215250694,0.0025966757608679,0.00256227711019836,0.00110993601211984,0.00171736723362226,0.000549667728000027,0.00128979635032712,0.00116970000291014,0.000821397360068485,0.000356552263101672,0.00024488262049013,0.000129307779647752,0.00017951587794526,0.000121210150332299,0.000255789492125184,0.00012158324878708,5.12323609436509e-05,2.69458458312274e-05,8.68255442442226e-06,2.16989874692904e-05,2.52788169491503e-05,1.84617119043692e-05,2.41064154197307e-05,4.17483702031795e-05,2.78048586120058e-05,3.02024824476528e-05,3.18191659609338e-05,1.32943130163412e-05,1.50137765731676e-05,1.99011198511314e-05,1.07957811865135e-05,1.47910204816312e-05,3.79052883643609e-05,2.45817648647181e-05,1.70285487612965e-05,1.00611314464583e-05,4.46996644008055e-05,1.91003482141252e-05,1.53234788674031e-05,8.16108990008148e-06,7.62760589696928e-05,0.00013182928305878,0.000225862218240594,0.000239465619051669,7.3139512742484e-05,0.000278089933063134,4.04850481317412e-05,0.00054208679401511,6.72629040174806e-05,0.000192886954779532,4.52591923978773e-05,0.000135035948694005,0.000140026162068149,0.000186147610832459,0.000122767576881065,0.000123919268783328,0.000135511192226402,7.14845992030449e-05,0.000114874522132659,0.000405671806715204,2.6595884444844e-05,4.7711691791487e-05,8.18742228642793e-05,0.000286572105724894
3.69980067143206e-05,2.36539996270025e-05,2.58056661120602e-05,8.55298706314909e-05,5.03661000460084e-05,3.5574617324643e-05,5.80064110704334e-05,4.37789825616027e-05,1.88831208323766e-05,2.63750534298122e-05,5.36985034852379e-05,0.000118431342522151,0.000114759629327738,3.50445307079853e-05,9.96641550857136e-05,0.000153433732630428,0.000196550733597198,0.000505463730208735,0.00101433882875982,0.00101732867594369,0.000937994241439554,0.000994382402797971,0.000463630868466911,0.000111224758322677,0.000513416888593493,0.00129300953940695,0.00109991874581953,0.000391771335923013,0.00124339648388118,0.00112558015264573,0.000482454351248931,0.00118153175097552,0.000353435214087563,0.000618668067197479,0.000582933637629149,0.000235991532450649,0.000249549555935164,0.000313922357882151,0.000599871718538075,0.000346411604134503,0.000101222354959182,0.000225404580002015,7.97574785335779e-05,0.000147528449338661,0.000171110479346892,6.11448510468831e-05,5.11376336489734e-05,6.44312861993365e-05,0.000122435545885813,0.00025757884781463,3.02185537701344e-05,0.000247614076824525,0.000285138517128873,0.000135563304800965,7.78686963449497e-05,5.1554232612857e-05,0.00024174929875906,5.89190213355325e-05,7.37446733468294e-05,7.00752729940951e-05,1.87595483757016e-05,0.000117138861594649,0.000157035857664493,0.000100269918807953,0.000129172147933721,0.000155695538337536,0.000525743224682058,0.000377691027683816,0.000852173610332208,0.000802952563344336,0.000221217236782984,0.000806668327334342,0.00031926416587858,0.000882210943690144,0.000569868123053825,0.000232316561429131,0.00044878783353238,0.000127842744786077,0.000418904868323387,5.42178187450489e-05,5.79843444540421e-05,0.000351349184166012,0.000363465695912684,0.000151762798959825,6.84790725610686e-05,0.000118200053356438,9.47947687860108e-05,0.000130513992927883,0.000489586370007331,0.000253794583010664,0.000354153632827417,0.000415679305366012,0.000609480418166986,0.000273597445337872,0.000607306108384863,5.9375431525941e-05,0.000137982302973449,0.000258015851839605,0.000196999393016402,0.000135340579057117,0.000139542656865202,0.000381135250474449,5.36070789995263e-05,5.81067669330209e-05,6.91035894692781e-05,7.44749707312701e-05,2.2154118616828e-05,4.33584959150597e-05,7.3379832352074e-05,6.35307387305451e-05,0.000117980738316311,4.31607016481124e-05,4.4373797828428e-05,4.02739952281618e-06,5.67834098490592e-05,7.66193388220944e-05,3.66977745617269e-05,4.93737208719861e-05,2.94707726466903e-05,2.88186147929757e-05,3.34573019013579e-05,3.66718033129917e-05,9.35812659350532e-05,1.34238625353078e-05,4.46970063284713e-05,4.44218759118047e-05,7.43377571131996e-05,9.61291505546205e-06,2.69291576831864e-05,3.70765701388694e-05,2.36886399060351e-05,8.49152826078112e-05,7.42292659120033e-05,3.73069728098112e-05,9.29121259720497e-05,2.64966205041694e-05,4.85081653397306e-05,4.58663177225595e-05,0.000121938494455968,5.47842816870015e-05,0.000126969742295387,4.27555620998766e-05,0.000148900829569556,8.05513557013168e-05,5.65084969478699e-05,2.05324963491965e-05,7.88405217207439e-05,0.000115119755349435,1.49973309126427e-05,5.00538430639894e-05,6.90513525852046e-05,2.1413607551201e-05,0.000124564707506658,0.000321510545862844,0.000152908513455056,8.02252261733919e-05,6.24493329647936e-05,0.000297952363158691
6.42585873790544e-05,3.16319265116543e-05,3.70035223417319e-05,6.44367566010368e-05,1.24730994788842e-05,3.13512204162056e-05,1.17642221762546e-05,3.9786235370591e-05,4.29564673446855e-05,2.31149179049415e-05,4.04090912593042e-06,1.50541106190558e-05,4.94540090044049e-05,8.16249773132002e-05,7.43105093759011e-05,2.69702307997817e-05,0.000185898808238473,7.02658541237441e-05,0.000202186404043537,0.000242474507328518,0.000213091944802894,7.42480669737163e-05,0.000114212119749799,0.000180119636821277,0.00020010311172782,0.000173145918631569,0.000180959752658364,0.000222709604903928,0.000530978686653876,0.000476296494128799,0.000424411257679904,0.000759656707858202,0.000238466125495117,0.00113617387326804,0.000523784285123929,0.000173366812729351,0.000567398883716995,0.000317226297489146,0.000226396366090862,0.000121200533337105,0.000117006332547464,4.20944752972993e-05,0.000166350178823395,3.63809051237227e-05,2.0692473175064e-05,4.14584675638395e-05,4.40377655105781e-05,8.87451500487931e-05,9.71308725274743e-05,5.48630172472209e-05,9.98507480898709e-05,0.000130157748339903,0.000115913418871236,8.11867534876528e-05,7.49533089832694e-05,2.7418596877989e-05,6.76025356490151e-05,4.89521975999386e-05,6.9584727467515e-05,5.54542150041919e-05,4.92120124587695e-05,3.22130874379949e-05,4.35416628309151e-05,2.26489860406045e-05,5.60761485592493e-05,0.000148715385473312,0.000483121042851772,0.000238039270865276,0.000445819468361811,0.000856925599745919,0.00040550011796489,0.000954914211419096,0.00033110908982572,0.000120738764417585,0.000185256038676765,0.000613136909191045,0.000664133410726573,0.000387188948800875,0.000163408856039051,0.000315084250916565,5.94456525301764e-05,0.000151167947687053,6.91356090910383e-05,7.43409509563315e-05,5.30223313222695e-05,4.47532784395911e-05,3.57927457868496e-05,3.79805268915994e-05,0.000204342442597644,0.00013547473587721,0.00010491256756228,0.000104723765465081,0.000454063661779888,5.34895681177234e-05,0.00011615021837418,0.000367714419829638,0.000123034228526481,0.000189563445717718,0.00025519873791922,0.000137587919906279,0.000123979112541003,8.22230533555004e-05,9.70048091707688e-05,3.10990524735873e-05,9.5789867253074e-05,3.73043273723958e-05,3.05552135057392e-05,1.86994445086753e-05,6.93308569032679e-05,8.28786630632293e-06,5.4569832745528e-05,1.24100514184047e-05,2.1310845431992e-05,3.80242311782225e-05,1.55790734878612e-05,1.18869805901874e-05,1.07643251742146e-05,2.1654902314155e-05,4.80417705923431e-05,2.11904542278048e-05,8.85865461606001e-06,2.44186410138168e-05,1.52846658936888e-05,8.03077257562495e-06,1.32560615920507e-05,2.69266842611713e-05,1.7647501963038e-05,3.06114216532774e-05,3.76375282085353e-05,3.28892540776388e-05,5.34348685523193e-05,3.64111950048328e-05,1.71599463801191e-05,2.20586548005581e-05,1.29639764573697e-05,5.00646149316302e-05,1.06942279156934e-05,3.4117982971347e-05,4.34954432754753e-05,3.48610468934942e-05,0.000136399107937636,1.37480916675837e-05,4.23272026482809e-05,0.00010428198225608,2.52442317586383e-05,4.28515856404124e-05,4.36532310949063e-05,5.93213846037104e-05,2.40205425303106e-05,1.75188933398515e-05,4.77589729853806e-05,5.19347057553958e-05,5.07587132319837e-05,4.34454517452313e-05,2.82529436056225e-05,4.33149485662213e-05,4.4523784044369e-05,0.000272956092576322
0.000111759303945494,0.000187154952715432,1.9574603822964e-05,7.81163047945928e-05,1.54871547606322e-05,0.000112801789548381,1.09196022796386e-05,2.48361404748588e-05,3.25730823814597e-05,3.85869931680892e-05,6.09299047088746e-06,5.97523699058086e-05,4.29860672567857e-05,0.000341778620696801,0.000266077374259012,0.0010406628207466,0.00288515332698335,0.00208863959876315,0.00158413469824836,0.0010996080219241,0.000373752840724328,0.00209337172103916,0.000511014696097189,0.00133859977947296,0.00413989651574434,0.0038602410701671,0.00493819281955964,0.0109899599116352,0.00201662309224494,0.00150004477235974,0.0009170958377482,0.00159016494465073,0.000498550681116265,0.000494428452500027,0.0001879752399715,0.000242063567310416,0.000297547093855471,8.41560960977912e-05,0.000136170617381839,0.000209137400148007,7.2107156710756e-05,7.35304206079893e-05,6.03440142710904e-05,7.0605595442155e-05,2.78663974564307e-05,9.3675784492227e-05,6.54838780910426e-05,0.000107662926963976,0.000153989834821441,2.74657925212309e-05,4.11857057135884e-05,0.00011270649508385,3.47195800002841e-05,6.77914496031493e-05,0.000176811643602764,4.75816621889662e-05,8.56434686742968e-05,6.46799924419509e-05,9.76991617152056e-05,2.19312822551929e-05,3.18654621614623e-05,1.46510603140341e-05,3.87261286969939e-05,6.50716680463545e-05,5.85863091480827e-05,0.000135807997658572,0.00083006326162484,0.000319076337066841,0.00061890129469136,0.000320274959775174,0.000407285269716042,0.000376975551548065,0.000569044358548211,0.000408043372987894,0.000180419467116084,9.14603793391948e-05,0.000174685512258677,0.000108408848457618,8.43004217933213e-05,4.13669850607237e-05,6.76875054683056e-05,4.18617730577643e-05,0.000127225984325585,4.98357731389943e-05,5.57673989792026e-05,1.16606832973796e-05,8.06209486034597e-05,5.87434382893651e-05,0.00037118346614432,0.000442460516277244,0.000842919686760367,0.000277433145661768,0.000261220910324384,0.000473110799134892,0.000335869036991418,0.000184564168627447,0.000103559129636881,0.000254443187608085,0.000187607975017626,0.00019148815085767,0.000284143501825346,0.000209514337041206,7.51726735661825e-05,4.68774332634192e-05,5.55789603829637e-05,0.00014776633846062,6.5619854573235e-05,2.3542454245743e-05,6.72111296356571e-05,3.13482332432419e-05,1.22626247762189e-05,5.34216611529713e-05,1.50914403604994e-05,2.61736794105795e-05,4.3769971469037e-05,5.22165632812477e-05,5.69647384835996e-05,0.000114385682352246,6.24976152511245e-05,3.62080588022552e-05,2.09667783308782e-05,3.9781706644527e-05,7.25205313114551e-05,5.48178191467632e-05,8.63495304452765e-05,7.26691285125766e-05,5.17432921062775e-06,2.1898575965227e-05,2.5377003315663e-05,5.54182483290682e-05,0.000152222565634499,4.76985226566886e-05,4.67168027343743e-05,3.60709734133726e-05,0.000126546890903256,2.41326334516149e-05,6.22004225777516e-05,2.19884745126545e-05,8.52072513362403e-05,0.000150654869991602,3.97957428535761e-05,0.000204412891878673,4.75266021498153e-05,5.67801975632083e-05,6.10271899279172e-05,4.21205791447464e-05,4.31386631049305e-05,3.48524711123607e-05,6.86779959746071e-05,0.00013452825428644,6.90717137343971e-05,8.82389706558518e-05,0.000264451920215755,0.000108597878977347,0.00013875328083463,9.20660378440223e-05,2.90405200467398e-05,0.000211190499221708
1.73831817100127e-05,6.02301252076803e-05,4.60199115152646e-05,5.08647008459082e-05,2.90185931554613e-05,4.17302027751666e-05,1.2020684667682e-05,1.61393731535637e-05,8.68242917351661e-05,1.83746493401647e-05,4.76136258189009e-05,5.76651107946076e-05,1.49997999382934e-05,0.000121996295317009,0.000207240946505115,0.000426815154664889,9.30176782862849e-05,0.000530262850926432,0.000383968838123706,0.000778171569700101,0.000101979309398427,0.000605308134206536,0.000226954242215763,9.35335575021186e-05,0.000948686979750171,0.000278873818126533,0.00121884067641814,0.00197711437432675,0.000933375408190457,0.00221346750391881,0.000910016690031007,0.000751010820692368,0.000101351094534789,0.000955762251461177,0.000600034075068261,0.000593319470087608,0.000488632808093367,0.000221668495914277,4.73259824370374e-05,0.000128698016825275,4.51603735533569e-05,0.000106723565860117,6.30536072408549e-05,3.76618548517347e-05,3.72707885961412e-05,1.37025294734796e-05,5.00770306647671e-05,4.44139793607726e-05,6.00522022655645e-05,7.19423165781684e-05,9.19007175905573e-05,6.87073807530051e-05,5.89749065298277e-05,5.83945183143902e-05,3.90864696233465e-05,4.40968734886983e-05,4.78535792987109e-05,2.45317801219656e-05,6.77361140794968e-05,7.92153543026995e-05,0.00011836701142904,0.000106807734657189,5.85557282397707e-05,0.000143159108892519,0.000493760150114481,0.000732082187916469,0.000385090475040107,0.00111395660016741,0.000714609645593049,0.000609674535828859,0.000825472034280635,0.000572560469639272,0.000689828018803682,0.000274078674989042,0.000389277137299461,0.000390329148708318,0.000147214367189788,0.000302804688883389,0.000111113785775391,0.000102191619443346,6.37621033603975e-05,0.000237415033739471,6.17348757210979e-05,5.87534480317687e-05,1.86925859381245e-05,3.16375492858568e-05,2.03530633799877e-05,4.82282825252659e-05,0.000291399385867034,0.000387038524569405,0.000563641160760267,0.000245674591745191,0.000582191077861187,7.38639546606311e-05,0.000297534430463349,0.000164229096062732,8.13870051414889e-05,0.000280228446348807,0.000688813620569856,0.00011218631347927,2.8373041679449e-05,0.000206264617448546,3.19859324163374e-05,3.66864289098927e-05,2.17056565199317e-05,4.21865317893205e-05,4.29010520390662e-05,8.12038879577271e-05,4.11138340642209e-05,8.61824569551083e-05,3.01654587456561e-05,9.80577048066179e-06,1.24344641274093e-05,9.50424479760265e-06,2.55460549451799e-05,1.56303264292487e-05,3.01098955210705e-05,3.08574184839191e-05,1.35077191759075e-05,4.16471020867026e-05,4.23452429938524e-05,2.17539643397462e-05,2.494890426831e-05,2.2572277102794e-05,4.09359873667179e-05,6.57368549155734e-06,1.68401921183314e-05,4.70766658093597e-05,2.69453240220308e-05,7.22396592859169e-05,0.000143636500535288,8.88216131726916e-05,4.58649314218137e-05,6.72925932425242e-05,9.10445714778561e-05,4.30477564833387e-05,7.79548774981253e-05,2.44666479376768e-05,3.07391758463104e-05,7.79484369120207e-05,4.10730194168942e-05,7.34003380585157e-05,3.77759801232959e-05,4.76027408838884e-05,3.41504248468669e-05,2.33302108930978e-05,4.0800635499892e-05,2.56779886305809e-05,3.8723319432725e-05,9.32942007800077e-05,0.000112187629931416,0.000132197876110408,0.000380038279344378,0.000318946437215768,4.84973188458222e-05,0.000139788354560514,0.000226348954212941,0.000315917189311867
4.62652646861497e-05,4.69717757146163e-05,3.50696572416565e-05,3.55685536471786e-05,2.75190971626241e-05,3.75784096024125e-05,7.020466792997e-06,1.18559782402584e-05,1.23807036374582e-05,2.37257339877369e-05,1.7334161918089e-05,3.06344536389465e-05,5.29703462867677e-05,0.000162719623451915,0.000156359436419937,0.000221308652433442,0.000816504323469552,0.000865112102454155,0.000387009335976085,0.000771916918220636,0.000208573573155211,0.000382065154156104,0.000229930460783749,0.000447252107550311,0.00091999256554507,0.000360718925071071,0.000332558031540949,0.000882762060969871,0.000724173293778673,0.00155906793388204,0.000797724689395069,0.000126567729362528,0.00038054366754587,0.000460095590043145,0.000233904746115304,0.000510276890875606,0.000603236950899343,0.000161626266777852,0.000169536348576206,0.000130147632244305,4.70270841599649e-05,7.98055341820301e-05,3.54626081680575e-05,9.18499126258976e-05,2.13072978807397e-05,1.56484249413988e-05,1.82190725867775e-05,1.53148810344019e-05,1.50531654247956e-05,1.75454702566308e-05,5.02068293474044e-05,8.13926207449327e-05,0.000101557893409253,3.15902656362521e-05,5.29653286592967e-05,4.44880279240913e-05,0.00012010938125224,5.32939716822604e-05,0.000132612483508968,9.6086399277876e-05,6.02395321544251e-05,4.04369995382288e-05,5.01812723544194e-05,0.000194416892037915,0.000610791751827548,0.000690637789828452,0.000438255798905108,0.00164955590990724,0.000585794470224463,0.0010172619945304,0.000923456566491057,0.000397615452856582,0.000406199481159619,0.000372060523212301,0.000329407752998118,0.00035820507720323,0.000603524804366424,0.000356315273824469,0.000104686625390592,0.00014204645078077,0.000152864792886553,6.86244687172262e-05,0.000134496924932317,8.05298611889362e-05,3.44051869763703e-05,6.41767236894071e-05,3.89184957426611e-05,7.12189894138324e-05,5.35261386158568e-05,0.000445974615042966,0.000510378575159972,0.000236246468106288,0.000243506718857102,0.000230954671426632,0.000210606312002667,0.000268556093596268,0.000303220038125273,0.000166940917735062,0.000315865886986717,0.000265982271967539,6.98672261948043e-05,0.000101403533018716,0.000117842136259082,3.79842165173162e-05,3.01541060997977e-05,3.73043365528773e-05,1.86921027167488e-05,3.5957594621115e-05,3.07422317463747e-05,8.3025251557349e-05,3.3263224067073e-05,6.7612532808091e-05,2.79684531011484e-05,2.48211617008767e-05,2.57633966689263e-05,1.16255822801758e-05,3.89410447771624e-06,2.60888041836582e-05,2.83261524516483e-05,3.46158630633106e-05,2.5002348220428e-05,1.46335366252771e-05,2.55461605613579e-05,2.9789286392357e-05,2.25500395371675e-05,2.43936032050964e-05,4.51389541195285e-05,0.000114871371839012,0.000109685132356898,9.59566986317824e-05,4.09386938370401e-05,0.0002374334291679,7.77539062465398e-05,0.000178769901804411,0.00019877107193811,5.27525247683334e-05,0.000207214673655232,4.78673643455217e-05,4.99923536176834e-05,7.2812099348581e-05,6.77819484470714e-05,4.27718871935547e-05,6.09090231310782e-05,8.9439056219329e-05,3.72062645654923e-05,3.41962445884373e-05,1.01190483378503e-05,1.48370300149363e-05,1.8038212990188e-05,9.52319223998939e-05,0.000171275966687354,0.000335104486521123,0.000563307041333832,0.000522825856156727,8.54259718594794e-05,0.000111978216924558,0.000102049528375659,0.000112559505212626
2.80647505872268e-05,2.82992176768103e-05,2.75861903313049e-05,2.55969308585216e-05,4.53991010990695e-05,5.52116331331294e-05,3.47216420558981e-06,8.16099798846526e-06,2.39990433650479e-05,2.75189569834318e-05,3.23502314089503e-06,4.24326694395399e-05,3.07543079168124e-05,0.000131715963247408,0.000404762970633329,0.000174658506322072,0.000593449972449957,0.000484291187540969,0.000384043120066704,0.000687233982930351,0.000537849422920214,0.000533523624990067,0.000118047839095385,0.000669866606077555,9.20054764507544e-05,0.000905230073458533,0.000509182134744375,0.000960583659213174,0.000923025607545021,0.000325626646280649,0.000740176492379057,0.000305643800358569,0.000186507159152756,0.00029931295038873,0.000281660857988046,0.000168407804381226,0.000243114758154091,5.13550784732194e-05,4.48748924529138e-05,0.000215592665840658,9.44192217903366e-05,2.54062586934611e-05,2.36419565001263e-05,2.8014466777352e-05,5.46207777300194e-05,2.14734973771084e-05,1.82521061057626e-05,1.50705052564206e-05,2.96765382350438e-05,3.44402219461101e-05,5.73369054725451e-05,3.0179159673068e-05,2.71680496823422e-05,4.66822533943985e-05,2.70009196269798e-05,4.33089273410901e-05,1.86239957396286e-05,4.51684316349331e-05,2.91121458153089e-05,3.19841001456236e-05,0.000157080299459939,9.75654264335038e-05,0.000132327724705138,0.00014477235654688,0.000562195657337915,0.000104813066769606,0.000420325931039057,0.0003112119561541,0.000440720185173714,0.000487042531894861,0.000283265005660883,0.000183691629139933,0.000462729312139724,0.000804152416869639,0.000236017907815472,0.000303251495599756,0.00100028575485473,0.000182493746720785,0.000112244970701725,8.93165828167243e-05,0.000174036380645319,0.000196470169820534,8.5871789233377e-05,5.54306279999719e-05,7.75411411056006e-06,4.18187771872925e-05,1.94888429257807e-05,3.48811666247763e-05,0.000150853697993984,0.000147571473489685,0.000220650179958176,0.000255132435229153,0.000257154495020286,0.000275261137737867,0.000213267431289122,0.000107750138021673,0.000277557632348381,0.000189986445872793,5.39948427040106e-05,0.000168994464202387,4.79385615406831e-05,5.33368770758497e-05,7.22266670598463e-05,3.81509123539599e-05,5.88034242179649e-05,1.48303909278449e-05,2.39917226376957e-05,1.77556393515866e-05,2.08679928049589e-05,3.8711183562779e-05,1.30019075822532e-05,2.35855647711135e-05,3.24074148000257e-05,1.34584716625e-05,2.13346870804909e-05,2.35629880748356e-05,2.02638293813057e-05,4.21467053650351e-05,3.4040079160904e-05,1.06369189962986e-05,2.15286471324509e-05,6.51771713293135e-06,2.30124488809513e-05,1.73473958212086e-05,5.62994823938901e-05,3.93719163168328e-05,3.55121580166352e-05,0.000139902176402701,0.000538424987478266,0.000967230688419824,0.000345408706915712,0.000107158266085121,0.000736349089373931,0.000114522234890043,0.000183724902626272,0.000239436299111313,0.000260108055028336,0.00023130423302182,0.000109524291898473,8.88221185043976e-05,0.000422768486475608,6.92790642484123e-05,3.6962194118477e-05,3.65331527374779e-05,3.16553673934542e-05,3.82692660514822e-05,2.77574727802936e-05,3.72186144389318e-05,5.39898145198022e-05,4.11800666985064e-05,0.000129058699817562,0.000285104250971216,0.000272344927164778,0.000555515169509895,0.000358874134316062,8.91515780740082e-05,8.24554491718723e-05,0.000125600419095763
1.88245701186601e-05,3.56841542514954e-05,2.59795801734825e-05,3.10826808984982e-05,5.34662400243755e-05,3.31978512976133e-05,6.92182528193399e-06,1.46155124395007e-05,2.53226966164912e-05,2.48057513115508e-05,2.59764822025756e-05,1.91384141101713e-05,5.60497826826685e-05,6.97683475277205e-05,0.000228310197190571,0.000316187652114199,0.00046984838893555,0.000254286868703898,0.000598130686154352,6.2337316800847e-05,0.000205222030206035,0.000518937136093702,0.000217396596395592,0.000132154845302345,0.000334721889300416,0.000685828138572741,0.000804304075926336,0.000542715189222749,0.000792141476385258,0.000498534082861068,0.000782703291368971,0.000534794065456723,0.000388733266435273,0.000127784920647901,0.000144065383748539,9.00781192345915e-05,0.000295967662802904,7.65167615294022e-05,4.30789773957193e-05,0.000139985394867553,6.79450547055038e-05,2.55842324568368e-05,3.72496653816304e-05,1.69267882311911e-05,6.00615363613149e-05,1.48437773279392e-05,1.27689930633296e-05,1.66643873406059e-05,1.47343970434706e-05,3.73577719224785e-05,5.97928561862855e-06,0.000118960863311085,4.42787835200724e-05,7.86503036309524e-05,1.62205059629028e-05,4.65595210949994e-05,0.000113973338827333,5.20677733164657e-05,9.31563363051272e-05,0.000163718502818499,0.000154064886092801,0.000118451665469681,0.000203554880075256,0.000793327629780504,0.000402821271713468,0.00015902021336783,0.000734350079564909,0.000509378796960192,0.000616967993357777,0.000913363612371822,0.000216661946183308,0.000338728902893585,0.00082954452772415,0.00111215449848572,0.000815299645530574,0.000553338490231743,0.000265466836571124,0.000317584561495161,0.000164610945218734,0.000202989053252172,0.000246467227293553,0.000148049081572298,0.000175738486482083,5.07211506006175e-05,1.91164334256776e-05,4.07854829253308e-05,2.52830643786884e-05,3.2460217280529e-05,5.6773965022885e-06,8.21338959941975e-05,3.74345983375536e-05,0.000117029213321028,9.9909514125003e-05,0.000220631619057172,4.05570867604699e-05,4.54832500570689e-05,5.28141327303911e-05,0.000119680820618989,0.00010778289349558,0.00011103831598528,9.87676051692088e-05,7.29310091633677e-05,4.42529968802932e-05,2.36656149874401e-05,6.41350176594446e-05,2.47145869999934e-05,2.02004839643386e-05,3.23019336240906e-05,2.79800149652251e-05,2.65671411431878e-05,6.41974477834263e-06,1.16199119392867e-05,1.0885001551581e-05,4.23454395813866e-05,9.18857960816527e-06,2.37789598584115e-05,2.13252564303465e-05,7.32487330281471e-06,3.1420278815116e-05,4.33546489061158e-05,2.77175436040133e-05,1.68416874206886e-05,1.32782842333475e-05,6.72754235337691e-05,1.74298405284455e-05,4.08479734011225e-05,3.79772410835817e-05,0.000583799147966971,0.000536232537421747,0.00100985988034236,0.000214371642564035,0.0010801639169528,0.000819223330699043,0.000944640728199788,0.000350466971396474,0.000461793332208796,0.000221064505312852,0.000207542229819883,0.000111687970069269,0.000106849087617211,9.64400999627167e-05,0.000276864493872987,0.000207276927976047,8.29197356397879e-05,2.97690867371251e-05,5.93776971885894e-05,7.96672815819005e-05,0.000102449044491264,7.00273789253125e-05,9.60922312579726e-05,8.68949791601469e-05,0.000142224810657585,6.97295460759961e-05,0.000205646047037487,0.000332661066618068,8.72490732070292e-05,7.944640524622e-05,0.000109872041639795
5.22473308056335e-05,6.56355620506088e-05,4.86602088447669e-05,0.000105910806043459,2.30180142666574e-05,2.93000603918648e-05,2.43324893336421e-05,1.51357811126302e-05,1.00385060458695e-05,4.45075211093975e-05,3.93791669738903e-05,2.40373361880576e-05,3.94108278358195e-05,0.000106858791908058,0.00023362127653762,0.000207986285392937,0.000466985829663894,0.000524489690701684,0.000159497856016974,0.000674380942072129,0.000385264428264199,0.000233605880078785,0.000330831364938187,0.000195961765334559,0.000307334216600651,0.000102626948666222,0.000296531760058448,0.000471887924528063,0.00024031164475781,0.000774442374895544,0.000387381208432822,7.18547132180582e-05,0.000436201260054398,0.000177587250265142,7.32107666769834e-05,3.78000292323232e-05,0.000145977826103086,6.04697268918432e-05,6.79115856424533e-05,0.000204393024617412,5.92733101990573e-05,2.75238556968329e-05,1.70606397631727e-05,2.45101889874775e-05,1.77157843081198e-05,2.17884709865453e-06,1.56480758342266e-05,3.25570459109461e-05,1.21137285807765e-05,4.38795090790743e-05,3.9860609186149e-05,0.000100683199577041,3.53373424219319e-05,1.94955337096526e-05,4.5186175139418e-05,2.21520529698354e-05,4.77523774055017e-05,4.46029442811548e-05,5.6342936530437e-05,0.000103610682022961,7.89806079406118e-05,0.000148962064250733,0.000209392300205134,0.000191458909158715,0.000378533388506561,0.000578616739624564,0.000116906851325288,0.000634663393533615,0.000550275034100135,0.000460409201430407,0.000896906667362767,8.01667979524426e-05,0.000364375209379539,0.000533111199759611,0.000154214537709792,0.000109206632153471,0.000193845158625114,5.68321324165366e-05,0.000205084928049379,0.000166378511727899,5.72086446474914e-05,1.83139863091155e-05,6.79913488322824e-05,3.7054536088784e-05,3.55885177169402e-05,2.27244155574178e-05,1.71172836654479e-05,1.61843153661399e-05,4.97003256812699e-05,0.000101543991127457,3.67418216355135e-05,3.44095918631928e-05,6.58360970739258e-05,0.000168375499449249,0.000140464418273479,0.000166136719425519,0.00017059849131914,0.000156704114433227,0.00018591104975829,0.000152266067676348,0.000227150824508504,0.000132637012398732,0.000131339282162802,9.61882414199709e-05,5.83938659337234e-05,4.72341771036719e-05,6.00455225675819e-05,1.99466924245392e-05,1.32224790245019e-05,5.88874931474903e-05,1.47568201668769e-05,3.57352639110619e-05,2.52930774428895e-05,2.31452300635626e-05,1.95247159420515e-05,1.93500256262071e-05,9.41186137706973e-06,3.39914794522008e-05,1.37443009999908e-05,2.78352057248447e-05,2.09608802536266e-05,1.78803288256594e-05,1.67486289156909e-05,3.97574286310064e-05,2.80059262613062e-05,6.10995995935569e-05,0.000100406719537242,0.000301980546501165,0.000655160166255292,0.000673862690474503,0.000491370921394487,0.00102563031586214,0.000611490986517788,0.000444910106811712,0.000559452156560685,0.000216298578628855,0.000781059778384388,0.000327531952909199,0.000138858834856211,6.92595096614976e-05,0.00030295429801432,9.80639575328994e-05,0.000132518902812748,9.05153392181949e-05,0.00011350846937834,7.11418088918286e-05,0.000118532231178301,5.86085212496193e-05,6.07741939196346e-05,0.00010108611232678,0.00013966815111028,0.000118033347386388,8.93283923310256e-05,8.82857687599444e-05,0.000168473022308446,4.95935857425203e-05,6.33101725663425e-05,7.42319156825899e-05
5.5659589748306e-05,5.34151230192633e-05,2.77614548563976e-05,8.37301207015273e-05,6.71851111496112e-05,1.29183695288861e-05,1.29638645314589e-05,1.52783728973144e-05,2.62071035303993e-05,2.47908231442535e-05,1.94413841460424e-05,1.9819648723843e-05,2.46689262815558e-05,0.000164033835239404,0.000170200820484696,4.90248859377233e-05,0.000108365358011723,0.000148041605028354,7.04179121574078e-05,0.000354451433315407,0.000142523200785263,7.27112880442754e-05,0.000142880775364856,0.000111339150389695,5.56619263848509e-05,0.000279931656770846,0.000476792012113967,0.00036572269757457,0.000408277880671564,0.000342632496038903,0.000199094388884735,0.000258001117783735,0.000111432384757231,9.17748820259257e-05,0.000114072626587393,9.36902115830979e-05,3.97258344445335e-05,3.03896040882468e-05,0.000101399150372557,7.4560779911152e-05,9.95945586153367e-06,3.53386220829913e-05,1.75406538741576e-05,3.42651165944568e-05,4.37461567925754e-05,2.70506243867602e-05,3.03360182027091e-05,1.38308347817299e-05,2.39870832355063e-05,4.20625144154728e-05,5.14520042711276e-05,6.22752018729083e-05,8.03308810026256e-05,2.27203469281444e-05,3.79720855928249e-05,4.23876161223291e-05,3.02742724686818e-05,0.0001392658178548,0.000140556256833294,0.000194042821172376,0.000157568241562543,0.000145204256010591,0.000188511228668233,0.0004532228958013,0.000476136767400505,0.00023720186655453,0.000582124945836972,0.000160757514732894,0.00016464872623235,0.000151255965684005,7.97491104198745e-05,0.000224620391674604,0.000438850840475079,0.000444443725069403,0.000211236166776745,0.000341523093510573,0.000148820830595803,4.13015521363466e-05,0.000222165491241051,4.26155580469799e-05,2.72310916382273e-05,5.39327366812327e-05,5.73909243423461e-05,5.36963807999246e-05,4.18614009341494e-05,3.15031453481446e-05,6.93470752267766e-06,4.79518559747331e-05,1.01268210815003e-05,2.93753818300223e-05,2.0858792665333e-05,4.28038303738122e-05,1.61043755013573e-05,4.29355293012025e-05,4.3967044098846e-05,6.53734503238826e-05,4.34203342332355e-05,7.27142771427839e-05,0.000107669907195488,2.79557934081028e-05,3.1977382899224e-05,7.11977710990155e-05,6.13938067650232e-05,3.44794947666017e-05,3.33909982095536e-05,1.93689685678346e-05,4.29136818708356e-05,2.74795909913806e-05,3.08994580931628e-05,2.02964958110052e-05,1.91874927239092e-05,9.28538658502136e-06,1.19750918791517e-05,9.78145702604473e-06,1.56833906432611e-05,2.29889515408682e-05,2.33269001666087e-05,5.28919436139499e-05,2.35549091076003e-05,6.41579822827993e-05,1.08721780481227e-05,1.46147177551506e-05,4.68020604884165e-05,2.61048145905573e-05,9.10303389176201e-05,0.000156390658868351,0.000532509201313938,0.000397332258585013,0.00114086478106209,0.00419497212670122,0.000408024106588306,0.000623593390490069,0.00084404305257679,0.000962475960780647,0.00115136225726796,0.000590315509684381,0.000612692227851487,0.000230506285698515,0.00027673501337552,0.000156265991894046,0.000154903623772203,0.000139305648736768,5.07357149737088e-05,0.00011138058411335,1.60466332755487e-05,3.1916919870713e-05,6.76830989238357e-05,4.26272365744547e-05,1.5641467297305e-05,0.000123402763039126,2.26238100582398e-05,9.31125603057159e-05,0.000147694729596973,7.22870545179842e-05,9.63040874929755e-05,8.94903156370893e-05,0.000158025068639165,4.45510729091493e-05
5.33195450757804e-05,0.000217605698248171,0.000158590560814205,0.000122365301671145,0.000126788319859171,9.92560163251281e-05,7.4005576218317e-05,6.51527521073917e-05,2.64145643418622e-05,0.000112095738220986,6.35206809115692e-05,0.000108966861953492,3.55473176111045e-05,7.5188520975892e-05,7.80252528702469e-05,7.77048577646368e-05,6.08509471882582e-05,2.77037356273827e-05,2.01394096924859e-05,0.000147438713832149,6.47264809825074e-05,7.46253433416347e-05,0.000153127751388001,3.02189557265106e-05,5.80584703292009e-05,0.000158906806705778,0.00015620987890327,0.000145836587510017,1.57802895719494e-05,0.000123367882793575,7.09658735292256e-05,9.64522309043462e-05,0.000209286450125953,0.000485614861858913,0.000445093544218163,0.000120267030155691,0.00030845960025583,0.000180299402291207,0.000190144323929567,0.000189421934120847,0.000126442368814852,0.00015310415075106,0.000162950729227845,0.000167594558115705,0.00010077857094659,4.84596590726446e-05,4.58902259594069e-05,4.53064256757694e-05,4.05782241980146e-05,0.000106473380396239,6.55763642831368e-05,2.94555278012642e-05,3.22598727846429e-05,6.70171778315641e-05,7.13112441373435e-05,0.000144377379799686,0.000243659776901696,0.000625942178817408,0.00105764713207559,0.00206660683714978,0.000788765494964473,0.000839590488021447,0.000344384857277353,0.000228421553339395,0.000392642865813928,0.00285585567540408,0.000367989623047271,0.000508563478702363,0.000140077737185298,0.00047032314038878,0.000301906734914986,0.000167784084138816,0.000234760533415745,0.00013303800824839,0.000175348159918505,3.70352237626219e-05,5.03095930450866e-05,2.7301773427738e-05,7.65266472096524e-05,8.44160737871366e-05,2.92669038755874e-05,4.48591170358763e-05,7.45584020285859e-05,7.93502940436088e-05,3.76377205498266e-05,0.000287100199532064,0.000112632719350948,6.0924795112594e-05,8.74978531058926e-05,8.64200769364022e-05,0.000195790143401978,0.000113763594473471,0.000105827628645557,0.000167321412732452,0.000158531445650236,5.08001532643752e-05,4.60164486449994e-05,9.82993545851729e-05,9.68999595393844e-05,8.07539058720305e-05,9.46446716768959e-05,2.39513601254794e-05,9.61975328061617e-05,5.64025697813144e-05,8.61748479082615e-05,4.9636763425595e-05,4.88914220027362e-05,7.13691246087882e-05,0.000102820035307609,0.000157874090257493,8.4625177689734e-05,9.9974445585202e-05,6.31839139587295e-05,0.000124060317043594,5.29313498595391e-05,9.02843317550834e-05,0.000154636662905734,4.95907991980134e-05,0.000100755583612575,0.000249550597033737,7.24072702585754e-05,7.04306731411909e-05,0.000133892630623213,6.44145849210813e-05,0.000129747712536388,0.00029077008300204,0.000509200481624975,0.00103566577166429,0.00744866076624368,0.0135157609305458,0.0122810901091567,0.0138904000147907,0.00838019452838934,0.00371840540156617,0.0012826524781036,0.00415503110900041,0.00134018542547179,0.00205404313755821,0.00166634657768315,0.000780128919176405,0.000613466509627794,0.00134949877268936,0.000167287071031195,0.000252058370097728,0.000335131760147769,0.000131654931049828,0.000119827363261713,5.39363052918044e-05,0.000139496763924787,0.000113551276596151,0.000129806043012386,0.000126889304242015,0.000102433829747292,9.0951059902368e-05,0.000111161178684673,0.000118567452124027,9.13319184267779e-05,0.000111438156993165
0.000143009781000806,0.000109047076667605,0.000263001958022399,0.000259986653324921,8.9824425799114e-05,0.000133181768915293,0.00021552861594671,0.000233225334282035,0.000203626548148581,0.000118742590239367,4.19207955583923e-05,0.000122195487592677,0.000272712395123832,0.000398676338764237,0.000881553275587161,0.00102218982230248,0.00103596967778537,0.00103311047751571,0.00159071759134232,0.00151168390204843,0.000913282351244939,0.00114212657210906,0.00142207058695265,0.000979406211761185,0.000702673484518969,0.00120581728929246,0.00182496802744282,0.00208804343443113,0.00161045858696888,0.000919839695983195,0.000366862227112085,0.000470072920576854,0.000468708534893077,0.000898533530356545,0.00203690306522353,0.00184752914046517,0.00223759667771104,0.00322778945899094,0.00236298801928669,0.00329916469476656,0.00393548126276713,0.0017286889600257,0.00215391104083748,0.00177473823472754,0.002737572507846,0.0033748323628131,0.00545857223175429,0.00607561690691201,0.00412425134537686,0.00679343668544945,0.00648662291016111,0.00320231210545393,0.00095221628984781,0.00180549256647822,0.000946763092861832,0.00162820842365531,0.000832923068380805,0.00157992915088362,0.000640684810413606,0.000238692317842176,0.000291515071939848,0.000233501015604669,0.000395139861985751,0.000383787651778236,0.000338045134785737,0.0020896867400017,0.00510430330390202,0.00698717926823665,0.0104657687659908,0.0048735686594689,0.00172901916026403,0.00113460460453303,0.00338904473613721,0.00272284131909575,0.00267724324081426,0.00126828479490586,0.000578056501097157,0.00119099195441539,0.00227231308510075,0.00122212812449173,0.00222082746877887,0.00183986465613447,0.00134979003129462,0.00147789193226523,0.00131805597104001,0.0010082423241067,0.000673869200457172,0.00050189979955761,0.00170965929143992,0.00148145150473898,0.00512832637124879,0.00716068289642403,0.00689677068290016,0.00528407572847257,0.0022392549031744,0.000730145788004428,0.00181981364914798,0.00184250023346855,0.00207306080370586,0.00291589988389673,0.00252706421294401,0.00236320943162688,0.00265125431947458,0.00130978545182565,0.00170306574948396,0.00131829041570649,0.000330696983927818,0.00104200011444071,0.000669490845150939,0.00103203446983172,0.00181243679550817,0.00298957142089237,0.00367743071414143,0.00254469156906832,0.000567207579937563,0.00127981006779487,0.000323807642022373,0.00109828489587478,0.00158785414879129,0.00227496967098259,0.000411498531018314,0.00151454253340926,0.00121692971594548,0.000740810425343253,0.000879085997789196,0.00153148007878363,0.00288532972737438,0.00196016728773512,0.000837558553440602,0.000981676714003789,0.000526889021157468,0.000301310472188989,0.00158622275132924,0.00176519678535375,0.00279102462147191,0.00126298063058142,0.00172547032321547,0.00275639167494181,0.00185842156642602,0.000882713271984415,0.000813059927548975,0.000584028067608638,0.00104114589205924,0.002192131453871,0.00686955670593329,0.00827685427923118,0.00761991801645758,0.00130657690525642,0.00980594191614184,0.0151100430621016,0.0231606461706617,0.0372704747103681,0.0275791008607287,0.0272053595661693,0.0261261238372867,0.0108737078427341,0.00628748707737361,0.0118748884665873
0.000358683279787951,0.000332436910878732,0.00020578985336172,0.000147362737725122,0.000160122822095602,0.000158452465943443,7.04859623912635e-05,0.000133210449934125,0.000302777592522664,0.00018658962235893,0.000124177473717696,0.000243780510262601,0.000532238441265754,0.000307447901129438,0.00174572658383011,0.00308356590233268,0.00653768661836883,0.00648165196327802,0.00739286791818284,0.00946873095567514,0.00880702199119502,0.00708255223754546,0.00675844238041198,0.00804850683955488,0.00718189205473926,0.00682399071665513,0.0066602836024266,0.00434086713602217,0.00583843213802286,0.00494497243948932,0.0020890502244317,0.00280371429016977,0.00423429505392512,0.00350313308949342,0.00412124769755925,0.00364703008254258,0.0091139327324441,0.00318501242333548,0.00467414951955832,0.0030975589118143,0.00542683818912309,0.00365498819839478,0.00224988964180709,0.00262644562085687,0.00272642211059323,0.00603766778979002,0.00896822100183188,0.00799189043619705,0.00686313463506985,0.0035246175981534,0.010766442563233,0.00864499885212425,0.00601739865129273,0.00146748410272775,0.0024482685770684,0.0056845894449444,0.012046332700343,0.00222090378420891,0.00526692123897491,0.00406719228035155,0.0018402668510204,0.000891798120943116,0.000333951610305442,0.00137464830305426,0.00184751344769214,0.00214774403487434,0.00299803425484077,0.0159217106906407,0.00683629268515943,0.00453137681802811,0.0099085919690892,0.00861997373572171,0.00741114363210765,0.010494005295417,0.0105240316611414,0.00617770344093323,0.00343366727386972,0.00276765698600184,0.00415295021104351,0.00565592643818451,0.00541267714316387,0.00492704052551011,0.00192659268928102,0.00326474983082694,0.0024046944607109,0.00328532637251613,0.0039150297710833,0.00558244481688239,0.00718819706739945,0.00835236283909135,0.0151296933134825,0.00343939215181415,0.0227228846405723,0.0149031960105185,0.00398080071454116,0.00305719240440874,0.00358705899246072,0.00280225090731901,0.00824852586872379,0.00556324995877146,0.0025474472876344,0.00588694347752613,0.00296649950265407,0.00394703802595842,0.00236942870466284,0.00494937249804165,0.00364304305031419,0.00461582234061897,0.00808718091934277,0.0112882683354852,0.00953951025066349,0.0146219550256851,0.00744900140759474,0.0220157999275102,0.0110030173951654,0.00529269316346802,0.00899467799284745,0.00155061833181288,0.00610973870958342,0.00556475078161574,0.00495273750053449,0.00192517724828696,0.00660754126727195,0.00291170662741938,0.00236034983886393,0.00212226356155269,0.00240316357969367,0.00141571228206157,0.00340126703739289,0.00110523175007168,0.00062533486578514,0.00133874997637487,0.00297186668083515,0.00301432570114998,0.00313674766307489,0.0059904017509323,0.0149738212590543,0.01162140886732,0.00958570464361051,0.00167927963806588,0.00158777624984165,0.00418357428459859,0.00093686943884464,0.00730613356255503,0.00733671539253298,0.0287150842368695,0.0184176192487729,0.0147926073400069,0.0262683650659053,0.00664664035192824,0.00971129864867096,0.0243551500856723,0.0197909889905874,0.00329020939055411,0.00651471799924619,0.00365922738663618,0.0086152987698712,0.00582575741659386
0.00112249748806111,0.000923903360382192,0.000425133014702845,0.000326072947364436,0.000663676564218694,0.000765114526998451,0.000669970786097039,0.000665786572467157,0.00113416296299715,0.00110733107234767,0.00086183139033003,0.000448433628500931,0.00043236664794033,0.00550526658429442,0.00944847837313179,0.0133168536857614,0.0165991936172954,0.00856635681482786,0.0112316966553682,0.0148734731075615,0.0216425816486572,0.0255339967361288,0.038953085776903,0.0445703672959971,0.0376113039433209,0.0316508862817035,0.0306046011623409,0.0260334134143171,0.0209783112157441,0.0152158433768912,0.0151351530430091,0.018307193446509,0.0204486876053158,0.0223058797746756,0.0125796434419108,0.00996379691813801,0.0115040492631815,0.00811209493480026,0.0160189652080262,0.0231540858267834,0.017232538542912,0.014313299678628,0.00746621399397082,0.00815087151242517,0.0140589241240568,0.0129941833830522,0.013687785651233,0.00542945068954428,0.00976553286657018,0.0117266829598341,0.0185273501358044,0.0190405812818326,0.0206379225915441,0.0109576325804271,0.012884653088686,0.00583037829643427,0.00745535156138359,0.00156761519874385,0.000643315549509394,0.000978129773026342,0.00361987010483809,0.000812452426506271,0.00105445995985847,0.00184927672591416,0.00295926657070642,0.005560929406548,0.0113286799678433,0.0161750219563465,0.0131392585741782,0.0242459435598018,0.0252530152277502,0.0155687068516432,0.0184879225038933,0.0100019028563698,0.0196218911399936,0.00998083914106431,0.0130360678972667,0.0200634638784501,0.0251369468362962,0.0287941589886708,0.0320656281484805,0.0173265708993747,0.0174144192835204,0.00960628113859402,0.00769868146896237,0.00338835536021505,0.00463029315530798,0.00629071024239544,0.00315273334772001,0.0041379139968774,0.00422322600701101,0.0165084086138898,0.0280009030411206,0.0155265467052082,0.00877417191765698,0.0131283020520102,0.0227561563887524,0.0221459056307138,0.0190300570159923,0.0103481261199588,0.0100269711520075,0.00693027932535057,0.00739913457780055,0.0146421173847071,0.017097224369477,0.0135605060572584,0.0129599949422248,0.00717281815387741,0.011295969710003,0.00292870149359783,0.00586913587793925,0.00309727398788313,0.00842284082241571,0.0153169134168108,0.0171901905545057,0.00606382819893593,0.0155082770695371,0.00778209920107942,0.00252012420870524,0.0083029446410403,0.0024799345855258,0.0124208741747555,0.0129205484832015,0.00436400754432146,0.00332480101442581,0.00255457825678074,0.00559212991742543,0.00340447151384838,0.00286182239958234,0.000704679544593151,0.00127668334810581,0.00149468019151454,0.00312087557990429,0.000910770615779147,0.000696213319391849,0.00199128198338852,0.00779117064079523,0.00745091244977514,0.00264191148875081,0.00364849940806472,0.0023794165325276,0.00472243665761747,0.00456493757723881,0.00373113878178602,0.00467452655453963,0.00908803551923413,0.0131006333129724,0.00843279398734969,0.0310507885489687,0.00307735131458433,0.0168728884476925,0.0335139605367082,0.0103777213516532,0.0149829526789674,0.0216859290354489,0.00601337895397436,0.00775171507891304,0.00201736714362379
3.43325528438122e-05,0.000132708946352424,1.9910673414258e-05,3.28707967950766e-05,3.69970777771325e-05,2.58697422863785e-05,9.10253000779416e-05,0.000133835431881643,5.93117169060672e-05,3.35125823997784e-05,5.99304285971353e-05,5.68608786633429e-05,0.000664338207987818,0.00114300077093351,0.00225660302532139,0.00276949474210207,0.00312318121181744,0.00116936121275135,0.00193333395255215,0.00469150369909943,0.00384851503882029,0.00410321734132426,0.00514080519373305,0.00682779515457531,0.0132267040597492,0.0440049456765374,0.0105273609044547,0.00804960797207437,0.0112119112371183,0.0101529778385418,0.0181160498892533,0.0202293011905304,0.0140958126527603,0.00982199713109655,0.00655510975026788,0.00605922545342145,0.0162886414547715,0.013289119725455,0.0146784270727841,0.00207251888925215,0.00467848892228719,0.00830046366953419,0.010071771079002,0.00170618765699014,0.00278869486678974,0.00390769138216917,0.00261543874051514,0.00115654181569613,0.00313383032931098,0.00550923086223284,0.00853312322197734,0.0116983149408665,0.00149706130203906,0.00971773378277209,0.00261159662953379,0.000719437446584163,0.000763777377822225,0.000618575055184658,0.000437437976248089,0.000128132041718719,0.000126277014205202,0.00083685412981415,0.000155651732657003,0.000993066674054544,0.000442613797340684,0.000323101842903392,0.00496789372952572,0.0113718561620636,0.0141516619349411,0.00722021495613516,0.0182761868685538,0.00758603049227505,0.015477845329855,0.00488764312095286,0.0138787318277038,0.00570680563288016,0.0170487871329259,0.0257859282881197,0.00759030878993566,0.00384817555121925,0.00478299303341349,0.00185351093478192,0.00219797401999959,0.00147933455115235,0.000996992790477857,0.000955216648293878,0.000403755309683458,0.000513260210478645,0.000391560197243868,0.00122477157944345,0.00238035132699065,0.00214805147936531,0.0113615993111482,0.0133153534917327,0.0306162806761548,0.00727933503739125,0.0176490664485534,0.0165421589977297,0.0114341860254751,0.0108483365439339,0.0101334995771654,0.00952930272002098,0.0137150896931766,0.00195477329421596,0.00842552486082113,0.00319153722586696,0.00428313695828462,0.00315270607050455,0.000812583133482443,0.00380172590523782,0.0029833069959573,0.00332361469365481,0.00271871770428378,0.00232778287122597,0.00429902667389332,0.00109487737829705,0.00352337466660383,0.00694887433022595,0.00410548563223128,0.00345860688728132,0.00106846890472521,0.000996970982582288,0.000132374883463549,0.000120677044322407,0.00119688372897105,0.00171267802661661,0.000599283981085994,0.000115285790379312,0.000218611822800874,0.000237657885811407,0.000154150714707215,0.000676501117216567,0.000614454950995375,0.000979447740936247,0.0020118457400984,0.00709801289687007,0.0119964997853741,0.00897863438611815,0.0116791782482637,0.00579130257621767,0.00551757681527495,0.00876653552738297,0.00166909359170694,0.00130256064007099,0.000499484956432199,0.000281044336013249,0.000254826142275433,0.000430768665771353,0.00281311249635095,0.00100533298583429,0.00319733426575484,0.0047830323162367,0.00874125924454168,0.00189886857050219,0.00094936243739911,0.00180951821318816,0.000147822698556771,0.00260604417014349
0.000889802688051331,0.000893324825244979,0.000344306524952076,0.000494484735567445,0.000222509117217909,0.000235389583941459,0.000480387804774525,0.000648354277091512,0.000721817640893213,0.000708822018031094,0.000436065257089517,0.000965911625235479,0.00314716756943464,0.0641557561412671,0.0238915985684355,0.0337653095761218,0.0483623344631013,0.0381630990596721,0.042172195167538,0.0621546613810561,0.0589593260185389,0.0698664653594828,0.0129582762368976,0.0287633807857425,0.0538910475806692,0.0860208023024832,0.267473663761322,0.237654397700984,0.258253110841953,0.140314769746121,0.252707005618776,0.29953274296119,0.233811877178974,0.128871981430197,0.275270501801359,0.218799727536184,0.0713429770062034,0.0626667547194434,0.113616177433074,0.119385742891071,0.041620719053209,0.0503466239172981,0.0190304182882013,0.00613924551990303,0.0150866142094366,0.0156569741969852,0.027822589221437,0.0272444436143339,0.0127518463154055,0.018849204942502,0.019639373650843,0.014281309107114,0.00266091900529625,0.00938671059580174,0.00717041536997347,0.00937216767264126,0.0101676411766494,0.00500969954105137,0.00329043509037975,0.00476082855183069,0.00223390830389311,0.000312480394866529,0.00149575686541872,0.00119920702130534,0.00137422553350677,0.00213297564041168,0.0343742038000253,0.0723489809262996,0.085984784153604,0.314934666117928,0.22737975176197,0.247194064257773,0.126733894937365,0.0948182454243353,0.147506212789592,0.192919246740864,0.270907526466719,0.27915102563517,0.238800853441824,0.162643719892023,0.0615060142580744,0.00819842372263696,0.0149937444775522,0.0421784652845912,0.0712941786980094,0.0392424083169153,0.0153696909260347,0.00828175120368728,0.00750028171552797,0.00573888509651872,0.0213696167295753,0.0696409829245895,0.0899172581164809,0.207711052252607,0.182223457542258,0.318951485644742,0.247960329810889,0.0863411435848606,0.0417528179854613,0.0269227587579203,0.17925851043447,0.216257500014908,0.103836149979621,0.043000793110305,0.10739326496083,0.0976608434871125,0.0147618908090674,0.0169202380814296,0.0212004121496668,0.0267352956604816,0.0319623841866507,0.0563103702676725,0.0374860894796958,0.0378467601329264,0.0263135059436805,0.0238970444298901,0.0292514388662874,0.00773481263562609,0.0271015634706688,0.0121157959081987,0.00394205274423195,0.0120544698632924,0.0141433595495741,0.00190804049645372,0.00598124801577826,0.00245592156293079,0.00195283660588372,0.000413131795133543,0.00158224755797079,0.000892609551838381,0.000417491434092213,0.000681727036516437,0.00166665521090036,0.00426791550938561,0.00680042108644004,0.0114324206417902,0.012650796507465,0.0136377338241726,0.0144391132100459,0.0218132213076895,0.0442120587620009,0.0196481255183194,0.0294605549005433,0.0218974132983021,0.0364009547287723,0.0447057562590134,0.018870340672029,0.0129315034737839,0.01267772912337,0.00960747047808833,0.0187771766410459,0.0187199939878456,0.0363100904631483,0.0173041212174463,0.00737506746022003,0.0285720011967212,0.0143132694953202,0.00369337224020273
0.00171796409064631,0.00203819386637572,0.000735407193244323,0.000647532781056158,0.000754756582847522,0.000195110618707975,0.00176065245211686,0.00022344024393061,0.000209105599887415,0.000880449659915346,0.00143977950762197,0.00236730209824952,0.00810568580924725,0.103224210362274,0.0110047732865108,0.0873028824041397,0.111839710970128,0.114643050515798,0.0190992178004286,0.0357531883357352,0.061890825132031,0.10964121442126,0.0962696002912064,0.121848591541633,0.154854146609532,0.262100127422103,0.227988805183597,0.167798196635248,0.192310915575724,0.236833540732713,0.310478949626618,0.360160093990586,0.330402098317911,0.252582475327799,0.408538934881255,0.252931160592941,0.0768552943494322,0.0802604085029844,0.11221540873746,0.115210044763867,0.0942398585050505,0.0640185498344833,0.0475024322330129,0.0677812221146572,0.0570591641017812,0.0319399485006033,0.0755383094470783,0.0133834605830003,0.00992588449051411,0.02122606395607,0.0157833631937031,0.0270755878085456,0.0176682335050672,0.0488296309386538,0.0211807875530692,0.0323281973459716,0.0326935217661882,0.00890427941911509,0.00594667917623453,0.0132692887598924,0.00727234083605847,0.00373124105563223,0.0034841602485305,0.00211733360605473,0.00458809935024782,0.0048628433015388,0.0148612572452778,0.0685656825853957,0.258054998619111,0.178501951362097,0.345341966240312,0.504378221313325,0.283118292643368,0.201050868921847,0.281742048158144,0.249528026456854,0.406991263949081,0.319976968283149,0.269462107025442,0.187541099211053,0.0684379753286829,0.0894183692897408,0.0474509702461051,0.0611961947115577,0.0780585988226763,0.0377599487524224,0.0196365046501771,0.0103174602892866,0.00564349136305568,0.0258512848773722,0.0172929269672317,0.134420548180347,0.203191070016517,0.211026773387363,0.0808234006817198,0.358769571900234,0.267256773588288,0.247151113471349,0.272705632496467,0.165665376264889,0.149599420215723,0.182071537334352,0.224721009434722,0.0548411030170615,0.0898895175285369,0.105426136461105,0.0769012077085342,0.0498653393737711,0.0444494630500545,0.0640840148715221,0.0574558933769555,0.0471461571306352,0.0562519817681034,0.0548267812928593,0.0391070695831638,0.0275332695042231,0.0266675953764747,0.0319429409324451,0.0246653959836144,0.00319688208881189,0.00428826693297729,0.0108787681251313,0.0139568621491674,0.00489606882635174,0.00247622943764595,0.00399307997041418,0.00223165541555369,0.000489030807587646,0.00172107017156625,0.000689308453255164,0.000726824620101978,0.00334648811885294,0.00429383992394651,0.00847539168400315,0.0149508600901558,0.0228622625215928,0.00829694348521262,0.0107513153891919,0.0137661105650088,0.0123241641376992,0.0133485778150684,0.00644217019069364,0.017231994399585,0.0265623935067221,0.0131454771725334,0.0205600455038753,0.015712622807917,0.00492097399827053,0.0110788146661082,0.011418881098353,0.0212802266592932,0.0766989245590044,0.114249216263875,0.0247607313113288,0.0189505976016743,0.0397645111194339,0.0495331136942623,0.0202011371270364
3.4365749773036e-05,1.83636495467508e-05,2.48081812528609e-05,1.35492997862579e-05,6.60407404857458e-05,8.2859798581347e-05,7.53217072557424e-05,6.28544993213366e-05,1.17307521390807e-05,3.37367378242652e-05,0.000184778095139775,9.8415781045507e-05,0.00031067537803667,0.00337648431036558,0.000821282705966584,0.00256330761276091,0.00339502678453997,0.00380358253303279,0.002463472698943,0.00250378894128874,0.00119202582048024,0.00436442753399665,0.00290740709534737,0.00350131107777142,0.00321287391010394,0.0044437162375629,0.00461843226620653,0.00971021813348947,0.0135066063357445,0.00466862986885261,0.0450097669244911,0.0443252560261964,0.0424577142721733,0.0622132016580687,0.022627813126777,0.00193797891899427,0.0100144509123648,0.00476001655950787,0.0164510555578139,0.009984753575009,0.00437806958192157,0.00690727998549106,0.00405142129993117,0.00184783123491259,0.00541362141202224,0.00213204921881551,0.000297442879401635,0.00629607276848758,0.000877333058684236,0.00229727329753541,0.0017635520388947,0.00161827954457163,0.00128085758083885,0.000364409756763132,0.000497736873572435,0.00078742307582241,0.00210785035489797,0.000973173248814705,0.000270277467168172,0.000128198756366886,0.000194633790414801,0.000270446306493386,0.000185949046539077,0.0001041684577479,0.000312030584698719,0.00144005661210172,0.00734517573608503,0.0102226470373736,0.0034894048756693,0.0544073235748583,0.00674574373084813,0.0218605342907418,0.00918337517229305,0.00858978286035578,0.0491846788202328,0.0291151791322175,0.0377510632236451,0.0404643190074487,0.0140134440398371,0.0025173124467689,0.0038804620827902,0.00399936811952036,0.00176809948006546,0.0021236974857395,0.00165011305476594,0.00101293451239513,0.00201349872776221,0.00295970336240982,0.00125491998069453,0.00059484524979771,0.00114385290755094,0.00131466392830789,0.00374456560527983,0.0479922623760472,0.0233118001564446,0.0304348660639375,0.0109460536201244,0.0134679146968436,0.0198499576889831,0.0269088186275299,0.0361710251084597,0.00651110952500374,0.00183350251458184,0.0340808394757074,0.0198751278100712,0.0176105256968629,0.0182992296658443,0.0218327521630078,0.00121053294011949,0.00718685918676377,0.0066565548092412,0.00108056237611284,0.00053832512527216,0.000707675666160114,0.00112121127250987,0.000511529493684313,0.000917707403918907,0.00454283110275339,0.00337833504120354,0.00116664933849326,0.00033467465689819,0.000330555936925184,0.000165078970098721,7.8654812474093e-05,0.000167344610926485,6.71540791903693e-05,7.38105563426229e-05,5.67457846569888e-05,5.34289464787498e-05,2.50545601489549e-05,0.000230513717633988,0.000191037850776573,0.000810147404916645,0.00127692030230899,0.00175522068333809,0.000891171645414064,0.00108640610030589,0.00203421081097662,0.00102910473041653,0.000589285101522854,0.00132658419533168,0.00116011365289676,0.000608488598608343,0.000826506446600223,0.00068922601363229,0.000265409920365775,0.000156969062022918,0.00111497190759138,0.000650360670996201,0.000701651714056624,0.00313617029680027,0.00108145215688447,0.0014490624628568,0.00322230659526343,0.00143768747231739,0.000479376877551031,0.00158341019170937,0.000166718248249439
8.32865408116247e-06,9.2866456268953e-06,1.00495488134105e-05,2.38913247053889e-05,1.33892250757702e-05,5.99509260624159e-06,1.12748966821671e-05,1.44126073492376e-05,2.00182190670221e-06,2.87852616952391e-06,3.8901884069159e-06,3.06632316729995e-05,2.06177745099202e-05,0.000442246636732738,0.00260020810733159,0.00186031937415158,0.000763946164089973,0.0016459252626525,0.000328575118693511,0.000842116151625239,0.00102759335147492,0.00113341172614798,0.00200929972604391,0.000724673660989892,0.0016531811386994,0.00109209229426902,0.000639686543806735,0.000815734278996969,0.000962584127324168,0.00126162970165361,0.00433409688782628,0.00875096020257679,0.00211553822528577,0.00355700309505042,0.000471051642440771,0.00072798403178288,0.000810383172884616,0.00209499561146521,0.000407724274613336,0.000185713663634861,0.000821800855261891,0.00205925723197092,0.000597115268007236,0.000172075238388895,0.000626621132417205,0.000849836000470911,0.000624987374337476,0.00048127758669336,0.000659274929501148,0.000262205237007116,0.00173094062867264,0.000184694047320998,0.000159842482472765,0.000461407795101362,0.000137439271878772,2.2440532887158e-05,5.25054375779005e-05,1.37651727209662e-05,6.17436895232806e-05,1.12301300961775e-05,1.02694513921507e-05,2.00469994999761e-05,4.30862879596032e-06,9.28136119602411e-06,3.27952088220085e-05,0.000146041762321156,0.00111284378092983,0.000606471676421645,0.00804789930991504,0.00123153908891224,0.00440806088299288,0.0031918977096616,0.00385605126970641,0.000676771419508189,0.000487374982170776,0.00681592601133636,0.00711851692286364,0.00246447102798216,0.000234645702473987,0.00107135905661605,0.000942131785944718,0.000111617528590033,0.000151814397218152,0.000951022557754036,0.000137566043154718,0.000127952640252871,5.88769525592748e-06,0.000215954183988531,0.000243770091300795,0.000123276395042623,0.000136128654268277,0.00220108418637323,0.000562895800677158,0.00154061061052518,0.00145003852163158,0.00248253139480428,0.0022486156393717,0.00812817876405014,0.0120310092905408,0.00477845417197271,0.00645978103969103,0.00118526193012297,0.00113605733586387,0.0033901003495552,0.00177070400070396,0.000428135953571393,0.000579273868273208,0.000434336132881363,0.000708880873245816,0.000388944724478934,0.00010810555644155,0.000777331150123014,0.000958696582726502,0.000578606985925535,0.000172619511970318,0.000578602355382619,9.71816886545762e-05,0.000718127753667474,0.000785109043391593,0.000148778162417544,7.97340610128331e-05,0.000111722529724235,8.87222639571236e-05,0.000107969403120781,2.77083533616994e-05,1.92313822425896e-05,9.79370686201726e-05,1.5539091408657e-05,1.66507664821928e-05,3.58228897962724e-05,4.46682826144281e-06,2.8016537149453e-05,7.55861794237596e-05,0.000328181184898542,0.000477548359537809,0.000175236871261214,0.000513832128219381,5.62302543028647e-05,0.000164840479291615,5.23570733479638e-05,0.000169514086199112,0.000328434921520997,0.000264977996464462,0.000134969954756589,0.000119644460655389,0.00012601638924245,8.7412984145986e-05,3.29898785367623e-05,2.70497153742804e-05,6.00585362745535e-05,0.000290471197491766,0.000152916732003897,0.000478784863224749,0.000346063401608831,5.0828278667084e-05,0.000147459144255851,0.000290474458152473,0.000505290492704455
1.02795558536188e-06,6.99362111084059e-06,1.33705968545843e-05,4.71116491079361e-06,9.43592467588478e-06,6.26520584008401e-06,8.59833717868762e-06,3.97519192800145e-06,4.06402284567539e-06,8.74956494964954e-06,8.72234350911896e-06,1.05327575629783e-05,7.56691321755777e-06,2.61052553811385e-05,3.86109162584448e-05,5.78992062026252e-05,4.9947567584089e-05,0.000387283078469767,0.000173719535945176,2.79852713917632e-05,6.54990287969418e-05,3.39983018466201e-05,5.38010946896944e-05,6.76321812409552e-05,0.000545577152398217,0.000726542692892641,0.000492605978839456,0.000296563406179215,0.00135668686668883,0.000531542366064606,0.000186152603415052,0.000416332959799825,0.00215279045917579,0.00057029904919399,0.000841306228075511,0.00114855289578578,0.000412892737406786,0.000776016658896726,0.00125693485982559,0.000499749984189543,0.000129303934027621,0.00171501765949304,0.000369283857822665,0.00040346259996174,0.00061609640429437,0.000707854764206595,0.000173003826381423,0.000867927268393436,0.000492238445170315,4.82110278055147e-05,6.18816564024248e-05,0.00011005770285625,9.39259580350534e-05,1.67698055097246e-05,2.80830716333792e-05,0.00024205818675799,7.28913881185219e-05,5.66127331086954e-05,4.91967174746903e-05,2.02045006581924e-05,9.13221020604009e-06,1.86174089779554e-05,1.86345116415599e-05,3.71788423714133e-05,8.26678565844994e-06,8.33267628746238e-05,0.000514011880250035,0.000247124797542729,0.000474789859742409,0.000428192991768048,0.000245294527823836,0.00137606710819741,0.000672519046092589,0.000824683593019241,0.00121242963156929,0.00147166589241953,0.000690305100980823,0.0027552763776717,0.000857187389554847,0.00207067632279812,0.0030462768758774,0.000592773790954531,0.000577013291321668,0.00106135136105069,0.000208396260253949,2.62759559436657e-05,0.000168008951739102,0.000269852534066807,0.000407486763051434,9.78305414006064e-05,0.000562801721358195,0.000346402758858981,0.00136817061088924,0.00024898072176537,0.000911440628159757,0.00106826946098846,0.00238127814428575,0.00186618998521239,0.00118974464315966,0.00476801661819563,0.00210755881356575,0.000818842839913518,0.00120268143005825,0.00141321214380581,0.00132392214363967,0.000365413698691558,0.000952473367906775,0.000402801981931668,0.000323978791338504,0.000185302267035296,0.000141958290495635,2.08253266564663e-05,0.000341131534196633,5.99861658333634e-05,0.000202066117772922,0.000223079870810654,0.000119537456251642,2.70674057960184e-05,2.22109787173569e-05,6.79793954058159e-05,0.000166739213139617,0.000163296732135819,1.60357412688261e-05,4.275169674808e-05,7.47508096956206e-05,3.18170470135785e-05,2.37482747508464e-05,3.18514036591107e-06,3.32186322534115e-06,1.03142575036752e-05,1.15039529006102e-05,2.4677784090529e-05,2.05795299066756e-05,3.45933126804571e-05,7.34446474004978e-05,2.20961139245441e-05,0.000106979363829533,0.000113218764647452,6.90563272993007e-05,7.78165019473568e-05,6.32492571665234e-05,3.88082355392573e-05,3.63126104573121e-05,3.58427321396188e-05,3.63660519164184e-05,4.02768612285249e-05,1.89324409954615e-05,2.25031868991526e-05,4.85976686407267e-05,2.963821685398e-05,4.26480572190843e-05,0.000196024662344831,0.000140099208190894,0.00028985522348334,4.80162066993338e-05,8.56895191297881e-05,6.74225305212633e-05,0.000101880701762052
2.06416218416456e-05,1.25687767657454e-05,1.43502869108065e-05,1.85406105848166e-05,3.71795800402275e-05,3.23721321540297e-05,1.95347901624838e-05,5.97660429710921e-06,2.05056734860008e-05,1.00944832219345e-05,3.67780903822201e-06,8.00650655708734e-06,8.6601427097603e-06,2.1514207097375e-05,0.000121386475462465,0.000220911222797743,0.000270921146591818,5.30892715126822e-05,8.03539025770892e-05,6.55958032763735e-05,0.000169707520588062,6.8918462622012e-05,4.58975420773126e-05,6.60372688202595e-05,0.000176460136697226,0.000123399328529952,0.000131758887968504,0.00039429936672294,0.000332783682813822,0.000285681096373908,0.000285686593710034,0.00010629255362412,0.000239217074293065,0.000493820495844385,0.000153205161532955,0.000252501243169982,0.000188045373518697,8.29231236500648e-05,0.000244544670019821,5.95435852127034e-05,3.91584080043875e-05,7.64566221945909e-05,4.23260852588026e-05,2.94865255211578e-05,4.30358830264597e-05,5.58449167283758e-05,9.69041685383129e-05,0.000263524221291261,0.000561911123314674,0.000848448662965779,0.000554403034798378,0.000124771142169144,0.000413500391971619,0.000615162259341286,0.000456457132492497,0.0001530021881942,0.000189983418629628,0.000128824464614029,8.62066914385095e-05,0.000152825885694718,5.66000552743923e-05,1.94033884965738e-05,1.23094445824302e-05,1.04154476579244e-05,7.30456847287682e-05,1.69867441396526e-05,0.000732324696749736,0.00174579143156029,0.00229038205471077,0.00134413011875179,0.00102037097385451,0.000593886880953813,0.00128797085268756,0.00184610314162662,0.00106456359588212,0.00105583453599953,0.000340722350714766,0.000682923265638018,0.00117864435757497,0.000259998629959504,0.000274430233463998,5.24749303402789e-05,0.000143339804305156,0.000242391173599632,0.000511708594972116,0.000124132739118795,0.000105232810474849,0.000119847106982721,0.000160097789899539,0.000238810607612323,0.000585505230786079,0.00016042282475595,0.000319929579279655,0.000784830589727783,0.0018664523120571,0.00283769694191764,0.00068588027107596,0.00104137273246719,0.00102627461202507,0.000539632872707591,0.000602373955524286,0.000746104451742661,0.000876038256011903,0.000726217605186084,0.000194316021311927,0.000185657397974582,0.00036339837595601,0.000116784119943667,0.000266602176214168,4.95994437839563e-05,3.40181833491662e-05,6.82957517763548e-05,0.00013913860185544,2.52968033648159e-05,2.54108400721602e-05,3.30697266836267e-05,6.99101294239176e-05,3.22868222640116e-05,7.24353432008613e-05,3.04836717152936e-05,3.39022131170073e-05,7.00629835297962e-05,1.30592640635737e-05,3.33410090259555e-05,6.8832815425228e-05,2.09970318583446e-05,1.18282390327952e-05,1.75250619522821e-05,2.23995126229924e-05,3.5195663041404e-05,3.11995927947155e-05,2.53516027594494e-05,3.06732395407797e-05,0.000140754789284257,0.000319961774334127,0.00047923362105397,0.00114057644229971,0.000853078088705835,0.00103183271310028,0.000364744952077643,0.000335273560097499,0.000125607087357327,0.000482477988967322,0.000251189586340817,8.74616880942304e-05,0.000134933042867253,0.000162752776258484,9.56499395037896e-05,0.000109512977853935,0.000205926000185928,9.90126759708768e-05,0.000132100003113964,0.000225917435928931,0.000462005476627235,0.000198880908656791,0.000217675933917063,0.000119554364124045,0.00030519397869376
1.1331275642684e-05,1.40413726053453e-05,5.98166238691732e-06,7.41833388803752e-06,1.31602756681453e-05,7.25039024230406e-06,2.07778926500873e-05,1.20989549391383e-05,2.15014011434889e-05,1.60622534240458e-05,3.75450001238203e-05,1.0631001291122e-05,1.62095241394151e-05,9.47392200886521e-06,2.03252600132469e-05,0.000133329761248558,0.000120645857005964,8.21916449029621e-05,3.58373276000686e-05,1.9066145342849e-05,4.59105084280719e-05,7.08336109260887e-05,2.27069600531832e-05,4.0168483180136e-05,0.000120615054460189,2.79454136586777e-05,6.92646734931663e-05,0.000246070482806945,0.000160502800520507,5.80466263772449e-05,9.88141419879176e-05,0.000361933956252356,4.86641986781223e-05,0.000259734007445603,0.00012954079020217,5.72448299961779e-05,0.000107235536664941,7.64909634220114e-05,7.80070789509828e-05,7.4186533135985e-05,5.70199703582875e-05,4.27078833411968e-05,0.000105245434995287,4.72922971291347e-05,3.45780903737977e-05,7.96834501570658e-05,9.39473888055829e-05,0.000104820039097017,0.000161350393322196,0.000569749631903542,0.000953196668724221,0.0013762395542003,0.000348439195641481,0.000464143199314382,0.000837234843905032,0.000160611078833015,3.76295891513561e-05,0.000378438732188893,4.90664407772333e-05,0.000153628558499596,9.44341682014872e-05,2.44163837291413e-05,6.9793729279253e-06,2.78036460508122e-05,4.32521033678661e-05,7.51383972386843e-05,0.000327806676889927,0.00122073679654636,0.000558926594905302,0.000808681424569893,0.000902442072065686,0.000324710977058179,0.000285778762989262,0.000464903566786232,0.000390062662499982,0.000241668116672041,0.000149488833476824,0.00016549628344154,5.81679591726203e-05,0.000129899130926627,0.000208625742633446,9.62634199563111e-05,6.6551365177366e-05,5.70702930105189e-05,9.90531551148562e-05,7.01328280532829e-05,1.90430595851823e-05,2.61723228850288e-05,8.06941173944406e-05,5.09888156447316e-05,0.000100744331329603,0.000121960699308442,0.000136029699825047,0.000325352363554982,0.000256131549368967,0.000182621700682886,6.93260929999201e-05,8.83818029762474e-05,0.000222290697012156,0.00033847498141011,0.000201637930863511,0.000229755620714399,8.25011061597883e-05,0.000205689298303166,2.86487806515826e-05,6.25554250045161e-05,0.000120678668550624,2.38903311062298e-05,5.73328653153087e-05,7.02310901465294e-05,3.49792166426791e-05,1.76470538132668e-05,6.80132144873369e-05,2.9442025312906e-05,1.54633312830587e-05,8.75875148640592e-06,5.08858612428432e-05,2.11306408645545e-05,2.77987425047152e-05,1.02578752172211e-05,1.37490587350165e-05,3.64990659285314e-05,1.30303130074093e-05,1.85908465185311e-05,1.91581106984232e-05,7.39634508615693e-06,1.45198528501463e-06,2.07455316103966e-05,2.47438782651444e-05,1.08152150904006e-05,2.66456748788564e-05,1.12649799147992e-05,4.0868878734209e-05,4.87921970500342e-05,0.000114989123634127,0.000136536081271278,0.000356981619455507,0.000294391760868402,0.000462266605166266,0.000209035949934676,0.00067989606227467,0.000304363824064922,0.000906121114495029,0.000368517819815777,0.000129281604044665,0.000221288216002804,0.000155083469220593,5.34360681900913e-05,6.88354907866828e-05,0.00015557494111869,0.000125756267190346,9.73634086224804e-05,0.000485504103288372,0.000990487902141455,0.000249322738742697,0.000120038677668734,2.33359344752e-05,0.000532050928325999
1.05054924853699e-05,1.97843734761792e-05,9.59122600707962e-06,2.72204510569416e-05,1.04947324064922e-05,8.16812099430451e-05,2.23122295833982e-05,2.29915984739412e-05,2.83159404564741e-05,1.8601106626325e-05,1.72092802378695e-05,1.79942720575742e-05,1.00578899552238e-05,6.86202359448546e-05,1.23880566230711e-05,3.96407781926494e-05,0.000195004065060927,7.77379183309446e-05,5.42203093830502e-05,5.2585891947827e-05,5.85870223090712e-05,7.22627321170158e-05,3.46673866112232e-05,6.59199225490256e-05,0.00017854005061328,5.81427277450111e-05,0.000101503161873265,0.000132434092185223,0.000250545466633007,3.89718681171931e-05,0.000246695224604507,0.000131753551010695,0.000121223267435446,7.60569107520355e-05,7.38769137728074e-05,9.1409070332943e-05,0.000104421564958589,9.1526038145037e-05,9.96950140717656e-05,5.25936223773726e-05,5.07394250972459e-05,6.87127464004634e-05,2.71820973179648e-05,3.92497911967092e-05,4.31003211384711e-05,6.11577684764709e-05,2.44315416911104e-05,7.17400995327986e-05,3.52785187803022e-05,0.000402451465267063,0.000137185248543371,7.54875647263924e-05,0.000375989614699435,9.5529463319923e-05,7.42064036651148e-05,1.94167358934372e-05,8.70058923525497e-05,2.08204083300237e-05,1.53899363054772e-05,1.26274623323915e-05,2.63428150666124e-05,2.07699350696319e-05,4.66717584574887e-05,2.835279217303e-05,1.14424250084862e-05,1.93338803330985e-05,0.000102680476884711,0.000103788052401927,0.000232355432550517,0.000123492338343951,0.000254907126868681,8.75386500621601e-05,0.000154966127448006,0.000224596950070507,0.000321055865327349,0.000158053840570722,0.00012463244625364,0.0001155129163598,0.000183820094194482,0.000175188345638645,9.22201556874208e-05,7.71018519830981e-05,3.45850822678947e-05,6.37351833244147e-05,2.62930155136768e-05,1.69786464712552e-05,2.05171461508598e-05,1.15854974128417e-05,4.07932156668612e-05,3.12539673387718e-05,5.30169636083739e-05,9.08708934886951e-05,0.000293933025334129,0.000177225143486484,0.000597531616992905,0.000168096920111056,7.51971785336775e-05,0.000236958129727073,0.000110757489954648,0.000198390050856787,0.000237244852642246,0.000157057974485467,0.000130308425588219,0.000113933686732428,6.05584643583833e-05,5.19895134191267e-05,3.01844202947506e-05,3.97166553982257e-05,0.000100944097877199,1.64447074692855e-05,3.93955846917701e-05,6.10952902746485e-05,5.5232651749266e-05,1.96099580849358e-05,2.74864948131101e-05,3.88093307593823e-05,1.38155025288397e-05,2.06443820480032e-05,9.76941256354409e-06,7.89775071309093e-06,1.07782392548354e-05,1.24532224641867e-05,2.63355272317955e-05,1.49503151819816e-05,8.69668408403757e-06,7.97490749740421e-06,3.8706749618189e-05,1.92000012535256e-05,8.50319204877845e-06,8.59854985300594e-06,3.48475824750914e-05,4.95264247126123e-05,9.64430441219771e-06,2.80959160150052e-05,2.45628613803691e-05,5.27826458139724e-05,9.49281051151041e-05,0.000127774946892692,3.16967554175213e-05,2.15986433614834e-05,2.27669121850346e-05,2.77226586017216e-05,8.14620572474874e-05,6.25840944687614e-05,9.05696537842365e-06,1.55769021866228e-05,2.74094420421677e-05,1.44158049038448e-05,4.7243491400586e-05,3.22936312498342e-06,3.7600365962977e-05,3.48709602805686e-05,4.03244921491944e-05,0.000159593313449302,8.82806265778557e-05,2.07371638597071e-05,1.90211468237918e-05,0.000222926094770732
4.02879748259152e-06,9.79508223742671e-06,2.77654131489158e-05,5.67483906620545e-06,2.09188017282209e-05,9.11470188541716e-06,1.06211609486228e-05,3.05259707985221e-05,8.15171220538523e-06,7.53028722088638e-06,4.10152252753785e-06,5.42032966108806e-06,1.39062236251565e-05,9.53827454338496e-06,7.6518413520599e-05,9.6406932140324e-05,6.91555840014753e-05,4.94259584563557e-05,4.77545066529074e-05,2.90898894047098e-05,9.4098712137699e-05,4.3871796229482e-05,4.58174112765528e-05,5.70566216406448e-05,8.50896142014629e-05,0.000173945529235731,0.00014715919030087,0.000114097814032356,0.000132059489948039,0.0001000492317187,5.71553581450739e-05,0.000273852783486005,0.000121910279774542,0.00015503803319176,0.000140563328998409,7.49696697704571e-05,9.60097178483086e-05,0.000147232576702937,9.14919781461154e-05,4.40904075130859e-05,0.000110852120729556,7.70152531856066e-05,0.00010265474932893,4.22223514321441e-05,8.18476657791925e-05,7.34163127516568e-05,2.84844428856501e-05,1.86757047024197e-05,3.92730015566206e-05,0.000241336006260224,0.000321376848501552,0.000394068648973847,0.000334026173885662,0.000139315127697948,9.964101718833e-05,6.27716815111941e-05,8.99035131066285e-05,2.61589345200813e-05,9.37199823880067e-06,4.04610910969072e-05,7.06872940678427e-05,1.75206446531885e-05,4.67324110944595e-05,1.22444714968581e-05,1.51968400777263e-05,2.65900872744734e-05,7.48797675269019e-05,8.49472133050438e-05,0.000134047735983864,0.000462801734422273,0.000756914274928698,0.000236675212941219,0.000111522495176227,0.000148228863072694,0.00023761296372866,0.000145037217884163,0.00018286182912309,0.00037156530559591,0.000209950142412578,0.000184070587352513,4.83671564836348e-05,0.000108939818857068,1.7637267668114e-05,1.43202569402392e-05,2.77720764726285e-05,3.08370362812134e-05,2.38486335481631e-05,1.48465644961321e-05,2.25738334415347e-05,3.93494107605168e-05,5.19062708022559e-05,3.23980188666024e-05,0.000112291872378124,6.145746387201e-05,0.000519456723841684,0.00021399600095703,0.000152961385812135,0.000228671489084808,0.000346853092780753,0.000441319497459851,0.000219239006621448,0.000135290204380572,0.000177671928569954,0.000185772366257262,0.000223559516456998,6.81500276270826e-05,5.23720651446668e-05,8.58813876287954e-05,5.93482215909955e-05,4.36932893237709e-05,4.7993772651803e-05,7.90599769171222e-05,0.000103274994144369,2.58687121571064e-05,1.12512976930709e-05,1.79422512528064e-05,2.18229608010227e-05,1.32918842403224e-05,2.62205754785204e-05,1.06767346933084e-05,2.78685458704394e-05,1.1782938480197e-05,7.76910893231546e-06,4.24455831834537e-05,1.0413186552301e-05,7.17029743951025e-06,2.67692503539866e-05,1.74889415775798e-06,1.68554946445332e-05,7.06817666069396e-06,1.24073823316707e-05,2.15841823921559e-05,9.7572086489402e-06,2.83278531188738e-05,6.46269877961619e-06,2.27230158730366e-05,3.94106326487966e-05,1.06245408907709e-05,7.9053510894698e-05,6.05694632616324e-05,0.000158458461498849,8.74497407697845e-05,3.89695344122515e-05,6.29759337150436e-05,4.21230948909783e-05,2.57008913428591e-05,5.97303730546346e-06,3.31373860432927e-05,3.87826885392009e-05,2.45386180816772e-05,3.70409428539173e-05,4.01086479235474e-05,2.83652318261566e-05,0.000148145762476152,0.000107202598078074,2.76134519213187e-05,3.19513710237085e-05,3.89976003124124e-05
9.72906431845732e-06,3.1057913226028e-05,2.52338004306092e-05,7.14563715877007e-06,8.84715416057578e-06,1.8596037737728e-05,1.16894517652674e-05,4.09178479513009e-06,6.73760919088858e-06,4.69167570177543e-06,2.86324740209892e-06,4.95931439875847e-06,1.62082653515756e-05,3.01709972976982e-05,4.43661841248422e-05,4.03356104021686e-05,0.000112059913233387,2.50472187648295e-05,7.63693184357377e-05,5.88583071896282e-05,8.03370740310134e-05,3.87621916506427e-05,3.96789343014548e-05,2.3038182092187e-05,7.62442045828244e-05,8.8388451991462e-05,4.80240522218366e-05,0.000145210378803034,0.000129114132199618,8.4260907550457e-05,7.60263338667173e-05,0.000152484829341347,0.000331734159512893,0.000313568235453874,0.000290912276150164,7.91195898054737e-05,0.000110230497746356,0.000121096467838925,0.000240275709942367,7.62089203489374e-05,4.40149574656923e-05,0.000133465167373017,1.74611198089e-05,0.000127161596983547,3.63026270066539e-05,9.3330322475914e-05,8.20034561052058e-05,0.00012883172019851,0.000137072739811251,4.38176827732754e-05,0.000176929881042567,0.00067257661239785,0.000319239626582682,0.000311403735395497,5.93584105252086e-05,0.000303622051028931,0.000234752523100934,9.13559398277505e-05,6.56617859190353e-05,4.8080138373906e-05,3.2654904310862e-05,1.64744923661709e-05,1.32658887782788e-05,1.25407154286534e-05,2.79573143094868e-05,2.76824829863912e-05,0.000143806088821444,0.000182402983708729,0.000196950458333244,0.000268110085772209,0.000539214823933797,0.000501927231470206,0.000151195296604375,0.000173755987794775,0.000356793623297504,0.000350956360982467,0.000119521075857801,0.000240590561050501,9.46812831742382e-05,0.000168500136726121,0.000120701414162526,0.000152483156443435,0.000175234836324964,7.50498958509042e-05,0.000106798752557745,8.85113581359833e-05,1.22242857655948e-05,2.75002173874722e-05,6.49364031730773e-05,9.5042955811024e-05,1.86087391914147e-05,3.44198340849423e-05,9.09996959712393e-05,0.000376974496312853,0.000711017900811796,0.000179812445458953,0.000397344843487429,0.000168966163829151,0.000465787244634944,0.00021219707208085,0.000146342577414386,0.000141497568837586,7.93713043061223e-05,0.00018315305909608,0.000187495168849138,9.92173635230485e-05,6.20667093078459e-05,4.03053650476239e-05,3.05184277514869e-05,2.90397030557166e-05,1.38752590492759e-05,5.17861673603484e-05,5.66507320575108e-05,4.61426293021463e-06,8.90474510650592e-06,2.5533152372093e-05,1.65798589927576e-05,1.86312219414349e-05,8.5137148618456e-06,2.56619670489388e-05,2.21428335839873e-05,1.816012802471e-05,4.77176762101243e-06,2.95218415347177e-05,1.87242667981866e-05,7.72990516074555e-06,1.0203119897764e-05,1.38934219923728e-05,6.05670781063903e-06,8.93823819641594e-06,4.61841254815005e-06,8.33560160907481e-06,9.54276112366918e-06,2.4171469221622e-05,4.65515661576193e-05,5.8217691921009e-05,2.16788168156786e-05,6.79936886139588e-05,3.95363804949325e-05,0.00010157343630933,0.000180731838270709,2.92765373725534e-05,9.24201988208871e-05,0.000165981136441769,3.52246307809235e-05,2.21031145362149e-05,4.24352619581904e-05,4.4208447968783e-05,3.19175038594242e-05,2.23955566727299e-05,2.03172455663665e-05,4.38863682350254e-05,0.00018973761631539,9.10415038398815e-05,2.34399993191443e-05,4.12670383557968e-06,1.07870296801136e-05,5.7496535622708e-05
1.75632617178423e-05,1.41837666667535e-05,2.2699761105977e-05,1.70150830780372e-05,3.17913245108694e-05,1.13015253530093e-05,8.87034941031783e-06,8.92141543611619e-06,2.42598604165036e-05,1.56392406791777e-05,3.35737782484017e-05,2.14459999251034e-05,1.75540634812281e-05,2.00397491014413e-05,2.99387049632302e-05,3.83239083015014e-05,6.98966332791862e-05,5.36145648220647e-05,7.53301097867963e-05,8.25538636873185e-05,5.62794982595095e-05,0.000150312425268762,1.87266779461458e-05,4.69630577279675e-05,4.78214409145549e-05,0.00011888949241565,8.25446381942135e-05,0.000142755801115425,0.000236798193961264,0.000530505978664908,0.000511857862771489,0.000145885725636058,0.000205048466699587,0.000489853952765823,0.000864523538899072,0.000219994298979305,0.000736675929328937,0.000281443459811928,0.00019967435384102,5.43492886852011e-05,8.85670404124421e-05,7.17872986584139e-05,5.81621338579776e-05,5.77930446212695e-05,2.29296570520238e-05,2.70077923235779e-05,3.1748997247346e-05,3.82684763395023e-05,3.38972678241453e-05,0.000114626902896183,0.000113060416406187,0.000106918202442531,3.30766875599855e-05,2.77584536764354e-05,0.000104137585972836,4.82936049871745e-05,5.0731799583219e-05,0.000108381289867156,7.49044951261719e-05,7.81089103534134e-05,3.36202292192072e-05,6.55180970649412e-05,9.52482768339433e-06,2.70317346994908e-05,1.97059559215841e-05,7.16327860049986e-05,0.000286403388232021,0.00149364777023438,0.000945007696557859,0.000482952446980728,0.00107737041106546,0.000894062098893828,0.000525241139347608,0.00026565775084052,0.000368840139358436,0.000182240454205029,0.000230453523212076,0.000170620797503492,0.000442281800571062,0.000213728613011865,0.00048134195312375,0.000294773574311238,0.000454488255501307,0.000249853135162483,6.83602184557402e-05,0.000128087139638353,0.000135449672506268,8.14185197539267e-05,0.000162395740307433,0.000274917404299781,8.2036209262799e-05,0.000316004268499186,0.000719826299293341,0.000624433510306922,0.000482291856460668,0.0018313543346994,0.00199171326456046,0.000834490401464401,0.00120267608477866,0.000776893092450449,0.00121607660286597,0.000719523394085869,0.000616584111109785,0.000254368121884112,0.000255376796744881,0.000211563577591494,8.68299644123182e-05,0.000151957428295934,0.000259538761986513,7.26664944783807e-05,8.03811394020711e-05,3.97393005395323e-05,1.80139020143032e-05,1.22758881226071e-05,2.25407363796015e-05,2.07050506435838e-05,1.26289964338905e-05,3.71958414336033e-05,2.91869695294875e-05,1.94218940532872e-05,1.96427033631722e-05,1.2392036209118e-05,1.96445256669565e-05,1.26401525721281e-05,1.379113421242e-05,1.45620134093226e-05,2.45703497453632e-05,7.78090414046793e-06,1.04015681199693e-05,9.9658442369542e-06,4.59667287884137e-05,1.06971123433461e-05,1.57928608217096e-05,2.38071282839616e-05,6.01337758776709e-05,0.000154810758409099,0.000202835916912055,0.000245246470764438,0.000120583474184466,0.000187559297162437,7.81114442322173e-05,0.000844635822672134,2.44103538200864e-05,0.00040599293328148,5.400031715277e-05,0.00014460806630228,0.000199421654598232,0.000163518157746227,0.000193395096222589,6.28465298332441e-05,0.0002163352004206,7.94329055196052e-05,8.0031058739069e-05,0.00022076288955327,6.26385251977834e-05,1.98256626295096e-05,9.03078671256929e-05,0.0001547924244848
2.46867643534872e-05,2.85535935863145e-05,5.11551038227269e-05,5.25463917775658e-05,7.84142468473517e-05,4.36182927537273e-05,4.0229713653461e-05,6.73562493867686e-05,8.39102393311261e-06,3.22429959283903e-05,3.43049308201891e-05,9.20488925698412e-05,0.000111173239141306,4.57897727161901e-05,0.000153734276162206,6.9574575652881e-05,0.000342739660596333,0.000563523110828471,0.000595337788777053,0.000365660672178375,0.00046116823881479,0.00101746011416353,0.000584952404959817,0.000209078624340993,0.00104103139936518,0.00100012831304001,0.00187867867557523,0.000647583649875484,0.000614050789582562,0.000626001121953017,0.000564509218865504,0.00152792723316757,0.000425978636356465,0.000771401122747546,0.000268779924586574,0.000357342559673554,0.000173716326323141,0.000179618162698831,0.000489108243360249,0.000285393185699316,9.39603878813951e-05,0.000103316900833041,6.7339228928999e-05,0.000131889693297129,0.000163630799382274,2.35778013660936e-05,1.74319050075309e-05,2.73133931454275e-05,0.000135483667424679,0.000161650626317411,1.30577801120067e-05,0.000102912157160619,0.000263175918611558,0.000100072549720203,5.78778602513956e-05,4.68124301604762e-05,0.000228925324597962,0.000117278998598874,9.35780969707577e-05,8.51501196744005e-05,2.15113459440388e-05,0.000120786520059808,0.000134670646919099,4.56241369855097e-05,0.000126849115922457,0.000132474859158038,0.000527764954396023,0.000651188254670593,0.000608938324105081,0.000433112548601106,0.000151062167856955,0.000838928601491283,0.000279313893017123,0.000730044636832472,0.00048549231843049,0.000211176401424339,0.000175787436338945,0.000128683858471012,0.000566841501794198,0.000103063106946025,9.88120713381197e-05,0.000379549541854513,0.000343036662646747,0.000189337384801922,3.84986939414739e-05,8.32650376672373e-05,6.93329733473736e-05,0.000115363138266496,0.000501750707716603,0.000307887908934068,0.000334886660781999,0.00024087892925066,0.00050862217897862,0.000149176614312659,0.000437226145990632,9.11552164969342e-05,0.000238669825011878,0.000170263603558116,7.43380698014229e-05,9.08798076498604e-05,0.000141955426230261,0.000340327874223214,4.87794728149445e-05,3.11657014291588e-05,5.33049302138216e-05,5.18232895794564e-05,2.02692893269938e-05,8.25392497695471e-05,5.15868607989503e-05,9.38364736938478e-05,0.000103292026049371,4.82465194966294e-05,8.18466104424214e-05,1.29557582274498e-05,7.22411917742081e-05,4.40960127152479e-05,4.60832897376664e-05,3.17500187418045e-05,1.86781458006524e-05,2.70079967511631e-05,4.09964733546273e-05,5.11645605427062e-05,5.70071439027225e-05,1.36948345516252e-05,3.53924338113744e-05,7.33212950202011e-05,0.000108243893415603,2.18606580354241e-05,3.70122822837684e-05,6.48783588641409e-05,1.24104509780069e-05,0.000109571784115732,3.14216208605923e-05,4.37547069754482e-05,9.04003013078236e-05,3.35422270030822e-05,6.69761708183839e-05,3.88072410266307e-05,9.11181102293445e-05,9.06205266079722e-05,4.52900156871389e-05,4.82839517455835e-05,0.00016345919342474,0.000107285609602747,7.01779216858796e-05,4.18156656523686e-05,6.29721195825034e-05,9.05822001059829e-05,1.82605597599943e-05,0.000119845617294799,6.8115501086096e-05,3.77756166865992e-05,4.28669946715478e-05,0.000219899995640076,8.90754479444857e-05,4.81652355294222e-05,6.84028848571332e-05,0.000174709046360902
4.44266690915753e-05,1.87990595016335e-05,3.12409658798853e-05,5.61812479294962e-05,1.01710822087488e-05,1.90339293647093e-05,8.76233034580024e-06,3.98193668997837e-05,3.93338113463949e-05,1.93239400476856e-05,4.85557946973033e-06,8.52120644622915e-06,4.3734345396085e-05,7.8342839519921e-05,3.18601287124523e-05,1.92804602515498e-05,0.00021765401496445,3.38109721374181e-05,0.000138018038978204,0.000141437064843776,0.000150219600372054,9.24451278248444e-05,0.000124897497984616,0.00012434852962754,0.000102253490361119,0.00028527037268647,0.000225769917909974,0.000549517288995205,0.000304253268078026,0.000697480503021591,0.000369249752884348,0.000472793141076188,0.000283015412325747,0.00112043020351532,0.000339861600618877,0.000231481893813461,0.000616314396949398,0.000323886311708047,0.000256400158914699,6.06093718727085e-05,0.000176827254122514,5.88879377146847e-05,0.000113461297347252,2.44629304176442e-05,2.09183053900874e-05,2.98958214210877e-05,5.4711100781754e-05,4.07545412623556e-05,7.30920115631573e-05,7.52381593650945e-05,0.000124894265137926,9.38028910876016e-05,0.000122285973660828,8.83453689062563e-05,5.46786205021124e-05,4.22881787885779e-05,7.84209189087815e-05,4.63065576707105e-05,4.63441804581487e-05,4.61402024437433e-05,2.36572522450829e-05,1.82150695814826e-05,2.86133570441847e-05,1.82265168037474e-05,6.92314048668302e-05,0.000120393862240322,0.000426008140824494,0.000229799233037883,0.000154942335345043,0.000932942788858513,0.00041441329909076,0.000756928326933987,0.000367439746756489,0.00027930862024902,0.000198444105521265,0.000513516440151116,0.000530682663470669,0.00034202848099969,0.000203697841191167,0.000278677346979895,4.93859304003194e-05,0.000128386171216635,7.28476021982734e-05,4.64901928622208e-05,4.81531631519149e-05,3.15369527474087e-05,2.71952012252332e-05,4.34580604874522e-05,0.000216215742385196,0.000192013346353069,8.28281272210098e-05,4.26506612401749e-05,0.000305047083455102,5.54012563830099e-05,0.000161127241234805,0.000307234192442831,0.000199589455727755,0.000187721001418429,0.000215344901874979,0.000195760115610172,5.83359529832313e-05,7.5371700018763e-05,9.46250958890817e-05,3.44980552941773e-05,3.74424535430508e-05,2.89849622305061e-05,2.60417211096778e-05,2.36490891485559e-05,4.62231997971592e-05,9.43052783747427e-06,2.81044885844689e-05,8.86047683090264e-06,4.08155611706052e-05,2.24209323614824e-05,1.82244275446497e-05,1.52491595029665e-05,1.55635019467209e-05,1.09354969032199e-05,4.64838574269865e-05,1.66616984116178e-05,5.44956275134188e-06,1.97854814027308e-05,1.41296453962833e-05,9.41814972441089e-06,9.00117532022787e-06,1.08590757725642e-05,1.88158222886295e-05,2.67529378968272e-05,2.99466424607052e-05,2.30516341245769e-05,3.9255386525229e-05,2.67072341325143e-05,9.47893451910771e-06,1.75373959456716e-05,1.01749697165552e-05,3.06968479881312e-05,5.26325380247035e-06,4.52939459950274e-05,3.33430100781569e-05,2.88563959702705e-05,0.000102493619945344,1.49733686817739e-05,3.0617859332233e-05,6.37389706759274e-05,3.20771765486821e-05,3.14365522307944e-05,2.92198855124588e-05,6.73950026557155e-05,1.27859023241798e-05,8.63009317854119e-06,3.06513973065204e-05,4.78793771093801e-05,2.71392412206495e-05,3.44808982012033e-05,1.40064199063189e-05,3.18060407137581e-05,4.06530418060185e-05,0.000262634526038302
0.00012823592123123,0.00037141089569224,2.51777597083299e-05,7.12928802993973e-05,3.31111950616673e-05,0.000130287537333792,1.4829439294589e-05,1.73928606185545e-05,3.69356293435388e-05,3.69280447941044e-05,1.81940583995683e-05,6.02743204653425e-05,5.10631435880906e-05,0.000300190325681634,0.000523371276381274,0.00145023224997217,0.00329300015323203,0.00260054444530355,0.00258151573554276,0.000925376425838125,0.00106705554331608,0.0024611392057451,0.00108757936365841,0.00183084918910932,0.00502204224397187,0.00251858201600024,0.00669036071111159,0.00803015284366609,0.00321261486853711,0.00372688700877514,0.000498735035182115,0.00107209302229329,0.000424364567340351,0.000958828341706651,0.000181409732677414,0.000190024766181699,0.000646495151026096,0.000122540530411223,0.000117669751231329,0.000149009134745694,7.08789832605532e-05,8.06725480339676e-05,7.28456108091135e-05,9.29555470251109e-05,2.46029927325652e-05,7.93709875345911e-05,4.62896081721869e-05,0.00010649098769522,0.000147242539195631,3.56366670341057e-05,3.93475981133929e-05,0.000117383108111409,5.84945542295876e-05,5.89531590772981e-05,0.000160470410074325,5.27113420388924e-05,5.82960687123723e-05,2.60360336353089e-05,4.67033706004885e-05,1.61551571867226e-05,4.94643517904553e-05,9.84078582030203e-06,7.56462283750838e-05,0.000121139798553142,5.82542802684959e-05,9.36581195682061e-05,0.000673779806517314,0.000380669607290432,0.000130815690626797,0.000141386932450866,0.000223843212533927,0.000389809017461495,0.000554545184318424,0.000431749249854887,0.000265805903396531,5.2781376290921e-05,0.000131960683116228,7.03354939494599e-05,5.15360043678323e-05,2.3230855351064e-05,4.71456546624009e-05,3.4491580265788e-05,9.61539997167822e-05,4.00765454376166e-05,6.03172814488227e-05,7.38303392482306e-06,8.41180968116045e-05,4.32295746174473e-05,0.000366380096595378,0.000484606023627753,0.000725401210095764,0.000254551385677154,0.000148749578499687,0.000356053446339762,0.000248570921888896,0.000149870785853749,4.10915778511477e-05,0.000210682446095876,8.82575013752708e-05,0.000144688424242476,0.000248982765938184,0.000122560091273429,8.12089024698104e-05,6.18945431228341e-05,6.44050061597925e-05,0.000115909185819167,6.89919987120877e-05,1.60293272484959e-05,4.90704461851447e-05,2.40269097328973e-05,2.76180879988448e-05,7.95446928358424e-05,2.11635183029339e-05,4.55413888454218e-05,3.02996155085782e-05,4.55457378578754e-05,5.97348735978651e-05,0.000123812068131005,0.000114987827710923,1.25872983017078e-05,2.79322560182419e-05,4.19307343338547e-05,6.49384583154605e-05,5.87878432807733e-05,0.000101154674422804,6.75539923149273e-05,4.21082475137914e-06,2.17157486784304e-05,3.03932786157887e-05,2.05747305915343e-05,0.000106229094322725,3.50534669163912e-05,4.55317844026883e-05,7.46990154766388e-05,0.000122821660766614,1.45619010780608e-05,0.000117169372241988,2.85749507032678e-05,5.17083411981452e-05,0.000134647319474154,2.67756285476638e-05,0.000193854964110248,2.70053309518072e-05,3.18415225547602e-05,5.84906774992042e-05,3.36596712672596e-05,5.32598237813564e-05,3.34458611961777e-05,9.14250548386718e-05,0.000115322262626027,3.8060676656791e-05,0.000143159174847744,0.000234891875099134,8.88768185784106e-05,0.000166907586672343,7.56905700560389e-05,5.29786867223099e-05,0.000159058450357904
3.39134375593622e-05,7.51907319035253e-05,2.16521133106518e-05,3.74179471072312e-05,1.12463323894755e-05,2.66514378499203e-05,5.44619222510771e-06,1.72890260917717e-05,7.06468582234551e-05,9.51848968442598e-06,3.65023802927438e-05,3.06938927978965e-05,9.67989374723199e-06,5.73428353627708e-05,0.000115335471888345,0.000286097984120603,0.000275780543822686,0.000428381479926224,0.00012895449467528,0.000345681585660416,0.000143119131596033,0.000429285475539537,0.000241532219621205,3.03027181638464e-05,0.000559560128898798,7.77916256190259e-05,0.000785937712549219,0.00166537918071973,0.000588866555116185,0.00169208632212516,0.000510862994854757,0.000848768180543887,0.000176862968331859,0.000915772930807381,0.0003276933336975,0.000507541913249979,0.000184099548799284,0.000283631477211484,4.90880992123265e-05,5.76024881916891e-05,3.51493648449557e-05,6.22621068475737e-05,2.18132382197501e-05,4.25623887212942e-05,2.44733311876145e-05,2.12395487898913e-05,3.17334554235604e-05,3.16862508737042e-05,3.76260413822658e-05,7.02157202984644e-05,9.28945053251336e-05,6.26317005135749e-05,5.43795151309828e-05,7.52774515988868e-05,1.40044178142865e-05,4.41758123708259e-05,4.11328344003892e-05,1.10083316388642e-05,6.1762055010621e-05,0.000103911502719813,8.87063993508019e-05,6.04796917437209e-05,3.16864625371086e-05,7.88167603905913e-05,0.000413886081143236,0.000607633792194635,0.000310226088701168,0.000482732609170236,0.000759445985573202,0.000508454494475992,0.000656668632638472,0.000590323389985796,0.000680724937537085,0.000223675083807796,0.000160345147744125,0.000215425182496554,0.000178883714474204,0.00021361165408617,0.000118627182811376,8.21561095966885e-05,5.64360253684742e-05,0.000177002534068168,3.97147170949867e-05,4.46969306260698e-05,1.20759312560747e-05,3.13518290884555e-05,1.41793604161949e-05,9.25269921629589e-05,0.000167668512559405,0.000253291573221938,0.000407607200641202,0.000225072413215165,0.000357409904803729,3.90805965620269e-05,0.000247821554618783,0.000167232678113009,9.12015695755104e-05,0.000303537214539023,0.000601079816473063,0.000110623386992415,6.71205357341596e-05,0.000138269487871017,5.21198652948308e-05,3.62131333591285e-05,3.89743641760218e-05,6.3477213338743e-05,4.17020135609056e-05,5.38987087230824e-05,3.49969130965128e-05,7.69684176111196e-05,1.84298417241727e-05,2.22355052733349e-05,8.20693650094556e-06,1.44301000245487e-05,2.48552007325877e-05,1.3076450038167e-05,1.61565980426838e-05,2.91951821808433e-05,2.53884873599387e-05,1.52448938324665e-05,3.72432332080449e-05,1.13768105960168e-05,1.10569121392294e-05,1.75111716536753e-05,4.5595798170636e-05,8.35967194287505e-06,1.04309707846178e-05,4.41937250975424e-05,1.93617151838624e-05,4.11079304638993e-05,7.86964476965746e-05,0.000111210816689125,3.36768722333007e-05,4.21376320083891e-05,4.50918844288714e-05,3.24796955830472e-05,5.26542670404792e-05,3.35377913646646e-05,5.51373427989427e-05,7.16770641309346e-05,3.27303205477626e-05,5.24243696266833e-05,1.41381446378847e-05,4.01994115821888e-05,3.56880014373087e-05,2.18786776134176e-05,2.85969862517139e-05,1.60962403406959e-05,1.20284869890833e-05,5.32204454943701e-05,4.59262957481476e-05,6.28969708041972e-05,0.000346133381606642,0.000310439900676901,7.29078342261895e-05,8.92879705274653e-05,0.000130048159913801,0.000188476304977781
4.76124163768751e-05,2.13648735085655e-05,3.7780863153423e-05,3.31808103535472e-05,2.25358648265852e-05,1.66124193138172e-05,1.07939567335762e-05,1.65851031512316e-05,8.10387000508396e-06,1.46403713461372e-05,8.93834869690456e-06,1.84707296256605e-05,4.18406332632731e-05,0.000106404884063501,8.24712807963112e-05,0.00036064929700424,0.000657362746278718,0.000501510168069119,0.000152962058476044,0.000863483233617507,0.000244994294341297,0.00055107611409207,0.000161375704378632,0.000358591787580534,0.000482509356903469,0.000304457782124541,0.000530372536789951,0.00122368024515231,0.000390309917395978,0.00147828466776363,0.00103611650324603,0.000252785643305132,0.000450193876893576,0.000309335540060724,0.000136800005672112,0.000193264578720008,0.000414731551250546,0.000172440545278554,0.000203203417656924,9.93336831607078e-05,2.60132633135505e-05,6.03554562695658e-05,5.74201545802327e-05,8.10784709530874e-05,2.35167887159729e-05,1.83963274158663e-05,1.61437985334199e-05,1.31223459360441e-05,2.04679826036566e-05,7.0156649535128e-06,3.97938794719385e-05,5.53954946307717e-05,9.81822964569668e-05,6.29805140420857e-05,0.000102197312308828,6.47450445010186e-05,0.000105438192537233,2.70081291012646e-05,0.000127927022512753,7.75461607742087e-05,5.12501981881412e-05,7.27476052904592e-05,3.0614061313159e-05,0.000165763445824456,0.000463618152032442,0.000673309950275836,0.000827234266476601,0.00134069596804562,0.000750347900551889,0.00105213950564774,0.000914963433783842,0.000598388115310985,0.000522421348266399,0.000290944887823553,0.000167168727506973,0.000356610466249557,0.000635472525652103,0.000299229163085578,0.000158313319791165,7.12995818971971e-05,0.000194282385952649,7.37408284409085e-05,0.000137742349577531,7.09551685918672e-05,3.13707430087403e-05,6.72122403938446e-05,3.32496426295732e-05,6.12919821047667e-05,7.62652715435303e-05,0.000823953864952903,0.00040429791703377,0.000116103452264114,0.000129788903609822,0.000148148225113157,0.000344022019794395,0.000206873329778067,0.000282895316521925,0.000297414742720212,0.000330059591563721,0.000269155507752754,0.000114978258651114,5.23375708699691e-05,9.33773422157684e-05,3.33417112766517e-05,2.57556411795191e-05,6.13273385312991e-05,1.64784568024216e-05,3.7459641200702e-05,2.84809252036672e-05,0.000125383977772726,1.05113792348587e-05,3.47867022324652e-05,1.72939613766436e-05,2.64425823720967e-05,2.44820142429287e-05,2.24144059632044e-05,9.35450494837257e-06,3.35536994455721e-05,3.41665563644427e-05,1.32497515011111e-05,2.82729136685794e-05,2.15653618834374e-05,1.92528966951747e-05,2.75922463816528e-05,2.96472967914678e-05,1.2133766479718e-05,3.11121857555637e-05,9.23518393628486e-05,6.43065764238821e-05,3.75752736046018e-05,3.66965119780922e-05,0.00019937478423562,6.62538149557735e-05,0.000131536198338896,0.000123380867600433,2.69252900774499e-05,8.24404146394949e-05,4.36140218560964e-05,2.08516310092291e-05,6.33924354821436e-05,8.79644176668939e-05,5.26467848938631e-05,2.07541942360112e-05,6.50323627422161e-05,3.28400781642955e-05,2.05006271349326e-05,1.3711152465105e-05,1.63266249036156e-05,4.37664380405653e-05,7.64577638639345e-05,0.00015354138782068,0.000358639630590491,0.000507477971925263,0.000535746318215518,0.000141008816982972,0.000114006887258822,8.01662545909252e-05,6.30804835858776e-05
3.39016884903155e-05,1.89585555839186e-05,2.4065079586116e-05,1.83579363916798e-05,4.58069945285173e-05,4.94242856413135e-05,2.32313171910893e-06,1.14092313287993e-05,1.54735812095376e-05,2.38562338184038e-05,9.07947715859424e-06,4.46478756250485e-05,2.71680828400532e-05,0.000187097960494195,0.000267569906287138,0.000348539437628151,0.00027859194563577,0.000384594214741858,0.000726052924622187,0.000495508421082679,0.000212430994880061,0.000745115948229531,8.74551225754179e-05,0.000732162373072188,9.95786893177081e-05,0.000673987245774438,0.000853087512754774,0.000734010984571524,0.00068486385456271,0.000420888826952512,0.000877589624859106,0.000169232078694099,0.000287610651324105,0.00020866473459923,0.000209913609787027,0.000198033433576264,0.000161967818678448,3.5158560331011e-05,2.82106904822829e-05,0.000177112105881761,8.67171192463928e-05,2.32526220661635e-05,9.06466127870475e-06,1.14389848449774e-05,3.91643571791463e-05,1.49322881630758e-05,1.9206738978112e-05,1.10806203389237e-05,3.45964194237736e-05,3.84090899510526e-05,4.28624343844012e-05,2.43117573603331e-05,3.71965871403464e-05,2.15324270125689e-05,3.34536169274086e-05,2.13880155062963e-05,1.82513496045899e-05,2.25366420355426e-05,3.93083631750759e-05,9.83120035832288e-05,0.000166296712444457,8.99055145162315e-05,7.7980380429692e-05,0.000200820133700593,0.000446642358869955,3.39899230395506e-05,0.000209689086470515,0.000318868199704011,0.000185045466209323,0.00059179665740953,0.000259221872277617,0.00045015624528953,0.00015655367155345,0.000301373745744521,0.000300084070687893,0.000185474547771183,0.000868854674172672,0.00022266470350643,0.000152400388341226,8.76629920274974e-05,0.000128476008254825,0.000117472179435584,7.5336798095614e-05,4.54254348828884e-05,1.85436763860684e-05,4.13988072952795e-05,8.29954958171849e-06,2.81746704012356e-05,0.000128914463144669,9.02757279236025e-05,0.00015123963720022,0.000168221444719954,0.000221882559403379,0.000336358382050914,0.000327400671028111,0.000154732642425954,0.000300666705508798,0.000174166066418326,6.35439772996033e-05,0.000212697417350305,0.000126639247697475,4.00407468545447e-05,8.27715293833233e-05,5.2496601929324e-05,2.6528197608859e-05,1.35249055277216e-05,2.88752538736881e-05,1.0224834171529e-05,1.6793805559789e-05,3.60199514855588e-05,2.64078212406123e-05,1.93288170918756e-05,3.05107655786604e-05,1.19156791889099e-05,1.10474120505983e-05,1.65023965286085e-05,1.81574179843404e-05,3.6075070562834e-05,1.77230395918906e-05,1.40191873257884e-05,1.59646930619859e-05,9.50122624535324e-06,2.81150777022767e-05,1.3026807529153e-05,5.16424248299766e-05,2.59700905790111e-05,3.98427557613747e-05,0.000239328871966948,0.000513322062805731,0.000662090006710979,0.000378460061598218,0.000193606617119986,0.000481289966623676,0.000139386608728357,0.000244727502988499,9.97633691061809e-05,0.000422566659860661,0.000161937985580944,7.65628879268515e-05,8.22565101501472e-05,0.000241178260898835,7.99152822661071e-05,0.000104741031283724,3.83626599475396e-05,3.96562913872062e-05,3.67256408123888e-05,4.21031984961038e-05,1.37518925307377e-05,4.50259600291964e-05,2.94239203678188e-05,0.00013931592364922,0.000215791002113046,0.000161191061199079,0.00030738219172176,0.000120712105659268,6.57037586208838e-05,7.87108305029996e-05,0.000144145435371466
2.07253430050979e-05,2.0731839873879e-05,1.85868132569298e-05,2.43222700268095e-05,4.53506374476808e-05,2.37355073203799e-05,5.60255347090444e-06,2.4165549455301e-05,8.28853341414131e-06,1.78262064502646e-05,2.33831156423034e-05,2.22383907595409e-05,4.08748397722938e-05,7.1257891957107e-05,0.000189506592385257,0.000170353131891983,0.000342480592738712,0.000239850012603776,0.000502834478449526,0.000186986854132199,8.15833998085133e-05,0.000466848889397439,0.000183282159727548,0.000168244901675632,0.000117003109788211,0.000413565328805526,0.000949736590965665,0.000142644660214428,0.000450065657824842,0.000212602611882637,0.000740660602368513,0.000537898673230149,0.00014187501491095,0.000158776039190509,6.67028201605153e-05,3.74725929059595e-05,0.0001040315168687,5.74545850986488e-05,3.15609828967213e-05,8.13595302039198e-05,4.80279552414937e-05,2.8149072526083e-05,3.26784839117478e-05,8.60385083659418e-06,6.18909606259217e-05,1.33014531200448e-05,2.21077502328553e-05,6.87979633944187e-06,6.00931965060124e-06,2.41207361161537e-05,5.9480661113702e-06,8.70137003874341e-05,5.87499246875876e-05,5.56996678668277e-05,1.49778754900824e-05,5.88875104500638e-05,6.82489286744973e-05,0.000126207312955733,6.17030966638843e-05,9.68473931979707e-05,0.000121375053495506,0.000180857138834649,8.35335958075662e-05,0.000710033086400693,0.000601917125234987,0.000162554497187682,0.000444023242115308,0.000308358213652187,0.000491194199395846,0.000713219336835033,9.65798836784665e-05,0.000244920599037571,0.000453235820902879,0.000889821410340866,0.000580962887235592,0.000378482610390889,0.000147475894366026,0.000257777655556483,0.000169476920093604,9.14987439680531e-05,0.000121037829667382,9.56065725927646e-05,0.000107925608351143,3.14624415076584e-05,1.8954372156059e-05,4.37774990004421e-05,1.44951066554879e-05,4.39204960937673e-05,1.01333789619715e-05,0.00016201911562896,4.43030037159326e-05,4.22474777245485e-05,9.37383796048972e-05,0.000249216753592089,2.66024793277178e-05,4.28741782266017e-05,2.91006172507739e-05,0.000109284284716841,9.58530188089115e-05,0.000109060693333946,6.52624706065734e-05,2.58790498621695e-05,6.41087508572821e-05,2.16746073564297e-05,2.53606332555853e-05,8.33906684245783e-06,1.34740280827775e-05,2.80223476240002e-05,2.68239557874557e-05,1.7817722528113e-05,4.78111183828942e-06,1.60265953211399e-05,5.23356520081259e-06,3.04271131920151e-05,1.3957049879347e-05,2.3501562720367e-05,3.3808743534003e-05,1.65464135079397e-05,3.95698282297189e-05,5.02946737613934e-05,1.59728128742384e-05,1.80434715923864e-05,4.12866296195431e-06,6.06151644932094e-05,2.78566686175737e-05,2.14118242407347e-05,4.84354215227789e-05,0.000496442216076798,0.000190664776276871,0.000858203471013241,0.000136623046294498,0.000813142660749067,0.000483024747040822,0.000724341383850955,0.000560670398781128,0.000324086540830755,0.000223082783767349,9.15438585202124e-05,0.000111747979552888,6.85490859583228e-05,0.000175040972801191,0.000184999372302766,0.000199643137290727,3.23996650701508e-05,3.5369115670338e-05,3.83105613777611e-05,6.91342594179072e-05,0.000106403666924314,2.85299735358175e-05,7.4819593174968e-05,3.63209098985712e-05,5.73671244481148e-05,6.61536590813131e-05,0.000220890897600612,0.000120729431216467,5.31472726298291e-05,4.53195249134337e-05,7.86630628001063e-05
3.63613869180445e-05,5.58864308984256e-05,3.4913277307865e-05,9.39824713153631e-05,3.18739799996865e-05,1.17816541446558e-05,1.10440431625699e-05,1.79881427615492e-05,1.646008732467e-05,3.62751882949635e-05,2.34287652834496e-05,3.05918008441767e-05,1.70714117216683e-05,5.97359502745053e-05,0.000228653192639473,0.000106694576896149,0.000335462156196565,0.000528748605280287,8.76277919409355e-05,0.000641349015138873,0.000306013886900482,0.000174518359798115,0.000169073273986532,6.88402318461073e-05,0.000201290465368084,0.000126285186485798,0.000276120773655831,0.000193772298247103,0.000115909640592134,0.000605084987722181,0.000275264472233471,6.9569335124321e-05,0.000301084432834933,0.000114684760996694,5.67907196185127e-05,1.96222229564687e-05,0.000103210039917207,7.79471631543756e-05,4.59494523515958e-05,0.000187846830038288,2.72440642952084e-05,3.68905683753016e-05,2.36109935678452e-05,3.36241940623209e-05,1.47706080487819e-05,5.54317522702917e-06,1.62722059284968e-05,3.13957011882929e-05,1.79592591420681e-05,3.48316211164089e-05,3.86883247554045e-05,7.58063803731574e-05,4.98943118615812e-05,2.65979951721579e-05,4.3575324118973e-05,3.45190832771718e-05,5.1140482438549e-05,3.09805378411707e-05,7.66293372841541e-05,6.89994741472201e-05,5.4445782602109e-05,0.000119463513855772,9.23120030560837e-05,0.000353776971180223,0.000205309091228435,0.000469944763332506,9.35543392000213e-05,0.000567140931329595,0.000558235293362692,0.000340432719417992,0.00085301418363148,8.18249684559762e-05,0.000425272188367358,0.000307965232817789,9.23119685579418e-05,4.26084099596099e-05,0.000165293572420734,6.56376857654995e-05,9.93810571498774e-05,8.63633308609112e-05,6.81521001986387e-05,2.07202860671141e-05,9.85083618402193e-05,4.88700602644239e-05,1.20279334148739e-05,3.00026479096747e-05,1.55925493988171e-05,2.83511842148528e-05,1.54789576981156e-05,8.10481169111236e-05,3.08303517585893e-05,2.4366111494214e-05,8.14768516960155e-05,0.000107299863387285,6.97144532772833e-05,0.000140490055887336,0.000129152359786504,0.000172146006433175,0.000121384736148524,0.000135594950604058,0.000131064436188914,7.22487545506022e-05,0.000111623575613363,5.09334579834892e-05,3.32303741008066e-05,2.33725129422451e-05,2.33481685488054e-05,2.81188683300272e-05,6.24854956919951e-06,4.99520993404915e-05,1.46395403732528e-05,1.45711191855553e-05,1.13597154284726e-05,1.81378195737921e-05,1.7563549685079e-05,2.30073152040684e-05,9.20830079316506e-06,3.14058516036225e-05,1.30429230633031e-05,2.4672026907388e-05,1.89912915815469e-05,1.19695156776431e-05,1.7949130302518e-05,2.58759264727087e-05,1.48716196446627e-05,2.74380047321497e-05,7.89421349831004e-05,0.000416396399683529,0.000497827257835726,0.000660371706926125,0.000506534462447271,0.000922913149815387,0.000227487323106327,0.000476673235130245,0.000435616487996703,0.000231567342498391,0.000692230440122313,0.000264513210227093,8.93418590300688e-05,0.000119356694214646,0.000212694046398989,0.00018359438354578,0.000115689948189882,6.65240579051224e-05,0.000125816612427181,2.93382319227815e-05,0.000155000558899347,7.78987838608347e-05,7.6232682283667e-05,4.05509065288861e-05,7.02894916487093e-05,0.000133033385090029,7.58595295046346e-05,7.09659824524252e-05,0.000119849374003939,0.000107858816777916,4.58670465580962e-05,7.28008115402699e-05
3.48659365286976e-05,3.48608995833703e-05,1.51987797569695e-05,7.74046277457367e-05,6.75040926897158e-05,1.55380235851004e-05,1.27521484392595e-05,1.18164993534847e-05,1.23298865000241e-05,3.68061171867052e-05,8.78499716514323e-06,1.92845002902416e-05,2.02873290062048e-05,7.28157827608763e-05,0.00023828274396024,7.36429139828984e-05,0.000143481336006661,8.61695966093772e-05,0.000133133640876162,0.000354355641712766,7.66744591077095e-05,0.00013657484559459,0.000128324262195022,9.24379566598847e-05,0.000103973967428912,0.000250492258703909,0.000244677639676159,0.000270027708915203,0.000452436861878817,0.000401765717760518,0.000150040139455647,0.000174183586854232,5.83613830259275e-05,0.000182755226188985,8.81035557382224e-05,6.03613525285581e-05,4.03257160364683e-05,3.0729975096018e-05,5.61242855768275e-05,3.26281380493432e-05,2.57108468866883e-05,4.83802915191327e-05,1.20858708911256e-05,9.13293742908045e-06,2.75180094752204e-05,2.31453184477923e-05,1.83069252255474e-05,1.50856137118521e-05,1.6771541693188e-05,3.81994462754592e-05,6.24144806992455e-05,6.81957664975139e-05,3.07395862559628e-05,1.63911106970889e-05,1.92680441405169e-05,2.55141563279746e-05,6.03189757934316e-05,5.26382040391038e-05,0.000132344323464369,0.000202865644862751,0.000186476035231293,0.000141078459475745,8.08856094596762e-05,0.000415838456566834,0.000200987481340115,0.000127687137293194,0.000396542073857689,0.000233558691536499,0.000211914443822998,0.000210994240983951,0.00012608770664898,0.000192276224306417,0.000327350063311782,0.000499518890871062,0.000184452690488374,0.000366162448148693,0.000252873995797782,6.87614071076766e-05,0.000283851764395228,3.88998427364603e-05,2.72319883857634e-05,6.94747862358515e-05,4.59406566498848e-05,3.42803365193449e-05,3.49588290058369e-05,3.37619132668955e-05,4.4126858049698e-06,1.79009552587778e-05,2.41136449235283e-05,2.79278508260121e-05,1.49059309147006e-05,3.25594054391364e-05,1.60667255534843e-05,3.15068107823572e-05,5.8861314049591e-05,4.58020435377465e-05,4.86448912830524e-05,3.25552226903067e-05,8.73369333497348e-05,2.94454366918017e-05,1.75395385857634e-05,5.80423914106799e-05,4.87421272942809e-05,3.42993080270671e-05,2.19719376709313e-05,2.15529197273787e-05,2.66988155718574e-05,4.43333045408136e-05,2.94094935435371e-05,2.92982452721558e-05,1.30020344079418e-05,1.18936746110718e-05,2.43702708084721e-05,1.49035752360963e-05,2.83313161541546e-05,2.14030236463903e-05,9.156205258276e-06,3.94187568785041e-05,2.62717556194958e-05,3.98482324878131e-05,1.47807171712319e-05,6.48822803980976e-06,3.85433468838302e-05,4.48904958551301e-05,4.78142396948226e-05,8.6705593635047e-05,0.000241831769608614,0.00073064880758476,0.00117276963765004,0.00262983703409619,0.000186766296747731,0.000854043851207087,0.000980645680684004,0.000789970611315591,0.000373259952206286,0.000893459898344532,0.000219633665889028,0.000149985758244132,0.000135482152295671,0.00012291314346889,6.41645514859804e-05,0.000175019963790334,6.65190277657055e-05,7.4849327889559e-05,1.17259213989281e-05,1.19646194692942e-05,6.91470524043189e-05,3.86525849691543e-05,3.90752411903312e-05,0.000100561519139939,1.75849065799639e-05,7.19666483632238e-05,0.000111468626123161,4.98321683062629e-05,0.000139768812499576,8.96865571353968e-05,0.000219665062460055,3.27969680731064e-05
5.73735733693257e-05,0.000118339016093677,0.000213765467719558,0.000109327597609333,9.17480047662705e-05,3.15498159748025e-05,0.000121970476613403,5.25747367455412e-05,3.22883761959248e-05,7.55709602879193e-05,9.55348570396982e-05,3.85157072723979e-05,9.21875681188313e-05,0.00012217647181872,7.94964142021234e-05,7.39192473797431e-05,8.1881469186526e-05,2.50241785028443e-05,1.26113315040382e-05,8.43548491685626e-05,4.75895728380467e-05,8.89254253736432e-05,0.000120768135393219,1.91122611061583e-05,0.000109687545353218,0.000174017615707365,0.000120943478390235,0.000103105612442564,4.94430685126909e-05,9.62011257025617e-05,9.63837502358735e-05,0.00017739282276081,0.000321100291009023,0.000493465318657673,0.000280795076324418,0.000195158175249955,0.000331362680177106,0.000185217140264711,0.000257410582332156,0.000171601142685234,9.4688583544489e-05,0.000162590696847526,8.56992360305546e-05,0.000215887939662522,8.00762424420123e-05,2.27319873120052e-05,8.82220526231195e-05,1.84243757753628e-05,8.33351839589311e-05,0.000119128355902414,4.47703433675695e-05,3.62699965310719e-05,7.77762684965979e-05,5.50798178598225e-05,8.69155594788118e-05,0.000189472690541083,0.000115547983139202,0.000494833631115165,0.000821509091647622,0.00119603498858719,0.000662081597992707,0.000705071617285637,0.000495240651343437,0.000165311262732081,0.00032407430507516,0.00253043707121186,0.000168171189693452,0.000255486138713785,0.000301291050830404,0.000364368214669699,0.000363060158326193,0.000206805579261476,0.000272090033993095,9.88655736093286e-05,0.000178475061187054,3.85513027383407e-05,7.18248442455899e-05,1.18555445861626e-05,9.17688492010204e-05,0.000130195981671783,8.99987622749716e-05,7.95552510908374e-05,5.34320601926232e-05,5.01142153045636e-05,3.17388380733144e-05,0.000300192387957333,8.38709133478421e-05,7.70126022138639e-05,0.000137683893195432,5.11928432304679e-05,0.000128500809071554,9.05200537457981e-05,9.15361630111378e-05,0.000193090861703743,0.000117934468844643,3.05654616181786e-05,5.84392211704463e-05,0.000135043390494413,6.89689630215364e-05,0.000169494689444083,0.000133228811793279,4.3478364007511e-05,5.75945831097661e-05,7.27936444388796e-05,9.04152911601072e-05,3.83217983398556e-05,0.000107041824986963,6.77277977870273e-05,0.000114027724659649,0.000134093790504895,0.000134197612855273,6.83453872489908e-05,0.000101364468697309,0.000113932881816632,4.69614444284496e-05,9.37294783257095e-05,0.000107478055240998,2.65073337038331e-05,6.4077129039135e-05,0.000228350556619223,2.91623766249735e-05,6.16888285370225e-05,0.00019851971355112,7.78675376340674e-05,0.00016816814233177,0.000137149537639905,0.000886611209151179,0.00170608281808958,0.00653278402242904,0.0150448386748414,0.014828567145553,0.00868874583628082,0.00516921139766453,0.0031169475882724,0.00323750642820041,0.00230386320989747,0.00103731053421795,0.00218371109959271,0.00173898935053596,0.00129686694476868,0.000499167270850261,0.00106631936716531,0.000133441269070258,0.000369610738674521,0.000298648333048989,0.000118569101756834,0.000119435190210707,8.05534297540736e-05,0.000123575213913541,0.000125504864131638,6.66791206532427e-05,0.000111133997277719,8.08240490809913e-05,9.63779693365445e-05,0.000135658438538012,5.1221612285348e-05,9.00537687611912e-05,0.000138388062636248
