Training performance
Precision:	[0.2       0.4982986]
Recall:	[4.23728814e-04 9.98295697e-01]
F1:	[0.00084567 0.66477515]

Test performance
Precision:	[0.         0.48969072]
Recall:	[0. 1.]
F1:	[0.         0.65743945]

